RE-1_R2_CH01_A 99.5296 99.5466 99.5604 99.5716 99.5806 9.44027 9.54027
RE-1_R2_CH01_B 99.7147 99.7244 99.7321 99.7381 99.7428 9.42596 9.52596
RE-1_R2_CH01_C 98.9169 98.936 98.9516 98.9644 98.9748 9.50342 9.60342
RE-1_R2_CH02_A 98.4818 98.5036 98.5215 98.5362 98.5483 9.48311 9.58311
RE-1_R2_CH02_B 98.7252 98.7513 98.7731 98.7911 98.8061 9.47334 9.57334
RE-1_R2_CH02_C 98.2902 98.3128 98.3315 98.3468 98.3595 9.49174 9.59174
RE-1_R2_CH03_A 99.2056 99.2279 99.2463 99.2614 99.2737 9.43894 9.53894
RE-1_R2_CH03_B 99.4054 99.4244 99.4399 99.4526 99.463 9.51574 9.61574
RE-1_R2_CH03_C 97.5591 97.5768 97.5913 97.603 97.6126 9.5621 9.6621
RE-1_R2_CH04_A 98.5544 98.5816 98.6044 98.6235 98.6395 9.51776 9.61776
RE-1_R2_CH04_B 99.7707 99.7974 99.8196 99.8381 99.8535 9.55231 9.65231
RE-1_R2_CH04_C 98.0065 98.0315 98.0522 98.0694 98.0837 9.55183 9.65183
RE-1_R2_CH05_A 98.6161 98.6286 98.6385 98.6464 98.6526 9.28554 9.38554
RE-1_R2_CH05_B 98.6873 98.6995 98.7092 98.7169 98.723 9.30597 9.40597
RE-1_R2_CH05_C 98.3054 98.3202 98.3322 98.3418 98.3495 9.31258 9.41258
RE-1_R2_CH06_A 98.2319 98.2572 98.2783 98.2958 98.3104 9.43975 9.53975
RE-1_R2_CH06_B 99.5688 99.5903 99.608 99.6226 99.6346 9.43763 9.53763
RE-1_R2_CH06_C 98.5857 98.6197 98.6485 98.673 98.6938 9.44666 9.54666
RE-1_R2_CH07_A 99.4667 99.4903 99.5099 99.5262 99.5396 9.37317 9.47317
RE-1_R2_CH07_B 98.7322 98.752 98.7682 98.7814 98.7922 9.36932 9.46932
RE-1_R2_CH07_C 98.7868 98.8109 98.831 98.8477 98.8616 9.44321 9.54321
RE-1_R2_CH08_A 99.1264 99.1515 99.1724 99.1898 99.2044 9.35942 9.45942
RE-1_R2_CH08_B 99.2516 99.2778 99.2995 99.3177 99.3329 9.31442 9.41442
RE-1_R2_CH08_C 99.1822 99.2018 99.2179 99.231 99.2418 9.28909 9.38909
RE-1_R2_CH09_A 99.3789 99.3974 99.4124 99.4246 99.4345 9.32167 9.42167
RE-1_R2_CH09_B 99.3573 99.3653 99.3715 99.3763 99.38 9.28418 9.38418
RE-1_R2_CH09_C 99.1193 99.1379 99.1532 99.1657 99.1759 9.38587 9.48587
RE-1_R2_CH10_A 99.5532 99.565 99.5742 99.5815 99.5872 9.32682 9.42682
RE-1_R2_CH10_B 99.5083 99.5172 99.5242 99.5295 99.5337 9.31723 9.41723
RE-1_R2_CH10_C 99.4156 99.4354 99.4516 99.4649 99.4757 9.46546 9.56546
RE-1_R2_CH11_A 99.0777 99.104 99.1259 99.1442 99.1593 9.38538 9.48538
RE-1_R2_CH11_B 99.315 99.3282 99.3388 99.3473 99.354 9.33654 9.43654
RE-1_R2_CH11_C 98.8112 98.8273 98.8402 98.8505 98.8588 9.36317 9.46317
RE-1_R2_CH12_A 99.7274 99.7397 99.7494 99.7571 99.7632 9.28135 9.38135
RE-1_R2_CH12_B 99.8155 99.8329 99.847 99.8584 99.8677 9.37742 9.47742
RE-1_R2_CH12_C 99.4864 99.5032 99.5167 99.5277 99.5365 9.33208 9.43208
RE-1_R2_CH13_A 99.5906 99.5991 99.6056 99.6107 99.6145 9.27961 9.37961
RE-1_R2_CH13_B 99.4521 99.4624 99.4704 99.4767 99.4816 9.2846 9.3846
RE-1_R2_CH13_C 99.4926 99.503 99.5111 99.5174 99.5224 9.30952 9.40952
RE-1_R2_CH14_A 99.7285 99.7602 99.7871 99.8097 99.8288 9.49632 9.59632
RE-1_R2_CH14_B 99.8179 99.8293 99.8384 99.8456 99.8512 9.36397 9.46397
RE-1_R2_CH14_C 99.3485 99.3644 99.3773 99.3877 99.3961 9.42303 9.52303
RE-1_R2_CH15_A 99.1201 99.1593 99.1929 99.2217 99.2464 9.47071 9.57071
RE-1_R2_CH15_B 99.6658 99.6859 99.7024 99.716 99.727 9.33896 9.43896
RE-1_R2_CH15_C 99.4881 99.514 99.5356 99.5536 99.5686 9.36527 9.46527
RE-1_R2_CH16_A 99.5879 99.601 99.6115 99.6198 99.6265 9.42834 9.52834
RE-1_R2_CH16_B 99.8915 99.9012 99.9087 99.9146 99.9192 9.40607 9.50607
RE-1_R2_CH16_C 99.4403 99.4559 99.4684 99.4785 99.4866 9.45349 9.55349
RE-1_R2_CH17_A 99.3954 99.4075 99.417 99.4246 99.4306 9.31609 9.41609
RE-1_R2_CH17_B 98.7209 98.729 98.7352 98.74 98.7437 9.29203 9.39203
RE-1_R2_CH17_C 99.181 99.1929 99.2024 99.21 99.2159 9.37687 9.47687
RE-1_R2_CH18_A 98.4655 98.4895 98.5094 98.5259 98.5396 9.48002 9.58002
RE-1_R2_CH18_B 99.2885 99.3093 99.3264 99.3404 99.352 9.45422 9.55422
RE-1_R2_CH18_C 98.603 98.6297 98.652 98.6707 98.6862 9.49079 9.59079
RE-1_R2_CH19_A 99.6724 99.6819 99.6892 99.695 99.6995 9.2611 9.3611
RE-1_R2_CH19_B 99.1557 99.1653 99.1727 99.1785 99.1831 9.28123 9.38123
RE-1_R2_CH19_C 99.3919 99.4052 99.4158 99.4243 99.4311 9.30219 9.40219
RE-1_R2_CH20_A 99.0666 99.095 99.1189 99.1389 99.1557 9.4431 9.5431
RE-1_R2_CH20_B 99.2766 99.3075 99.3336 99.3556 99.3742 9.49282 9.59282
RE-1_R2_CH20_C 99.4066 99.4479 99.4835 99.5141 99.5405 9.50165 9.60165
RE-1_R2_CH21_A 99.8306 99.841 99.8492 99.8555 99.8605 9.37116 9.47116
RE-1_R2_CH21_B 99.2425 99.2549 99.2648 99.2726 99.2787 9.42889 9.52889
RE-1_R2_CH21_C 99.3856 99.4018 99.4148 99.4252 99.4336 9.4589 9.5589
RE-1_R2_CH22_A 99.3486 99.3679 99.3837 99.3966 99.4071 9.50547 9.60547
RE-1_R2_CH22_B 99.4275 99.4462 99.4614 99.4739 99.484 9.46527 9.56527
RE-1_R2_CH22_C 99.3515 99.3632 99.3725 99.3799 99.3857 9.39979 9.49979
RE-1_R2_CH23_A 99.0816 99.0949 99.1055 99.1139 99.1206 9.48419 9.58419
RE-1_R2_CH23_B 99.2934 99.3023 99.3091 99.3144 99.3185 9.34597 9.44597
RE-1_R2_CH23_C 99.0846 99.1029 99.1178 99.1299 99.1398 9.41788 9.51788
RE-1_R2_CH24_A 98.5684 98.5943 98.6158 98.6337 98.6486 9.63479 9.73479
RE-1_R2_CH24_B 99.9032 99.9223 99.9379 99.9507 99.9612 9.59703 9.69703
RE-1_R2_CH24_C 98.7048 98.7213 98.7347 98.7455 98.7543 9.58069 9.68069
RE-1_R2_CH25_A 99.595 99.6065 99.6155 99.6227 99.6283 9.4089 9.5089
RE-1_R2_CH25_B 99.0957 99.1048 99.1118 99.1173 99.1215 9.31809 9.41809
RE-1_R2_CH25_C 99.1159 99.1371 99.1545 99.1689 99.1807 9.42394 9.52394
RE-1_R2_CH26_A 99.4903 99.4964 99.501 99.5045 99.5071 9.52926 9.62926
RE-1_R2_CH26_B 98.4477 98.4592 98.4683 98.4755 98.4811 9.55509 9.65509
RE-1_R2_CH26_C 99.2826 99.298 99.3104 99.3204 99.3284 9.58911 9.68911
RE-1_R2_CH27_A 99.9152 99.9349 99.951 99.9641 99.9748 9.42856 9.52856
RE-1_R2_CH27_B 99.5023 99.5167 99.5282 99.5374 99.5447 9.4073 9.5073
RE-1_R2_CH27_C 99.3759 99.3983 99.4168 99.4321 99.4448 9.43516 9.53516
RE-1_R2_CH28_A 99.5763 99.5864 99.5944 99.6006 99.6055 9.47823 9.57823
RE-1_R2_CH28_B 99.5531 99.5724 99.5882 99.601 99.6115 9.51703 9.61703
RE-1_R2_CH28_C 98.3931 98.4096 98.4229 98.4336 98.4423 9.46251 9.56251
RE-1_R2_CH29_A 99.915 99.9261 99.9348 99.9417 99.9471 9.38386 9.48386
RE-1_R2_CH29_B 99.939 99.95 99.9587 99.9656 99.971 9.42863 9.52863
RE-1_R2_CH29_C 99.4521 99.4683 99.4813 99.4917 99.5001 9.46705 9.56705
RE-1_R2_CH30_A 99.6734 99.684 99.6923 99.6988 99.7039 9.52591 9.62591
RE-1_R2_CH30_B 99.8269 99.8389 99.8484 99.8559 99.8618 9.44845 9.54845
RE-1_R2_CH30_C 99.6456 99.6607 99.6729 99.6827 99.6906 9.48754 9.58754
RE-1_R2_CH31_A 99.8144 99.8238 99.8311 99.8368 99.8412 9.40404 9.50404
RE-1_R2_CH31_B 99.7217 99.7347 99.745 99.7532 99.7598 9.44064 9.54064
RE-1_R2_CH31_C 99.0404 99.0545 99.0658 99.0748 99.0821 9.45572 9.55572
RE-1_R2_CH32_A 98.8177 98.8442 98.8663 98.8849 98.9004 9.48565 9.58565
RE-1_R2_CH32_B 98.3145 98.3338 98.3496 98.3625 98.373 9.43917 9.53917
RE-1_R2_CH32_C 98.9953 99.0118 99.0251 99.0359 99.0447 9.44069 9.54069
RE-1_R2_CH33_A 98.2968 98.3315 98.3609 98.386 98.4072 9.64125 9.74125
RE-1_R2_CH33_B 99.9721 99.9997 100.023 100.042 100.058 9.54569 9.64569
RE-1_R2_CH33_C 97.8459 97.8733 97.8962 97.9154 97.9314 9.5337 9.6337
RE-1_R2_CH34_A 98.7302 98.7429 98.753 98.7611 98.7674 9.46627 9.56627
RE-1_R2_CH34_B 99.9291 99.9426 99.9533 99.9619 99.9687 9.46922 9.56922
RE-1_R2_CH34_C 99.1798 99.1977 99.2122 99.2239 99.2335 9.55214 9.65214
RE-1_R2_CH35_A 99.1749 99.1979 99.2169 99.2326 99.2455 9.47538 9.57538
RE-1_R2_CH35_B 98.7947 98.8083 98.8192 98.8279 98.8349 9.39135 9.49135
RE-1_R2_CH35_C 98.6104 98.6287 98.6435 98.6556 98.6654 9.44217 9.54217
RE-1_R2_CH36_A 99.1858 99.208 99.2262 99.2413 99.2537 9.48167 9.58167
RE-1_R2_CH36_B 99.3311 99.3484 99.3624 99.3738 99.3829 9.50018 9.60018
RE-1_R2_CH36_C 98.2946 98.3133 98.3284 98.3408 98.3509 9.51007 9.61007
RE-1_R3_CH01_B 97.6162 97.6328 97.6462 97.657 97.6657 9.50956 9.60956
RE-1_R3_CH01_C 98.9057 98.9132 98.9189 98.9233 98.9267 9.3822 9.4822
RE-1_R3_CH02_B 101.054 101.091 101.122 101.149 101.171 9.83828 9.93828
RE-1_R3_CH02_C 96.1069 96.1249 96.1396 96.1517 96.1615 9.65373 9.75373
RE-1_R3_CH03_B 98.8602 98.8713 98.8801 98.887 98.8925 9.44684 9.54684
RE-1_R3_CH03_C 97.9361 97.9393 97.9417 97.9435 97.9448 9.37042 9.47042
RE-1_R3_CH04_B 98.5422 98.5527 98.5609 98.5673 98.5724 9.42697 9.52697
RE-1_R3_CH04_C 99.3894 99.4005 99.4094 99.4163 99.4218 9.42367 9.52367
RE-1_R3_CH05_B 98.1998 98.2144 98.2261 98.2355 98.243 9.4628 9.5628
RE-1_R3_CH05_C 99.2795 99.2917 99.3014 99.309 99.3151 9.44335 9.54335
RE-1_R3_CH06_B 98.8056 98.8171 98.8263 98.8334 98.8391 9.39198 9.49198
RE-1_R3_CH06_C 98.7616 98.7694 98.7754 98.78 98.7835 9.34774 9.44774
RE-1_R3_CH07_B 98.3231 98.3443 98.3618 98.3761 98.3878 9.42873 9.52873
RE-1_R3_CH07_C 99.3467 99.3581 99.3671 99.3742 99.3798 9.35627 9.45627
RE-1_R3_CH08_B 98.8358 98.848 98.8577 98.8653 98.8714 9.34671 9.44671
RE-1_R3_CH08_C 99.1363 99.1501 99.1611 99.1699 99.1769 9.3451 9.4451
RE-1_R3_CH09_B 98.7408 98.7887 98.8306 98.8671 98.8991 9.48346 9.58346
RE-1_R3_CH09_C 98.3113 98.328 98.3415 98.3524 98.3612 9.3265 9.4265
RE-1_R3_CH10_B 98.8301 98.8443 98.8557 98.8649 98.8722 9.34435 9.44435
RE-1_R3_CH10_C 98.9432 98.9819 99.0151 99.0435 99.0679 9.49647 9.59647
RE-1_R3_CH11_B 97.8807 97.9153 97.9448 97.97 97.9914 9.55687 9.65687
RE-1_R3_CH11_C 98.6417 98.646 98.6491 98.6514 98.6532 9.36142 9.46142
RE-1_R3_CH12_B 99.6929 99.726 99.754 99.7776 99.7976 9.48178 9.58178
RE-1_R3_CH12_C 98.7445 98.7613 98.7749 98.7858 98.7947 9.4647 9.5647
RE-1_R3_CH13_B 96.1603 96.1821 96.2 96.2148 96.227 9.44867 9.54867
RE-1_R3_CH13_C 99.0362 99.0499 99.0608 99.0696 99.0766 9.42504 9.52504
RE-1_R3_CH14_B 97.9527 97.9693 97.9827 97.9936 98.0024 9.39424 9.49424
RE-1_R3_CH14_C 98.6701 98.6864 98.6997 98.7104 98.7191 9.40929 9.50929
RE-1_R3_CH15_B 98.5221 98.5329 98.5414 98.5481 98.5534 9.43114 9.53114
RE-1_R3_CH15_C 98.3155 98.3223 98.3275 98.3315 98.3346 9.36446 9.46446
RE-1_R3_CH16_B 98.8006 98.8215 98.8387 98.8528 98.8644 9.44541 9.54541
RE-1_R3_CH16_C 99.0151 99.0246 99.032 99.0379 99.0425 9.35626 9.45626
RE-1_R3_CH17_B 98.8386 98.87 98.8965 98.919 98.938 9.7787 9.8787
RE-1_R3_CH17_C 100.176 100.213 100.245 100.272 100.295 9.77143 9.87143
RE-1_R3_CH18_B 99.148 99.1796 99.2062 99.2286 99.2476 9.52655 9.62655
RE-1_R3_CH18_C 99.4288 99.4542 99.4754 99.4931 99.5078 9.44969 9.54969
RE-1_R3_CH19_B 97.5055 97.5156 97.5236 97.5298 97.5347 9.49488 9.59488
RE-1_R3_CH19_C 99.5255 99.5343 99.5411 99.5464 99.5504 9.44123 9.54123
RE-1_R3_CH20_B 98.9743 98.9971 99.0159 99.0315 99.0444 9.53505 9.63505
RE-1_R3_CH20_C 99.1589 99.1735 99.1851 99.1945 99.202 9.50236 9.60236
RE-1_R3_CH21_B 99.4276 99.4418 99.4531 99.4621 99.4692 9.51313 9.61313
RE-1_R3_CH21_C 98.7986 98.806 98.8117 98.816 98.8193 9.40052 9.50052
RE-1_R3_CH22_B 98.454 98.4616 98.4674 98.4719 98.4753 9.50684 9.60684
RE-1_R3_CH22_C 98.9934 99.0035 99.0114 99.0176 99.0224 9.5053 9.6053
RE-1_R3_CH23_B 99.1837 99.2126 99.237 99.2574 99.2745 9.73436 9.83436
RE-1_R3_CH23_C 98.1381 98.165 98.1875 98.2063 98.222 9.67569 9.77569
RE-1_R3_CH24_B 99.6577 99.6667 99.6738 99.6793 99.6836 9.55019 9.65019
RE-1_R3_CH24_C 98.8959 98.8992 98.9016 98.9033 98.9046 9.43908 9.53908
RE-1_R3_CH25_B 98.3572 98.3684 98.3772 98.3842 98.3897 9.55431 9.65431
RE-1_R3_CH25_C 99.0772 99.0848 99.0906 99.0951 99.0986 9.46528 9.56528
RE-1_R3_CH26_B 99.5595 99.5815 99.5995 99.6144 99.6266 9.65062 9.75062
RE-1_R3_CH26_C 98.1573 98.1684 98.1772 98.1841 98.1895 9.52708 9.62708
RE-1_R3_CH27_B 99.7878 99.8037 99.8166 99.8269 99.8353 9.55112 9.65112
RE-1_R3_CH27_C 99.1302 99.1488 99.164 99.1764 99.1865 9.46443 9.56443
RE-1_R3_CH28_B 98.9092 98.9167 98.9224 98.9268 98.9302 9.55664 9.65664
RE-1_R3_CH28_C 98.4639 98.4726 98.4793 98.4846 98.4886 9.52325 9.62325
RE-1_R3_CH29_B 98.9744 98.9898 99.0021 99.0121 99.0201 9.61303 9.71303
RE-1_R3_CH29_C 97.9178 97.929 97.9379 97.9449 97.9504 9.50925 9.60925
RE-1_R3_CH30_B 99.3406 99.3559 99.3682 99.3781 99.3862 9.64515 9.74515
RE-1_R3_CH30_C 99.22 99.229 99.2358 99.2412 99.2453 9.52489 9.62489
RE-1_R3_CH31_B 97.9431 97.9502 97.9556 97.9598 97.9629 9.5245 9.6245
RE-1_R3_CH31_C 99.1741 99.1786 99.1819 99.1844 99.1863 9.50036 9.60036
RE-1_R3_CH32_C 99.4285 99.4518 99.471 99.487 99.5002 9.6368 9.7368
RE-1_R3_CH33_B 98.8851 98.8897 98.8932 98.8958 98.8977 9.46436 9.56436
RE-1_R3_CH33_C 99.2248 99.2291 99.2324 99.2348 99.2366 9.42804 9.52804
RE-1_R3_CH34_B 98.5583 98.571 98.5811 98.5892 98.5956 9.59955 9.69955
RE-1_R3_CH34_C 98.1449 98.1684 98.1878 98.2038 98.217 9.64102 9.74102
RE-1_R3_CH35_B 98.9101 98.9349 98.9555 98.9726 98.9869 9.53087 9.63087
RE-1_R3_CH35_C 98.7525 98.7656 98.776 98.7843 98.791 9.43414 9.53414
RE-1_R3_CH36_B 99.2503 99.2592 99.2662 99.2715 99.2757 9.50528 9.60528
RE-1_R3_CH36_C 99.4873 99.4976 99.5057 99.512 99.5169 9.50192 9.60192
RE-2_R2_CH01_A 97.8235 97.8455 97.8638 97.8789 97.8914 9.41392 9.51392
RE-2_R2_CH01_B 97.5235 97.5383 97.5502 97.5598 97.5675 9.39351 9.49351
RE-2_R2_CH01_C 99.2901 99.3091 99.3247 99.3375 99.3479 9.31273 9.41273
RE-2_R2_CH02_A 99.1577 99.1755 99.19 99.2016 99.2111 9.43131 9.53131
RE-2_R2_CH02_B 99.2835 99.3018 99.3166 99.3286 99.3384 9.47478 9.57478
RE-2_R2_CH02_C 99.7849 99.8093 99.8296 99.8464 99.8603 9.41633 9.51633
RE-2_R2_CH03_A 97.6922 97.712 97.7283 97.7416 97.7524 9.40816 9.50816
RE-2_R2_CH03_B 98.0855 98.1035 98.1181 98.1299 98.1395 9.44182 9.54182
RE-2_R2_CH03_C 98.5847 98.6003 98.6129 98.6229 98.631 9.35196 9.45196
RE-2_R2_CH04_A 99.3659 99.3803 99.3918 99.4011 99.4085 9.45617 9.55617
RE-2_R2_CH04_B 99.3499 99.3663 99.3797 99.3905 99.3993 9.48763 9.58763
RE-2_R2_CH04_C 99.2141 99.2209 99.2262 99.2301 99.2332 9.36375 9.46375
RE-2_R2_CH05_A 97.797 97.8199 97.8388 97.8544 97.8673 9.45712 9.55712
RE-2_R2_CH05_B 97.7945 97.8128 97.8277 97.8398 97.8496 9.4683 9.5683
RE-2_R2_CH05_C 98.8298 98.8521 98.8705 98.8857 98.8982 9.49333 9.59333
RE-2_R2_CH06_A 98.6008 98.6203 98.6363 98.6493 98.6599 9.40841 9.50841
RE-2_R2_CH06_B 99.3972 99.4125 99.4248 99.4347 99.4427 9.41433 9.51433
RE-2_R2_CH06_C 99.2848 99.2964 99.3055 99.3127 99.3184 9.35053 9.45053
RE-2_R2_CH07_A 98.3789 98.4043 98.4254 98.443 98.4577 9.39706 9.49706
RE-2_R2_CH07_B 97.8222 97.8369 97.8487 97.8582 97.8658 9.43689 9.53689
RE-2_R2_CH07_C 99.3535 99.3697 99.3827 99.3932 99.4017 9.33682 9.43682
RE-2_R2_CH08_A 99.0303 99.0532 99.0721 99.0877 99.1006 9.45052 9.55052
RE-2_R2_CH08_B 99.1776 99.1975 99.2138 99.2271 99.2381 9.55104 9.65104
RE-2_R2_CH08_C 99.154 99.1645 99.1727 99.1792 99.1842 9.46769 9.56769
RE-2_R2_CH09_A 98.358 98.3909 98.4189 98.4425 98.4626 9.44371 9.54371
RE-2_R2_CH09_B 97.5045 97.529 97.5494 97.5663 97.5804 9.42799 9.52799
RE-2_R2_CH09_C 99.202 99.2316 99.2566 99.2776 99.2954 9.44504 9.54504
RE-2_R2_CH10_A 99.3627 99.3913 99.4153 99.4355 99.4524 9.48364 9.58364
RE-2_R2_CH10_B 98.854 98.8772 98.8965 98.9124 98.9256 9.44934 9.54934
RE-2_R2_CH10_C 98.9525 98.9652 98.9753 98.9833 98.9897 9.33975 9.43975
RE-2_R2_CH11_A 97.042 97.0786 97.11 97.1369 97.1598 9.52111 9.62111
RE-2_R2_CH11_B 97.1288 97.1505 97.1683 97.183 97.195 9.4862 9.5862
RE-2_R2_CH11_C 99.3736 99.3943 99.4114 99.4254 99.437 9.45697 9.55697
RE-2_R2_CH12_A 97.1763 97.2082 97.2352 97.258 97.2772 9.45988 9.55988
RE-2_R2_CH12_B 98.8988 98.9265 98.9498 98.9693 98.9856 9.44252 9.54252
RE-2_R2_CH12_C 99.4006 99.4292 99.4533 99.4735 99.4905 9.32271 9.42271
RE-2_R2_CH13_A 96.9728 96.997 97.0171 97.0338 97.0477 9.42954 9.52954
RE-2_R2_CH13_B 97.9382 97.9526 97.9642 97.9736 97.9811 9.41112 9.51112
RE-2_R2_CH13_C 98.8361 98.852 98.8649 98.8752 98.8836 9.41966 9.51966
RE-2_R2_CH14_A 99.0174 99.031 99.0419 99.0506 99.0575 9.43516 9.53516
RE-2_R2_CH14_B 98.6064 98.6237 98.6376 98.6489 98.658 9.44838 9.54838
RE-2_R2_CH14_C 98.96 98.9832 99.0025 99.0185 99.0317 9.44029 9.54029
RE-2_R2_CH15_A 97.5803 97.6034 97.6227 97.6386 97.6518 9.49328 9.59328
RE-2_R2_CH15_B 97.782 97.8038 97.8217 97.8365 97.8487 9.52733 9.62733
RE-2_R2_CH15_C 99.5593 99.5855 99.6073 99.6254 99.6404 9.56024 9.66024
RE-2_R2_CH16_A 98.6477 98.6608 98.6712 98.6795 98.6861 9.42587 9.52587
RE-2_R2_CH16_B 99.3692 99.3832 99.3944 99.4033 99.4104 9.48216 9.58216
RE-2_R2_CH16_C 99.528 99.5383 99.5463 99.5526 99.5575 9.35776 9.45776
RE-2_R2_CH17_A 97.2909 97.3176 97.34 97.3587 97.3743 9.5433 9.6433
RE-2_R2_CH17_B 95.1253 95.1424 95.1563 95.1675 95.1767 9.47701 9.57701
RE-2_R2_CH17_C 96.592 96.6198 96.6432 96.6628 96.6793 9.58366 9.68366
RE-2_R2_CH18_A 98.3452 98.3687 98.3882 98.4043 98.4176 9.44698 9.54698
RE-2_R2_CH18_B 99.2646 99.2775 99.2879 99.2961 99.3027 9.41422 9.51422
RE-2_R2_CH18_C 99.4119 99.4373 99.4584 99.4759 99.4904 9.3445 9.4445
RE-2_R2_CH19_A 98.0402 98.0608 98.0778 98.0917 98.1032 9.43247 9.53247
RE-2_R2_CH19_B 97.6251 97.6403 97.6525 97.6623 97.6702 9.39244 9.49244
RE-2_R2_CH19_C 99.6429 99.6672 99.6874 99.7041 99.718 9.40012 9.50012
RE-2_R2_CH20_A 97.0114 97.0351 97.0547 97.0709 97.0843 9.55587 9.65587
RE-2_R2_CH20_B 97.9883 98.0053 98.0191 98.0303 98.0393 9.52433 9.62433
RE-2_R2_CH20_C 98.8385 98.8564 98.8708 98.8825 98.892 9.51911 9.61911
RE-2_R2_CH21_A 97.3247 97.3491 97.3695 97.3863 97.4003 9.50139 9.60139
RE-2_R2_CH21_B 96.7098 96.7268 96.7404 96.7515 96.7605 9.44987 9.54987
RE-2_R2_CH21_C 99.5353 99.5637 99.5874 99.6072 99.6238 9.44125 9.54125
RE-2_R2_CH22_A 99.4766 99.4914 99.5034 99.513 99.5207 9.46232 9.56232
RE-2_R2_CH22_B 99.0231 99.0388 99.0514 99.0615 99.0697 9.41484 9.51484
RE-2_R2_CH22_C 99.3613 99.378 99.3915 99.4024 99.4112 9.36447 9.46447
RE-2_R2_CH23_A 97.3075 97.3282 97.3452 97.3591 97.3706 9.44003 9.54003
RE-2_R2_CH23_B 99.2046 99.2311 99.2533 99.2719 99.2874 9.54151 9.64151
RE-2_R2_CH23_C 99.157 99.1865 99.2114 99.2323 99.25 9.57221 9.67221
RE-2_R2_CH24_A 99.1729 99.1926 99.2087 99.2218 99.2325 9.4783 9.5783
RE-2_R2_CH24_B 99.3334 99.3503 99.3641 99.3753 99.3844 9.44758 9.54758
RE-2_R2_CH24_C 99.58 99.5999 99.6161 99.6293 99.6401 9.38721 9.48721
RE-2_R2_CH25_A 97.9932 98.023 98.0482 98.0694 98.0872 9.52673 9.62673
RE-2_R2_CH25_B 98.5836 98.5959 98.6056 98.6133 98.6194 9.44089 9.54089
RE-2_R2_CH25_C 99.6879 99.7205 99.7479 99.7712 99.7908 9.51054 9.61054
RE-2_R2_CH26_A 99.5129 99.5319 99.5474 99.56 99.5703 9.48096 9.58096
RE-2_R2_CH26_B 98.5613 98.5725 98.5814 98.5883 98.5938 9.45935 9.55935
RE-2_R2_CH26_C 99.0395 99.0483 99.0552 99.0605 99.0647 9.33367 9.43367
RE-2_R2_CH27_A 98.8214 98.8511 98.876 98.8969 98.9145 9.54468 9.64468
RE-2_R2_CH27_B 97.7648 97.7851 97.8018 97.8156 97.8269 9.51134 9.61134
RE-2_R2_CH27_C 99.0578 99.0818 99.1017 99.1182 99.1318 9.29421 9.39421
RE-2_R2_CH28_A 99.9261 99.9573 99.9837 100.006 100.025 9.55858 9.65858
RE-2_R2_CH28_B 98.7871 98.8051 98.8197 98.8316 98.8412 9.50305 9.60305
RE-2_R2_CH28_C 99.1233 99.1357 99.1455 99.1533 99.1594 9.41808 9.51808
RE-2_R2_CH29_A 99.0256 99.0555 99.0806 99.1017 99.1195 9.48136 9.58136
RE-2_R2_CH29_B 98.4256 98.4499 98.4702 98.4871 98.5012 9.45229 9.55229
RE-2_R2_CH29_C 99.5717 99.6007 99.625 99.6454 99.6626 9.40384 9.50384
RE-2_R2_CH30_A 99.0689 99.1016 99.1294 99.153 99.173 9.54189 9.64189
RE-2_R2_CH30_B 99.8157 99.8445 99.8687 99.8889 99.9059 9.51459 9.61459
RE-2_R2_CH30_C 98.6343 98.6557 98.6733 98.6877 98.6996 9.288 9.388
RE-2_R2_CH31_A 97.462 97.4856 97.5052 97.5214 97.5349 9.5339 9.6339
RE-2_R2_CH31_B 97.7165 97.739 97.7577 97.7731 97.7859 9.48751 9.58751
RE-2_R2_CH31_C 99.1659 99.1949 99.2193 99.2398 99.257 9.50558 9.60558
RE-2_R2_CH32_A 98.9775 99.0033 99.0248 99.0428 99.0578 9.52081 9.62081
RE-2_R2_CH32_C 99.2163 99.2287 99.2385 99.2463 99.2524 9.31606 9.41606
RE-2_R2_CH33_A 97.7862 97.8146 97.8385 97.8586 97.8755 9.52922 9.62922
RE-2_R2_CH33_B 97.8611 97.8826 97.9003 97.915 97.927 9.50265 9.60265
RE-2_R2_CH33_C 98.836 98.8534 98.8676 98.8791 98.8885 9.49088 9.59088
RE-2_R2_CH34_A 98.5726 98.5867 98.598 98.607 98.6143 9.45321 9.55321
RE-2_R2_CH34_B 98.8469 98.8685 98.8863 98.9009 98.9129 9.48368 9.58368
RE-2_R2_CH34_C 99.3248 99.3419 99.3557 99.3669 99.3759 9.34916 9.44916
RE-2_R2_CH35_A 98.014 98.0382 98.0581 98.0746 98.0883 9.5023 9.6023
RE-2_R2_CH35_B 98.3453 98.3716 98.3936 98.4119 98.4272 9.50245 9.60245
RE-2_R2_CH35_C 99.1514 99.1756 99.1956 99.2122 99.2259 9.46372 9.56372
RE-2_R2_CH36_A 95.823 95.8451 95.8634 95.8784 95.8909 9.40533 9.50533
RE-2_R2_CH36_B 99.0982 99.1156 99.1298 99.1412 99.1505 9.44132 9.54132
RE-2_R2_CH36_C 99.2315 99.2488 99.2629 99.2743 99.2835 9.38625 9.48625
RE-2_R3_CH01_B 97.707 97.7356 97.7597 97.78 97.7971 9.50124 9.60124
RE-2_R3_CH01_C 97.131 97.1606 97.1855 97.2064 97.224 9.48347 9.58347
RE-2_R3_CH02_B 99.4572 99.4929 99.5233 99.5492 99.5713 9.58811 9.68811
RE-2_R3_CH02_C 98.9705 98.9999 99.0246 99.0454 99.0629 9.60578 9.70578
RE-2_R3_CH03_B 96.6699 96.6925 96.7113 96.7267 96.7395 9.5209 9.6209
RE-2_R3_CH03_C 97.2752 97.2891 97.3003 97.3092 97.3164 9.43051 9.53051
RE-2_R3_CH04_B 99.401 99.4231 99.4413 99.4563 99.4686 9.57115 9.67115
RE-2_R3_CH04_C 98.6108 98.6348 98.6546 98.671 98.6846 9.57189 9.67189
RE-2_R3_CH05_B 96.9156 96.9323 96.9458 96.9567 96.9655 9.46392 9.56392
RE-2_R3_CH05_C 98.2418 98.2892 98.3304 98.3664 98.3978 9.5858 9.6858
RE-2_R3_CH06_B 98.9463 98.9734 98.9961 99.0152 99.0311 9.57533 9.67533
RE-2_R3_CH06_C 99.2686 99.287 99.3019 99.3142 99.3241 9.50539 9.60539
RE-2_R3_CH07_B 96.4865 96.5004 96.5114 96.5202 96.5273 9.4038 9.5038
RE-2_R3_CH07_C 97.7606 97.7777 97.7916 97.8029 97.8121 9.34274 9.44274
RE-2_R3_CH08_B 99.3408 99.3544 99.3653 99.374 99.3809 9.48661 9.58661
RE-2_R3_CH08_C 99.231 99.2492 99.264 99.2761 99.2859 9.45794 9.55794
RE-2_R3_CH09_B 97.16 97.1749 97.1869 97.1965 97.2043 9.44792 9.54792
RE-2_R3_CH09_C 98.4605 98.4802 98.4963 98.5095 98.5203 9.4534 9.5534
RE-2_R3_CH10_B 98.7257 98.7492 98.7685 98.7845 98.7977 9.47986 9.57986
RE-2_R3_CH10_C 99.3935 99.4081 99.4197 99.429 99.4365 9.39402 9.49402
RE-2_R3_CH11_B 98.3058 98.3215 98.3342 98.3444 98.3527 9.43345 9.53345
RE-2_R3_CH11_C 96.9453 96.9737 96.9976 97.0178 97.0347 9.47341 9.57341
RE-2_R3_CH12_B 99.3095 99.3215 99.3309 99.3384 99.3444 9.47682 9.57682
RE-2_R3_CH12_C 98.8782 98.8923 98.9036 98.9127 98.9199 9.44348 9.54348
RE-2_R3_CH13_B 97.158 97.1823 97.2025 97.2193 97.2333 9.58789 9.68789
RE-2_R3_CH13_C 95.5161 95.547 95.5731 95.5951 95.6137 9.59898 9.69898
RE-2_R3_CH14_B 98.7961 98.8082 98.8177 98.8252 98.8312 9.49009 9.59009
RE-2_R3_CH14_C 98.2952 98.3117 98.325 98.3357 98.3444 9.51831 9.61831
RE-2_R3_CH15_B 96.9032 96.9189 96.9315 96.9417 96.95 9.51665 9.61665
RE-2_R3_CH15_C 97.217 97.2501 97.2783 97.3023 97.3226 9.65156 9.75156
RE-2_R3_CH16_B 97.9918 98.0131 98.0306 98.045 98.0568 9.52121 9.62121
RE-2_R3_CH16_C 99.1751 99.1992 99.2192 99.2357 99.2493 9.48096 9.58096
RE-2_R3_CH17_B 96.2181 96.2355 96.2495 96.2609 96.2701 9.43251 9.53251
RE-2_R3_CH17_C 96.7521 96.7708 96.786 96.7984 96.8086 9.42492 9.52492
RE-2_R3_CH18_B 98.8575 98.8698 98.8795 98.8872 98.8933 9.53339 9.63339
RE-2_R3_CH18_C 99.3896 99.4003 99.4086 99.4152 99.4204 9.47289 9.57289
RE-2_R3_CH19_B 96.739 96.7565 96.7708 96.7823 96.7917 9.50794 9.60794
RE-2_R3_CH19_C 95.4328 95.4548 95.4729 95.4879 95.5004 9.46489 9.56489
RE-2_R3_CH20_B 98.9597 98.9746 98.9867 98.9963 99.0041 9.51722 9.61722
RE-2_R3_CH20_C 99.2863 99.3041 99.3187 99.3305 99.3401 9.49522 9.59522
RE-2_R3_CH21_B 97.9679 97.9797 97.9889 97.9962 98.002 9.4575 9.5575
RE-2_R3_CH21_C 97.1511 97.1703 97.1859 97.1988 97.2093 9.5625 9.6625
RE-2_R3_CH22_B 98.7677 98.7878 98.8042 98.8176 98.8286 9.62789 9.72789
RE-2_R3_CH22_C 99.0946 99.1211 99.1432 99.1616 99.1768 9.59322 9.69322
RE-2_R3_CH23_B 98.4231 98.4428 98.4589 98.4721 98.4829 9.59319 9.69319
RE-2_R3_CH23_C 96.6627 96.6884 96.7098 96.7276 96.7425 9.56257 9.66257
RE-2_R3_CH24_B 98.8288 98.8418 98.8521 98.8603 98.8669 9.58897 9.68897
RE-2_R3_CH24_C 99.3444 99.3516 99.3571 99.3613 99.3645 9.45697 9.55697
RE-2_R3_CH25_B 94.8419 94.8629 94.8801 94.8943 94.906 9.57258 9.67258
RE-2_R3_CH25_C 97.8624 97.8786 97.8917 97.9023 97.9109 9.51999 9.61999
RE-2_R3_CH26_B 98.2506 98.2626 98.272 98.2795 98.2855 9.5167 9.6167
RE-2_R3_CH26_C 98.6714 98.6864 98.6985 98.7082 98.7161 9.54018 9.64018
RE-2_R3_CH27_B 96.9154 96.9251 96.9327 96.9386 96.9432 9.47959 9.57959
RE-2_R3_CH27_C 97.3695 97.3826 97.393 97.4013 97.4079 9.50395 9.60395
RE-2_R3_CH28_B 97.9756 97.9837 97.99 97.9949 97.9986 9.55077 9.65077
RE-2_R3_CH28_C 99.6071 99.6237 99.6372 99.6481 99.6569 9.54551 9.64551
RE-2_R3_CH30_B 98.6081 98.6272 98.6428 98.6556 98.6661 9.54428 9.64428
RE-2_R3_CH30_C 99.2313 99.2455 99.2567 99.2657 99.2728 9.4436 9.5436
RE-2_R3_CH31_B 98.1894 98.2065 98.2204 98.2317 98.2408 9.48798 9.58798
RE-2_R3_CH31_C 96.7848 96.8039 96.8196 96.8324 96.8429 9.46158 9.56158
RE-2_R3_CH32_B 50.0801 50.094 50.1057 50.1156 50.1238 9.67239 9.77239
RE-2_R3_CH32_C 99.3036 99.3159 99.3256 99.3332 99.3392 9.4846 9.5846
RE-2_R3_CH33_B 96.5429 96.5579 96.57 96.5797 96.5875 9.51155 9.61155
RE-2_R3_CH33_C 57.9319 57.9557 57.9762 57.9939 58.0092 9.69365 9.79365
RE-2_R3_CH34_B 99.0281 99.0464 99.0613 99.0735 99.0835 9.53825 9.63825
RE-2_R3_CH34_C 99.4872 99.5092 99.5273 99.5422 99.5545 9.52551 9.62551
RE-2_R3_CH35_B 96.8164 96.8346 96.8496 96.8618 96.8717 9.61636 9.71636
RE-2_R3_CH35_C 97.3937 97.4217 97.4453 97.4652 97.482 9.61649 9.71649
RE-2_R3_CH36_B 98.6055 98.6258 98.6425 98.6562 98.6675 9.59439 9.69439
RE-2_R3_CH36_C 99.2683 99.2928 99.3132 99.3301 99.3442 9.57449 9.67449
RE-3_R2_CH01_A 93.9855 94.0071 94.0249 94.0397 94.0519 9.47774 9.57774
RE-3_R2_CH01_B 95.2027 95.2126 95.2203 95.2263 95.231 9.43819 9.53819
RE-3_R2_CH02_A 96.6713 96.6907 96.7066 96.7196 96.7302 9.57768 9.67768
RE-3_R2_CH02_B 96.6395 96.6526 96.663 96.6714 96.678 9.52496 9.62496
RE-3_R2_CH03_A 96.2363 96.2521 96.2648 96.275 96.2833 9.45078 9.55078
RE-3_R2_CH03_B 95.3111 95.3271 95.3401 95.3507 95.3593 9.4549 9.5549
RE-3_R2_CH04_A 96.6213 96.6431 96.6612 96.6761 96.6885 9.56381 9.66381
RE-3_R2_CH04_B 97.1921 97.213 97.2302 97.2444 97.256 9.64176 9.74176
RE-3_R2_CH05_A 97.0558 97.073 97.0869 97.0983 97.1075 9.53324 9.63324
RE-3_R2_CH05_B 94.9773 94.9996 95.0181 95.0334 95.0461 9.57291 9.67291
RE-3_R2_CH06_A 97.5712 97.595 97.6147 97.6311 97.6446 9.62731 9.72731
RE-3_R2_CH06_B 95.5914 95.6097 95.6247 95.637 95.6471 9.61124 9.71124
RE-3_R2_CH07_A 96.7898 96.8094 96.8255 96.8386 96.8493 9.43112 9.53112
RE-3_R2_CH07_B 96.2886 96.304 96.3163 96.3262 96.3342 9.47387 9.57387
RE-3_R2_CH08_A 98.3893 98.4138 98.4343 98.4513 98.4655 9.59966 9.69966
RE-3_R2_CH08_B 96.8667 96.8843 96.8986 96.9102 96.9196 9.54892 9.64892
RE-3_R2_CH09_A 95.026 95.0412 95.0535 95.0633 95.0713 9.50082 9.60082
RE-3_R2_CH09_B 96.2254 96.2417 96.2548 96.2654 96.2739 9.52509 9.62509
RE-3_R2_CH10_A 95.6526 95.6782 95.6995 95.7173 95.7322 9.53243 9.63243
RE-3_R2_CH10_B 96.266 96.2849 96.3004 96.313 96.3234 9.58179 9.68179
RE-3_R2_CH11_A 96.8329 96.8622 96.8869 96.9078 96.9253 9.61123 9.71123
RE-3_R2_CH11_B 94.0961 94.1121 94.125 94.1355 94.144 9.48729 9.58729
RE-3_R2_CH12_A 96.91 96.935 96.9557 96.9729 96.9872 9.5724 9.6724
RE-3_R2_CH12_B 97.6255 97.6406 97.6527 97.6625 97.6704 9.53738 9.63738
RE-3_R2_CH13_A 94.9015 94.9229 94.9407 94.9554 94.9675 9.56002 9.66002
RE-3_R2_CH13_B 96.576 96.5983 96.6167 96.632 96.6446 9.55048 9.65048
RE-3_R2_CH14_A 95.5815 95.6082 95.6306 95.6494 95.6651 9.58178 9.68178
RE-3_R2_CH14_B 96.9486 96.9709 96.9894 97.0046 97.0172 9.64993 9.74993
RE-3_R2_CH15_A 97.0796 97.1007 97.1181 97.1323 97.144 9.49961 9.59961
RE-3_R2_CH15_B 95.6614 95.677 95.6896 95.6997 95.7078 9.49195 9.59195
RE-3_R2_CH16_A 86.8073 86.8292 86.8473 86.8623 86.8748 9.65443 9.75443
RE-3_R2_CH16_B 95.5063 95.5292 95.5482 95.564 95.577 9.48254 9.58254
RE-3_R2_CH17_B 92.832 92.847 92.8591 92.8688 92.8766 9.69574 9.79574
RE-3_R2_CH18_A 93.0017 93.0402 93.0735 93.1023 93.1271 9.69908 9.79908
RE-3_R2_CH18_B 89.9085 89.9481 89.9824 90.0121 90.0379 9.70607 9.80607
RE-3_R2_CH19_A 94.1679 94.1899 94.208 94.2229 94.2353 9.6305 9.7305
RE-3_R2_CH19_B 95.85 95.8763 95.8983 95.9167 95.9322 9.62456 9.72456
RE-3_R2_CH20_A 97.899 97.9247 97.9461 97.9639 97.9788 9.48711 9.58711
RE-3_R2_CH20_B 95.6898 95.7111 95.7286 95.743 95.7549 9.49993 9.59993
RE-3_R2_CH21_A 96.9991 97.0281 97.0524 97.073 97.0903 9.63354 9.73354
RE-3_R2_CH21_B 95.3705 95.3951 95.4156 95.4326 95.4469 9.64426 9.74426
RE-3_R2_CH22_A 94.2227 94.2455 94.2645 94.2801 94.2931 9.63488 9.73488
RE-3_R2_CH22_B 94.0916 94.1098 94.1247 94.1369 94.1469 9.58186 9.68186
RE-3_R2_CH23_A 94.4886 94.5166 94.5401 94.5599 94.5765 9.64648 9.74648
RE-3_R2_CH23_B 95.4779 95.4995 95.5173 95.5321 95.5443 9.51059 9.61059
RE-3_R2_CH24_A 93.7429 93.7712 93.795 93.815 93.8318 9.63433 9.73433
RE-3_R2_CH24_B 97.1911 97.2023 97.2112 97.2183 97.2239 9.54216 9.64216
RE-3_R2_CH25_A 96.0065 96.0262 96.0424 96.0557 96.0667 9.66562 9.76562
RE-3_R2_CH25_B 95.1651 95.1864 95.2041 95.2187 95.2307 9.62209 9.72209
RE-3_R2_CH26_A 92.0796 92.0954 92.1082 92.1185 92.1268 9.6113 9.7113
RE-3_R2_CH26_B 97.509 97.5229 97.534 97.5429 97.5499 9.52949 9.62949
RE-3_R2_CH27_A 96.4127 96.4311 96.4462 96.4585 96.4685 9.59222 9.69222
RE-3_R2_CH27_B 96.5283 96.5406 96.5504 96.5582 96.5644 9.54416 9.64416
RE-3_R2_CH28_A 96.4314 96.4484 96.4623 96.4735 96.4827 9.67645 9.77645
RE-3_R2_CH28_B 96.0555 96.0791 96.0987 96.115 96.1286 9.6371 9.7371
RE-3_R2_CH29_A 97.3974 97.4116 97.423 97.4321 97.4394 9.60937 9.70937
RE-3_R2_CH29_B 94.7874 94.8044 94.8182 94.8293 94.8384 9.71212 9.81212
RE-3_R2_CH30_A 96.7471 96.7638 96.7775 96.7886 96.7975 9.69498 9.79498
RE-3_R2_CH30_B 95.538 95.5524 95.5639 95.5732 95.5806 9.69485 9.79485
RE-3_R2_CH31_A 95.2226 95.2371 95.2488 95.2581 95.2656 9.54799 9.64799
RE-3_R2_CH31_B 96.1925 96.2088 96.2219 96.2325 96.241 9.52995 9.62995
RE-3_R2_CH32_A 87.5147 87.5376 87.5567 87.5726 87.5858 9.82998 9.92998
RE-3_R2_CH33_A 97.256 97.2764 97.2932 97.307 97.3184 9.57621 9.67621
RE-3_R2_CH33_B 96.1374 96.1485 96.1573 96.1643 96.1698 9.43574 9.53574
RE-3_R2_CH34_A 98.7098 98.7312 98.7487 98.7632 98.7751 9.6501 9.7501
RE-3_R2_CH34_B 96.9527 96.9743 96.992 97.0066 97.0186 9.67426 9.77426
RE-3_R2_CH35_A 96.0451 96.0632 96.078 96.0901 96.1 9.5651 9.6651
RE-3_R2_CH35_B 96.8083 96.8225 96.8339 96.8431 96.8505 9.52644 9.62644
RE-3_R2_CH36_A 94.7665 94.7854 94.801 94.8137 94.8241 9.54892 9.64892
RE-3_R2_CH36_B 96.7512 96.764 96.7741 96.7821 96.7885 9.47519 9.57519
RE-3_R3_CH01_A 94.4424 94.4681 94.4895 94.5074 94.5224 9.66758 9.76758
RE-3_R3_CH01_B 96.6353 96.6502 96.6622 96.6718 96.6795 9.54093 9.64093
RE-3_R3_CH01_C 94.1543 94.1688 94.1804 94.1898 94.1973 9.5253 9.6253
RE-3_R3_CH02_A 97.51 97.5356 97.5568 97.5745 97.5892 9.53511 9.63511
RE-3_R3_CH02_B 97.7569 97.7653 97.7717 97.7767 97.7806 9.48088 9.58088
RE-3_R3_CH02_C 99.1103 99.1234 99.1338 99.142 99.1486 9.42941 9.52941
RE-3_R3_CH03_A 96.5444 96.5787 96.608 96.633 96.6544 9.66523 9.76523
RE-3_R3_CH03_B 97.3178 97.3329 97.3451 97.3548 97.3627 9.54979 9.64979
RE-3_R3_CH03_C 96.7299 96.7484 96.7635 96.7758 96.7858 9.55484 9.65484
RE-3_R3_CH04_A 95.6005 95.6378 95.6697 95.697 95.7204 9.63796 9.73796
RE-3_R3_CH04_B 97.8512 97.871 97.8872 97.9005 97.9114 9.59599 9.69599
RE-3_R3_CH04_C 98.5833 98.5985 98.6107 98.6205 98.6284 9.53753 9.63753
RE-3_R3_CH05_A 97.0351 97.0501 97.0621 97.0717 97.0794 9.47198 9.57198
RE-3_R3_CH05_B 97.4217 97.432 97.4401 97.4464 97.4514 9.46893 9.56893
RE-3_R3_CH05_C 94.5333 94.5506 94.5647 94.5761 94.5854 9.54589 9.64589
RE-3_R3_CH06_A 96.1832 96.2125 96.2371 96.2578 96.2752 9.55374 9.65374
RE-3_R3_CH06_B 98.5386 98.548 98.5554 98.5612 98.5656 9.46879 9.56879
RE-3_R3_CH06_C 98.1573 98.1687 98.1778 98.1849 98.1906 9.42524 9.52524
RE-3_R3_CH07_A 95.5747 95.5888 95.6001 95.6092 95.6164 9.60037 9.70037
RE-3_R3_CH07_B 97.2396 97.2458 97.2506 97.2543 97.257 9.49154 9.59154
RE-3_R3_CH07_C 94.8546 94.8699 94.8821 94.892 94.8999 9.54733 9.64733
RE-3_R3_CH08_A 85.4774 85.4925 85.5048 85.5148 85.5228 9.5419 9.6419
RE-3_R3_CH08_B 97.5946 97.6077 97.6183 97.6267 97.6334 9.54783 9.64783
RE-3_R3_CH08_C 97.5175 97.5352 97.5494 97.561 97.5704 9.51167 9.61167
RE-3_R3_CH09_A 96.6096 96.6385 96.6629 96.6835 96.7008 9.55713 9.65713
RE-3_R3_CH09_B 97.2766 97.2988 97.3172 97.3324 97.345 9.54845 9.64845
RE-3_R3_CH09_C 96.861 96.8803 96.8961 96.909 96.9195 9.50173 9.60173
RE-3_R3_CH10_A 98.836 98.8739 98.9064 98.9342 98.9582 9.69823 9.79823
RE-3_R3_CH10_B 96.126 96.1461 96.1626 96.1762 96.1873 9.58202 9.68202
RE-3_R3_CH10_C 99.5754 99.5985 99.6175 99.6332 99.6462 9.56288 9.66288
RE-3_R3_CH11_A 97.8469 97.9035 97.9538 97.9985 98.0382 9.70517 9.80517
RE-3_R3_CH11_B 96.9254 96.9476 96.9659 96.981 96.9934 9.53598 9.63598
RE-3_R3_CH11_C 95.546 95.5596 95.5705 95.5791 95.5861 9.50387 9.60387
RE-3_R3_CH12_A 96.1506 96.1723 96.1903 96.2051 96.2174 9.47692 9.57692
RE-3_R3_CH12_B 97.4407 97.4682 97.4911 97.5103 97.5263 9.60306 9.70306
RE-3_R3_CH12_C 99.2829 99.3012 99.316 99.3282 99.338 9.50381 9.60381
RE-3_R3_CH13_A 99.5723 99.6302 99.6816 99.7272 99.7676 9.8882 9.9882
RE-3_R3_CH13_B 96.2875 96.3169 96.3417 96.3626 96.3801 9.64599 9.74599
RE-3_R3_CH13_C 88.7164 88.7352 88.7506 88.7632 88.7735 9.63878 9.73878
RE-3_R3_CH14_A 93.6201 93.6735 93.7209 93.763 93.8003 9.78972 9.88972
RE-3_R3_CH14_B 97.1267 97.1581 97.1846 97.2069 97.2258 9.63613 9.73613
RE-3_R3_CH14_C 99.8766 99.8943 99.9087 99.9203 99.9297 9.56264 9.66264
RE-3_R3_CH15_A 96.6483 96.6686 96.6853 96.699 96.7102 9.48918 9.58918
RE-3_R3_CH15_B 98.2482 98.27 98.288 98.3028 98.315 9.50806 9.60806
RE-3_R3_CH15_C 96.0799 96.095 96.1072 96.117 96.1249 9.46315 9.56315
RE-3_R3_CH16_A 95.9884 96.029 96.0641 96.0943 96.1204 9.7219 9.8219
RE-3_R3_CH16_B 96.7853 96.7974 96.8069 96.8145 96.8204 9.50087 9.60087
RE-3_R3_CH16_C 99.4075 99.4217 99.433 99.442 99.4492 9.48153 9.58153
RE-3_R3_CH17_A 96.319 96.3597 96.3948 96.425 96.4511 9.67206 9.77206
RE-3_R3_CH17_B 95.1322 95.1488 95.1623 95.1733 95.1822 9.6016 9.7016
RE-3_R3_CH17_C 95.8833 95.8934 95.9014 95.9076 95.9125 9.54518 9.64518
RE-3_R3_CH18_A 86.5945 86.6374 86.6749 86.7075 86.736 9.73332 9.83332
RE-3_R3_CH18_B 96.5331 96.549 96.5618 96.5721 96.5804 9.59673 9.69673
RE-3_R3_CH18_C 98.7746 98.7878 98.7985 98.8069 98.8137 9.49938 9.59938
RE-3_R3_CH19_A 93.2464 93.2632 93.2768 93.2878 93.2968 9.52291 9.62291
RE-3_R3_CH19_B 97.0914 97.1142 97.1332 97.1488 97.1618 9.56612 9.66612
RE-3_R3_CH20_A 95.5881 95.6252 95.657 95.6842 95.7075 9.75266 9.85266
RE-3_R3_CH20_B 97.3045 97.3152 97.3236 97.3303 97.3355 9.65374 9.75374
RE-3_R3_CH20_C 98.0456 98.0546 98.0615 98.0668 98.071 9.58202 9.68202
RE-3_R3_CH21_A 96.0788 96.1058 96.1284 96.1473 96.1632 9.73657 9.83657
RE-3_R3_CH21_B 97.3347 97.3463 97.3554 97.3626 97.3683 9.58927 9.68927
RE-3_R3_CH21_C 93.3475 93.3595 93.369 93.3765 93.3825 9.59722 9.69722
RE-3_R3_CH22_A 91.19 91.2153 91.2365 91.2542 91.2691 9.68675 9.78675
RE-3_R3_CH22_B 96.4427 96.4681 96.4893 96.507 96.5218 9.73814 9.83814
RE-3_R3_CH22_C 98.1704 98.1982 98.2215 98.241 98.2572 9.6708 9.7708
RE-3_R3_CH23_A 96.1259 96.153 96.1758 96.1949 96.2109 9.73592 9.83592
RE-3_R3_CH23_B 96.3848 96.3976 96.4078 96.4159 96.4223 9.61693 9.71693
RE-3_R3_CH23_C 90.7957 90.8173 90.8351 90.8499 90.8622 9.72282 9.82282
RE-3_R3_CH24_A 88.5125 88.5449 88.5726 88.5962 88.6163 9.76761 9.86761
RE-3_R3_CH24_B 97.7642 97.7751 97.7838 97.7906 97.796 9.65486 9.75486
RE-3_R3_CH24_C 98.1022 98.1169 98.1288 98.1384 98.1461 9.64832 9.74832
RE-3_R3_CH25_A 95.2767 95.3171 95.352 95.3821 95.4081 9.75466 9.85466
RE-3_R3_CH25_B 96.2274 96.2459 96.261 96.2732 96.2832 9.71116 9.81116
RE-3_R3_CH25_C 96.8656 96.8851 96.901 96.9141 96.9248 9.71944 9.81944
RE-3_R3_CH26_A 96.2701 96.2882 96.3029 96.3148 96.3246 9.6107 9.7107
RE-3_R3_CH26_B 96.202 96.2202 96.2349 96.2469 96.2567 9.60066 9.70066
RE-3_R3_CH26_C 98.5999 98.6181 98.633 98.645 98.6548 9.507 9.607
RE-3_R3_CH27_A 98.1998 98.2211 98.2387 98.2532 98.2651 9.66297 9.76297
RE-3_R3_CH27_B 96.4986 96.51 96.519 96.5261 96.5317 9.62146 9.72146
RE-3_R3_CH27_C 96.964 96.9851 97.0024 97.0166 97.0283 9.65023 9.75023
RE-3_R3_CH28_A 95.9219 95.94 95.9547 95.9667 95.9766 9.76307 9.86307
RE-3_R3_CH28_B 94.9332 94.9473 94.9587 94.9679 94.9753 9.7814 9.8814
RE-3_R3_CH28_C 98.4798 98.4906 98.4991 98.5058 98.5111 9.67531 9.77531
RE-3_R3_CH29_B 97.0385 97.0502 97.0594 97.0667 97.0725 9.72785 9.82785
RE-3_R3_CH29_C 97.1545 97.1669 97.1768 97.1846 97.1908 9.69895 9.79895
RE-3_R3_CH31_A 95.9144 95.9373 95.9562 95.9719 95.9848 9.55261 9.65261
RE-3_R3_CH31_B 98.6571 98.6678 98.6761 98.6827 98.6878 9.51813 9.61813
RE-3_R3_CH31_C 97.8429 97.8584 97.8709 97.881 97.8891 9.49416 9.59416
RE-3_R3_CH32_A 95.8968 95.9203 95.9398 95.956 95.9695 9.68642 9.78642
RE-3_R3_CH32_B 97.0533 97.0713 97.086 97.098 97.1077 9.71709 9.81709
RE-3_R3_CH32_C 99.1747 99.1872 99.1971 99.2049 99.2112 9.55811 9.65811
RE-3_R3_CH33_A 94.1534 94.1675 94.1788 94.1879 94.1953 9.61023 9.71023
RE-3_R3_CH33_B 97.5499 97.5625 97.5726 97.5806 97.587 9.60279 9.70279
RE-3_R3_CH33_C 97.0839 97.1057 97.1237 97.1384 97.1505 9.5932 9.6932
RE-3_R3_CH34_A 91.045 91.0751 91.1006 91.1221 91.1403 9.73627 9.83627
RE-3_R3_CH34_B 96.9879 96.997 97.0041 97.0097 97.014 9.54386 9.64386
RE-3_R3_CH34_C 97.4544 97.4648 97.4728 97.4792 97.4841 9.48517 9.58517
RE-3_R3_CH35_A 95.4467 95.4567 95.4645 95.4706 95.4754 9.54432 9.64432
RE-3_R3_CH35_B 97.6338 97.6407 97.646 97.6501 97.6532 9.60977 9.70977
RE-3_R3_CH35_C 97.2444 97.2595 97.2718 97.2816 97.2896 9.64051 9.74051
RE-3_R3_CH36_A 95.2137 95.2371 95.2566 95.2728 95.2862 9.72059 9.82059
RE-3_R3_CH36_B 96.4623 96.4733 96.4819 96.4887 96.4941 9.61148 9.71148
RE-3_R3_CH36_C 98.3951 98.4131 98.4278 98.4397 98.4494 9.63418 9.73418
RE+1_R2_CH01_A 98.9289 98.9522 98.9715 98.9876 99.0008 9.3279 9.4279
RE+1_R2_CH01_B 97.772 97.7947 97.8135 97.829 97.8419 9.4602 9.5602
RE+1_R2_CH01_C 95.9627 95.9929 96.0184 96.04 96.0582 9.50365 9.60365
RE+1_R2_CH02_A 98.5013 98.5192 98.5338 98.5457 98.5553 9.30915 9.40915
RE+1_R2_CH02_B 98.4937 98.5126 98.528 98.5406 98.5509 9.42691 9.52691
RE+1_R2_CH02_C 98.0092 98.0253 98.0383 98.0488 98.0573 9.3838 9.4838
RE+1_R2_CH03_A 99.3257 99.3573 99.3841 99.4068 99.4261 9.41167 9.51167
RE+1_R2_CH03_B 99.4893 99.5105 99.5279 99.5423 99.5541 9.41732 9.51732
RE+1_R2_CH03_C 98.363 98.383 98.3994 98.4128 98.4239 9.34844 9.44844
RE+1_R2_CH04_A 99.4306 99.4777 99.5188 99.5547 99.5861 9.34659 9.44659
RE+1_R2_CH04_C 99.4089 99.4327 99.4525 99.4688 99.4822 9.31298 9.41298
RE+1_R2_CH05_A 99.2772 99.3139 99.3453 99.372 99.3948 9.39601 9.49601
RE+1_R2_CH05_B 98.9817 99.01 99.0338 99.0538 99.0706 9.43958 9.53958
RE+1_R2_CH05_C 97.6874 97.7149 97.7378 97.757 97.773 9.44093 9.54093
RE+1_R2_CH06_A 99.599 99.621 99.6392 99.6542 99.6665 9.39282 9.49282
RE+1_R2_CH06_C 99.7293 99.7526 99.772 99.788 99.8013 9.36634 9.46634
RE+1_R2_CH07_A 99.7442 99.7645 99.7812 99.7948 99.806 9.39132 9.49132
RE+1_R2_CH07_B 99.398 99.4157 99.43 99.4417 99.4512 9.38476 9.48476
RE+1_R2_CH07_C 98.9343 98.9531 98.9684 98.9809 98.9912 9.38845 9.48845
RE+1_R2_CH08_A 98.2573 98.2761 98.2915 98.3041 98.3144 9.36761 9.46761
RE+1_R2_CH08_B 98.5229 98.5454 98.5641 98.5795 98.5923 9.41995 9.51995
RE+1_R2_CH08_C 98.5585 98.5812 98.6001 98.6157 98.6286 9.409 9.509
RE+1_R2_CH09_A 99.3661 99.3667 99.3671 99.3673 99.3675 9.29801 9.39801
RE+1_R2_CH09_B 98.6772 98.6838 98.6887 98.6925 98.6954 9.38354 9.48354
RE+1_R2_CH09_C 98.9313 98.9434 98.953 98.9605 98.9664 9.39034 9.49034
RE+1_R2_CH10_A 99.5296 99.5547 99.5756 99.593 99.6075 9.44232 9.54232
RE+1_R2_CH10_B 99.3383 99.3577 99.3736 99.3866 99.3972 9.35753 9.45753
RE+1_R2_CH10_C 99.3162 99.3292 99.3396 99.3478 99.3544 9.27657 9.37657
RE+1_R2_CH11_A 99.8775 99.8981 99.915 99.9288 99.9401 9.42511 9.52511
RE+1_R2_CH12_A 99.3149 99.332 99.3459 99.3571 99.3663 9.30346 9.40346
RE+1_R2_CH12_B 98.7468 98.7681 98.7856 98.8001 98.8119 9.32808 9.42808
RE+1_R2_CH12_C 99.4889 99.5107 99.5286 99.5433 99.5554 9.31688 9.41688
RE+1_R2_CH13_A 99.3526 99.3762 99.3957 99.4117 99.425 9.38163 9.48163
RE+1_R2_CH13_B 99.1766 99.2016 99.2223 99.2396 99.2539 9.37727 9.47727
RE+1_R2_CH13_C 98.4172 98.4398 98.4585 98.4738 98.4865 9.35416 9.45416
RE+1_R2_CH14_A 99.0689 99.075 99.0796 99.0831 99.0858 9.26236 9.36236
RE+1_R2_CH14_B 99.5836 99.6023 99.6176 99.6301 99.6403 9.24421 9.34421
RE+1_R2_CH14_C 99.2856 99.3173 99.3441 99.3667 99.3858 9.26374 9.36374
RE+1_R2_CH15_A 98.3592 98.372 98.3821 98.3902 98.3967 9.36196 9.46196
RE+1_R2_CH15_B 99.0307 99.0496 99.0649 99.0775 99.0876 9.41192 9.51192
RE+1_R2_CH15_C 99.5209 99.5382 99.5523 99.5637 99.573 9.44011 9.54011
RE+1_R2_CH16_A 98.8176 98.8336 98.8466 98.857 98.8655 9.32732 9.42732
RE+1_R2_CH16_B 97.7211 97.752 97.778 97.8 97.8186 9.50497 9.60497
RE+1_R2_CH16_C 97.9996 98.0156 98.0285 98.0389 98.0473 9.38614 9.48614
RE+1_R2_CH19_A 98.2997 98.3144 98.3262 98.3357 98.3433 9.33179 9.43179
RE+1_R2_CH19_B 98.1816 98.1984 98.212 98.2231 98.232 9.37374 9.47374
RE+1_R2_CH19_C 95.9935 96.0141 96.0311 96.045 96.0564 9.41225 9.51225
RE+1_R2_CH20_A 98.6898 98.7109 98.7282 98.7425 98.7543 9.42432 9.52432
RE+1_R2_CH20_B 98.8386 98.8664 98.8896 98.909 98.9252 9.49223 9.59223
RE+1_R2_CH20_C 98.5366 98.559 98.5775 98.5928 98.6054 9.48016 9.58016
RE+1_R2_CH21_A 95.269 95.2942 95.3152 95.3328 95.3474 9.6196 9.7196
RE+1_R2_CH21_B 99 99.0162 99.0292 99.0397 99.0482 9.56014 9.66014
RE+1_R2_CH22_A 98.4851 98.5025 98.5166 98.528 98.5372 9.44347 9.54347
RE+1_R2_CH22_B 99.5664 99.5855 99.601 99.6137 99.624 9.43017 9.53017
RE+1_R2_CH22_C 98.6334 98.6502 98.6638 98.6748 98.6837 9.44786 9.54786
RE+1_R2_CH23_A 99.5465 99.5764 99.6015 99.6227 99.6406 9.68382 9.78382
RE+1_R2_CH23_B 98.8037 98.8198 98.8328 98.8433 98.8517 9.54062 9.64062
RE+1_R2_CH23_C 98.1945 98.2187 98.2387 98.2552 98.2689 9.58756 9.68756
RE+1_R2_CH24_A 98.7649 98.7744 98.7818 98.7876 98.7921 9.4411 9.5411
RE+1_R2_CH24_B 98.9861 98.996 99.0038 99.0098 99.0146 9.41448 9.51448
RE+1_R2_CH24_C 98.7669 98.7759 98.7829 98.7883 98.7926 9.43413 9.53413
RE+1_R2_CH25_B 99.132 99.163 99.1893 99.2114 99.2302 9.49139 9.59139
RE+1_R2_CH25_C 99.054 99.0833 99.108 99.1287 99.146 9.4189 9.5189
RE+1_R2_CH26_A 99.1197 99.1461 99.1682 99.1868 99.2023 9.55909 9.65909
RE+1_R2_CH26_B 99.1511 99.1778 99.2 99.2185 99.234 9.48693 9.58693
RE+1_R2_CH26_C 98.6636 98.6854 98.7034 98.7181 98.7302 9.42463 9.52463
RE+1_R2_CH27_A 99.6908 99.7039 99.7144 99.7227 99.7294 9.38561 9.48561
RE+1_R2_CH27_B 99.6019 99.6102 99.6166 99.6215 99.6253 9.39974 9.49974
RE+1_R2_CH27_C 98.6318 98.6446 98.6548 98.663 98.6695 9.43436 9.53436
RE+1_R2_CH28_A 98.8998 98.9165 98.9299 98.9407 98.9495 9.41274 9.51274
RE+1_R2_CH28_B 99.7291 99.7447 99.7572 99.7673 99.7755 9.46678 9.56678
RE+1_R2_CH28_C 98.9063 98.9198 98.9307 98.9393 98.9462 9.4564 9.5564
RE+1_R2_CH29_A 99.9762 99.998 100.016 100.031 100.043 9.57473 9.67473
RE+1_R2_CH30_A 99.0462 99.0651 99.0805 99.0931 99.1034 9.45077 9.55077
RE+1_R2_CH30_B 97.1484 97.1801 97.2071 97.23 97.2494 9.54302 9.64302
RE+1_R2_CH30_C 98.323 98.3391 98.3522 98.3627 98.3712 9.44186 9.54186
RE+1_R2_CH31_A 99.8099 99.8188 99.8257 99.8311 99.8352 9.3498 9.4498
RE+1_R2_CH31_B 99.4689 99.4767 99.4827 99.4873 99.4909 9.37332 9.47332
RE+1_R2_CH31_C 99.4037 99.414 99.4221 99.4285 99.4335 9.41919 9.51919
RE+1_R2_CH32_A 97.0081 97.0416 97.07 97.0943 97.1149 9.67203 9.77203
RE+1_R2_CH32_B 97.1176 97.1405 97.1595 97.1752 97.1882 9.59445 9.69445
RE+1_R2_CH32_C 96.0235 96.045 96.0627 96.0773 96.0894 9.61283 9.71283
RE+1_R2_CH33_A 95.8583 95.8791 95.8962 95.9103 95.9219 9.71468 9.81468
RE+1_R2_CH33_B 94.811 94.8365 94.8579 94.8758 94.8907 9.72936 9.82936
RE+1_R2_CH33_C 94.8984 94.9228 94.9432 94.9601 94.9743 9.73867 9.83867
RE+1_R2_CH34_A 99.6305 99.6423 99.6515 99.6589 99.6647 9.372 9.472
RE+1_R2_CH34_B 99.7738 99.7901 99.8031 99.8136 99.8221 9.37498 9.47498
RE+1_R2_CH34_C 99.1705 99.186 99.1986 99.2087 99.2168 9.43224 9.53224
RE+1_R2_CH35_A 98.6967 98.7321 98.7624 98.7883 98.8104 9.54673 9.64673
RE+1_R2_CH35_B 98.9255 98.9477 98.9661 98.9813 98.9938 9.47144 9.57144
RE+1_R2_CH35_C 98.0305 98.0635 98.0915 98.1153 98.1356 9.53699 9.63699
RE+1_R2_CH36_A 98.5168 98.5377 98.5549 98.5689 98.5805 9.38219 9.48219
RE+1_R2_CH36_B 98.4941 98.5112 98.5251 98.5363 98.5454 9.44608 9.54608
RE+1_R2_CH36_C 99.0331 99.0486 99.0609 99.0709 99.0788 9.41652 9.51652
RE+1_R3_CH01_B 97.2632 97.2802 97.2939 97.305 97.314 9.44386 9.54386
RE+1_R3_CH01_C 98.0807 98.0868 98.0915 98.0951 98.0978 9.32662 9.42662
RE+1_R3_CH02_B 98.997 99.0183 99.0358 99.0501 99.0619 9.50221 9.60221
RE+1_R3_CH02_C 99.2447 99.2529 99.2592 99.264 99.2678 9.35337 9.45337
RE+1_R3_CH03_B 99.4812 99.4933 99.503 99.5106 99.5167 9.47579 9.57579
RE+1_R3_CH03_C 98.7543 98.7734 98.789 98.8017 98.812 9.46605 9.56605
RE+1_R3_CH04_B 98.6907 98.7258 98.7557 98.7813 98.8031 9.55729 9.65729
RE+1_R3_CH05_B 97.6607 97.6853 97.7057 97.7228 97.737 9.47006 9.57006
RE+1_R3_CH05_C 98.9365 98.9462 98.9538 98.9597 98.9643 9.3691 9.4691
RE+1_R3_CH06_B 98.7375 98.7505 98.7608 98.769 98.7755 9.38451 9.48451
RE+1_R3_CH06_C 99.3445 99.3526 99.3589 99.3638 99.3675 9.3178 9.4178
RE+1_R3_CH07_B 98.1118 98.1256 98.1366 98.1454 98.1524 9.42876 9.52876
RE+1_R3_CH07_C 97.8437 97.8568 97.8672 97.8756 97.8823 9.36771 9.46771
RE+1_R3_CH08_B 98.5509 98.5625 98.5716 98.5788 98.5844 9.31926 9.41926
RE+1_R3_CH08_C 99.1661 99.1833 99.1973 99.2087 99.2179 9.29131 9.39131
RE+1_R3_CH09_B 99.0643 99.076 99.0852 99.0925 99.0983 9.32017 9.42017
RE+1_R3_CH09_C 99.1685 99.174 99.1782 99.1814 99.1838 9.23976 9.33976
RE+1_R3_CH10_B 98.2802 98.295 98.3068 98.3163 98.3239 9.37226 9.47226
RE+1_R3_CH10_C 99.1946 99.2064 99.2157 99.2231 99.2289 9.33553 9.43553
RE+1_R3_CH11_B 97.7234 97.7365 97.7469 97.7552 97.7618 9.30893 9.40893
RE+1_R3_CH11_C 99.2833 99.3011 99.3155 99.3271 99.3366 9.25532 9.35532
RE+1_R3_CH12_B 99.7237 99.7323 99.7389 99.7441 99.7481 9.34928 9.44928
RE+1_R3_CH12_C 98.9426 98.9508 98.9572 98.9621 98.966 9.3337 9.4337
RE+1_R3_CH13_B 98.8991 98.913 98.9241 98.9329 98.94 9.35854 9.45854
RE+1_R3_CH13_C 99.5601 99.5781 99.5927 99.6045 99.6141 9.42634 9.52634
RE+1_R3_CH14_B 98.7971 98.8062 98.8132 98.8187 98.823 9.42613 9.52613
RE+1_R3_CH14_C 99.0752 99.0908 99.1034 99.1135 99.1217 9.51732 9.61732
RE+1_R3_CH15_B 98.8421 98.855 98.8654 98.8737 98.8803 9.45208 9.55208
RE+1_R3_CH15_C 99.6837 99.6915 99.6975 99.7022 99.7057 9.40048 9.50048
RE+1_R3_CH16_B 98.3084 98.3253 98.339 98.3501 98.3591 9.48427 9.58427
RE+1_R3_CH16_C 98.9403 98.9533 98.9636 98.9718 98.9784 9.44187 9.54187
RE+1_R3_CH17_B 98.3142 98.3212 98.3266 98.3307 98.3339 9.38345 9.48345
RE+1_R3_CH17_C 98.7453 98.753 98.7589 98.7635 98.767 9.35559 9.45559
RE+1_R3_CH18_B 98.2963 98.3163 98.3326 98.3459 98.3568 9.45763 9.55763
RE+1_R3_CH18_C 99.3132 99.3236 99.3318 99.3382 99.3432 9.40818 9.50818
RE+1_R3_CH19_B 98.3387 98.3593 98.3761 98.3899 98.4013 9.52468 9.62468
RE+1_R3_CH19_C 98.8521 98.8559 98.8587 98.8608 98.8624 9.42098 9.52098
RE+1_R3_CH20_B 98.7133 98.7253 98.7348 98.7424 98.7484 9.48969 9.58969
RE+1_R3_CH20_C 99.6244 99.6305 99.6351 99.6385 99.6412 9.44707 9.54707
RE+1_R3_CH21_B 97.5753 97.586 97.5944 97.601 97.6062 9.4596 9.5596
RE+1_R3_CH21_C 99.1077 99.1131 99.1171 99.1202 99.1225 9.39071 9.49071
RE+1_R3_CH22_B 99.2333 99.249 99.2617 99.2719 99.28 9.51179 9.61179
RE+1_R3_CH22_C 99.0514 99.0617 99.0697 99.076 99.0809 9.40314 9.50314
RE+1_R3_CH23_B 98.5294 98.541 98.5502 98.5574 98.5632 9.54579 9.64579
RE+1_R3_CH23_C 98.7317 98.7499 98.7647 98.7767 98.7865 9.51135 9.61135
RE+1_R3_CH24_B 99.4394 99.4495 99.4574 99.4635 99.4683 9.50198 9.60198
RE+1_R3_CH24_C 98.8911 98.9067 98.9192 98.9294 98.9375 9.55583 9.65583
RE+1_R3_CH26_B 98.8726 98.8832 98.8916 98.8981 98.9033 9.5268 9.6268
RE+1_R3_CH26_C 97.4336 97.4465 97.4569 97.4652 97.4718 9.57275 9.67275
RE+1_R3_CH27_B 98.6215 98.6389 98.653 98.6645 98.6738 9.61413 9.71413
RE+1_R3_CH27_C 98.5572 98.5639 98.569 98.5729 98.5759 9.52894 9.62894
RE+1_R3_CH28_B 98.1768 98.1848 98.1908 98.1955 98.1992 9.49033 9.59033
RE+1_R3_CH28_C 98.7288 98.7468 98.7614 98.7733 98.7829 9.53195 9.63195
RE+1_R3_CH29_B 96.0682 96.079 96.0875 96.0942 96.0995 9.54515 9.64515
RE+1_R3_CH29_C 98.3144 98.3284 98.3396 98.3485 98.3557 9.54068 9.64068
RE+1_R3_CH30_B 93.5181 93.5217 93.5243 93.5262 93.5277 9.50253 9.60253
RE+1_R3_CH30_C 99.5588 99.5626 99.5653 99.5673 99.5688 9.48943 9.58943
RE+1_R3_CH31_B 96.2515 96.2752 96.2949 96.3113 96.325 9.58303 9.68303
RE+1_R3_CH31_C 97.3266 97.3419 97.3543 97.3643 97.3723 9.51581 9.61581
RE+1_R3_CH32_B 97.9967 98.0152 98.0302 98.0425 98.0525 9.55676 9.65676
RE+1_R3_CH32_C 98.9001 98.9092 98.9162 98.9217 98.926 9.47225 9.57225
RE+1_R3_CH33_B 97.008 97.0297 97.0475 97.0621 97.0741 9.68323 9.78323
RE+1_R3_CH33_C 98.3734 98.3877 98.3992 98.4084 98.4157 9.66999 9.76999
RE+1_R3_CH34_B 97.8572 97.8853 97.9089 97.9287 97.9454 9.61732 9.71732
RE+1_R3_CH34_C 98.8338 98.8397 98.8442 98.8477 98.8503 9.48504 9.58504
RE+1_R3_CH35_B 97.4449 97.4536 97.4604 97.4657 97.4698 9.48951 9.58951
RE+1_R3_CH35_C 98.7135 98.7381 98.7585 98.7756 98.7898 9.56675 9.66675
RE+1_R3_CH36_B 98.9183 98.9334 98.9455 98.9552 98.9631 9.50262 9.60262
RE+1_R3_CH36_C 99.3806 99.3892 99.3959 99.4011 99.4052 9.42022 9.52022
RE+2_R2_CH01_A 97.172 97.2142 97.2508 97.2825 97.31 9.6068 9.7068
RE+2_R2_CH01_B 95.4678 95.5033 95.5336 95.5595 95.5817 9.72731 9.82731
RE+2_R2_CH01_C 96.9959 97.0236 97.0468 97.0663 97.0827 9.59909 9.69909
RE+2_R2_CH02_A 99.7915 99.8163 99.8369 99.854 99.8683 9.49981 9.59981
RE+2_R2_CH02_B 99.2108 99.2278 99.2414 99.2525 99.2614 9.39516 9.49516
RE+2_R2_CH02_C 98.978 98.9961 99.0108 99.0227 99.0323 9.4271 9.5271
RE+2_R2_CH03_B 98.2306 98.2502 98.2662 98.2792 98.2898 9.43543 9.53543
RE+2_R2_CH03_C 99.3012 99.3183 99.3321 99.3434 99.3525 9.35688 9.45688
RE+2_R2_CH04_A 97.706 97.7258 97.742 97.7552 97.7659 9.39152 9.49152
RE+2_R2_CH04_B 99.4725 99.493 99.5098 99.5237 99.535 9.44797 9.54797
RE+2_R2_CH04_C 99.7135 99.725 99.734 99.741 99.7466 9.38388 9.48388
RE+2_R2_CH05_A 96.3784 96.4086 96.4341 96.4557 96.474 9.48545 9.58545
RE+2_R2_CH05_B 97.8401 97.858 97.8725 97.8844 97.894 9.36116 9.46116
RE+2_R2_CH05_C 99.1886 99.2048 99.2178 99.2283 99.2367 9.39709 9.49709
RE+2_R2_CH06_A 96.4688 96.4877 96.5032 96.5158 96.5262 9.41021 9.51021
RE+2_R2_CH06_B 99.9699 99.9934 100.013 100.029 100.042 9.49046 9.59046
RE+2_R2_CH06_C 97.9797 98.0037 98.0237 98.0404 98.0543 9.53695 9.63695
RE+2_R2_CH07_A 98.016 98.0498 98.0785 98.1028 98.1235 9.55769 9.65769
RE+2_R2_CH07_B 98.5749 98.595 98.6114 98.6249 98.6359 9.4173 9.5173
RE+2_R2_CH07_C 99.1395 99.1561 99.1695 99.1803 99.1892 9.39627 9.49627
RE+2_R2_CH08_A 99.358 99.3906 99.4182 99.4416 99.4614 9.51763 9.61763
RE+2_R2_CH08_B 97.1731 97.2013 97.225 97.245 97.2617 9.59971 9.69971
RE+2_R2_CH08_C 99.2869 99.3005 99.3114 99.32 99.3269 9.34734 9.44734
RE+2_R2_CH09_A 97.8079 97.8357 97.8591 97.8786 97.8949 9.46557 9.56557
RE+2_R2_CH09_B 98.3311 98.3444 98.355 98.3634 98.3701 9.35448 9.45448
RE+2_R2_CH09_C 99.5577 99.568 99.576 99.5823 99.5872 9.30901 9.40901
RE+2_R2_CH10_A 99.0879 99.1096 99.1275 99.1422 99.1542 9.38934 9.48934
RE+2_R2_CH10_B 99.3962 99.4166 99.4334 99.4472 99.4586 9.42238 9.52238
RE+2_R2_CH10_C 99.546 99.5636 99.5778 99.5895 99.5989 9.40476 9.50476
RE+2_R2_CH11_A 98.6258 98.6545 98.6786 98.6988 98.7157 9.40628 9.50628
RE+2_R2_CH11_B 98.7004 98.7201 98.7361 98.7492 98.7598 9.41534 9.51534
RE+2_R2_CH11_C 99.4177 99.4351 99.4492 99.4606 99.4698 9.37618 9.47618
RE+2_R2_CH12_A 98.5349 98.5633 98.5871 98.607 98.6237 9.43649 9.53649
RE+2_R2_CH12_B 99.4529 99.4808 99.5041 99.5235 99.5398 9.45962 9.55962
RE+2_R2_CH12_C 99.8036 99.8222 99.8373 99.8496 99.8596 9.37019 9.47019
RE+2_R2_CH13_A 96.8962 96.9181 96.9362 96.9511 96.9634 9.37796 9.47796
RE+2_R2_CH13_B 97.4791 97.4988 97.5149 97.5281 97.5388 9.35917 9.45917
RE+2_R2_CH13_C 98.9777 98.9945 99.0082 99.0193 99.0283 9.38059 9.48059
RE+2_R2_CH14_A 97.8952 97.9295 97.9586 97.9833 98.0043 9.53533 9.63533
RE+2_R2_CH14_B 99.4267 99.4498 99.4688 99.4846 99.4977 9.4702 9.5702
RE+2_R2_CH14_C 99.1847 99.2017 99.2154 99.2266 99.2356 9.43135 9.53135
RE+2_R2_CH15_A 97.6763 97.706 97.7311 97.7522 97.77 9.67095 9.77095
RE+2_R2_CH15_B 98.0873 98.1006 98.1111 98.1196 98.1263 9.36429 9.46429
RE+2_R2_CH15_C 99.2219 99.2307 99.2376 99.2429 99.247 9.29868 9.39868
RE+2_R2_CH16_A 98.0287 98.0534 98.0738 98.0908 98.1049 9.48189 9.58189
RE+2_R2_CH16_B 99.3904 99.4074 99.4211 99.4322 99.4413 9.48339 9.58339
RE+2_R2_CH16_C 99.8302 99.8417 99.8508 99.858 99.8636 9.39822 9.49822
RE+2_R2_CH17_A 98.1235 98.1399 98.1533 98.1641 98.1729 9.36998 9.46998
RE+2_R2_CH17_B 96.5271 96.5419 96.5539 96.5634 96.5711 9.34478 9.44478
RE+2_R2_CH17_C 99.0469 99.0695 99.0881 99.1034 99.1161 9.41517 9.51517
RE+2_R2_CH18_A 96.208 96.2378 96.2629 96.2842 96.3023 9.63604 9.73604
RE+2_R2_CH18_B 98.5092 98.5309 98.5487 98.5634 98.5754 9.61505 9.71505
RE+2_R2_CH18_C 99.3308 99.3489 99.3637 99.3757 99.3855 9.55834 9.65834
RE+2_R2_CH19_A 96.7454 96.7666 96.784 96.7984 96.8102 9.46716 9.56716
RE+2_R2_CH19_B 96.8872 96.9082 96.9254 96.9396 96.9512 9.43123 9.53123
RE+2_R2_CH19_C 98.5381 98.5623 98.5824 98.599 98.6129 9.42821 9.52821
RE+2_R2_CH20_B 99.1402 99.1826 99.2192 99.2508 99.278 9.69362 9.79362
RE+2_R2_CH20_C 98.4796 98.5033 98.5229 98.5391 98.5526 9.56463 9.66463
RE+2_R2_CH21_A 98.1607 98.1842 98.2035 98.2195 98.2327 9.43959 9.53959
RE+2_R2_CH21_B 97.9851 98.0068 98.0247 98.0395 98.0516 9.43676 9.53676
RE+2_R2_CH21_C 99.3985 99.4159 99.4299 99.4413 99.4505 9.40126 9.50126
RE+2_R2_CH22_A 98.4064 98.4223 98.435 98.4453 98.4536 9.49789 9.59789
RE+2_R2_CH22_B 98.4344 98.4522 98.4667 98.4784 98.4879 9.54745 9.64745
RE+2_R2_CH22_C 98.9425 98.9609 98.9759 98.9882 98.9982 9.47539 9.57539
RE+2_R2_CH23_B 95.1457 95.1713 95.1927 95.2106 95.2256 9.6368 9.7368
RE+2_R2_CH23_C 97.7056 97.7464 97.7815 97.8116 97.8376 9.69334 9.79334
RE+2_R2_CH24_A 98.0077 98.0247 98.0385 98.0497 98.0588 9.53419 9.63419
RE+2_R2_CH24_B 99.8852 99.8992 99.9103 99.9192 99.9263 9.45621 9.55621
RE+2_R2_CH24_C 99.5508 99.5622 99.5713 99.5784 99.584 9.42849 9.52849
RE+2_R2_CH25_A 95.6326 95.652 95.6679 95.6808 95.6913 9.44043 9.54043
RE+2_R2_CH25_B 96.7292 96.7545 96.7756 96.7932 96.8078 9.48461 9.58461
RE+2_R2_CH25_C 98.5134 98.5367 98.556 98.572 98.5852 9.50397 9.60397
RE+2_R2_CH26_A 97.2443 97.2614 97.2753 97.2867 97.2958 9.55692 9.65692
RE+2_R2_CH26_B 97.939 97.9616 97.9802 97.9956 98.0083 9.61081 9.71081
RE+2_R2_CH26_C 96.5333 96.5447 96.5536 96.5606 96.5662 9.52088 9.62088
RE+2_R2_CH27_A 97.7089 97.7251 97.7382 97.7488 97.7574 9.52082 9.62082
RE+2_R2_CH27_B 97.9143 97.9388 97.9591 97.9761 97.9902 9.61003 9.71003
RE+2_R2_CH27_C 99.4177 99.4336 99.4463 99.4566 99.4649 9.53667 9.63667
RE+2_R2_CH28_A 99.1598 99.1781 99.1931 99.2053 99.2153 9.4959 9.5959
RE+2_R2_CH28_B 99.6503 99.668 99.6823 99.6939 99.7033 9.50196 9.60196
RE+2_R2_CH28_C 99.7703 99.7923 99.8104 99.8253 99.8376 9.46856 9.56856
RE+2_R2_CH29_A 96.6038 96.6188 96.6309 96.6405 96.6483 9.50329 9.60329
RE+2_R2_CH29_B 98.188 98.2019 98.213 98.2219 98.229 9.48133 9.58133
RE+2_R2_CH29_C 99.0728 99.0814 99.088 99.0931 99.0971 9.41558 9.51558
RE+2_R2_CH30_A 99.7041 99.7375 99.7659 99.7899 99.8103 9.57762 9.67762
RE+2_R2_CH30_B 99.3948 99.408 99.4185 99.427 99.4337 9.46224 9.56224
RE+2_R2_CH30_C 99.4383 99.4492 99.4577 99.4645 99.4698 9.39011 9.49011
RE+2_R2_CH31_A 98.5243 98.5515 98.5742 98.5933 98.6093 9.59883 9.69883
RE+2_R2_CH31_B 98.4998 98.5105 98.5188 98.5254 98.5306 9.43089 9.53089
RE+2_R2_CH31_C 99.2841 99.2957 99.3049 99.3122 99.3179 9.39455 9.49455
RE+2_R2_CH32_A 99.5374 99.559 99.5768 99.5914 99.6034 9.58845 9.68845
RE+2_R2_CH32_B 99.5625 99.5774 99.5894 99.599 99.6067 9.43158 9.53158
RE+2_R2_CH32_C 99.6821 99.6905 99.6971 99.7022 99.7061 9.38151 9.48151
RE+2_R2_CH33_A 95.6948 95.7212 95.7433 95.7617 95.7771 9.51954 9.61954
RE+2_R2_CH33_B 97.6449 97.6583 97.6691 97.6777 97.6845 9.37486 9.47486
RE+2_R2_CH33_C 97.9144 97.9233 97.9302 97.9355 97.9397 9.34813 9.44813
RE+2_R2_CH34_A 97.9169 97.9414 97.9618 97.9787 97.9927 9.49626 9.59626
RE+2_R2_CH34_B 99.5132 99.5322 99.5477 99.5604 99.5708 9.47801 9.57801
RE+2_R2_CH34_C 99.4593 99.4705 99.4793 99.4863 99.4918 9.40109 9.50109
RE+2_R2_CH35_A 96.4237 96.4555 96.4825 96.5054 96.525 9.57994 9.67994
RE+2_R2_CH35_B 98.4492 98.4615 98.4712 98.4789 98.485 9.42719 9.52719
RE+2_R2_CH35_C 99.2136 99.2295 99.2423 99.2526 99.2608 9.382 9.482
RE+2_R2_CH36_A 96.8263 96.8687 96.9053 96.937 96.9645 9.73083 9.83083
RE+2_R2_CH36_B 97.5275 97.5579 97.5835 97.6051 97.6234 9.68681 9.78681
RE+2_R2_CH36_C 95.7435 95.761 95.7752 95.7868 95.7963 9.58644 9.68644
RE+2_R3_CH01_B 96.0948 96.119 96.139 96.1557 96.1696 9.48604 9.58604
RE+2_R3_CH01_C 95.6821 95.7119 95.7372 95.7585 95.7766 9.52912 9.62912
RE+2_R3_CH02_B 99.144 99.1815 99.2135 99.2409 99.2644 9.64049 9.74049
RE+2_R3_CH02_C 99.3753 99.393 99.4074 99.419 99.4284 9.45925 9.55925
RE+2_R3_CH03_B 93.5816 93.6217 93.6563 93.6862 93.712 9.61902 9.71902
RE+2_R3_CH03_C 97.4499 97.4818 97.5089 97.5318 97.5513 9.5661 9.6661
RE+2_R3_CH04_B 99.2902 99.3034 99.314 99.3224 99.3291 9.38252 9.48252
RE+2_R3_CH04_C 99.0594 99.0698 99.0779 99.0843 99.0893 9.28732 9.38732
RE+2_R3_CH05_B 95.7021 95.7404 95.7734 95.8017 95.8262 9.67135 9.77135
RE+2_R3_CH05_C 96.9232 96.9574 96.9864 97.0112 97.0323 9.55584 9.65584
RE+2_R3_CH06_B 97.6067 97.6284 97.6464 97.6612 97.6734 9.51047 9.61047
RE+2_R3_CH06_C 99.0395 99.0576 99.0723 99.0841 99.0937 9.45526 9.55526
RE+2_R3_CH07_B 96.6452 96.6738 96.6978 96.7181 96.7352 9.47556 9.57556
RE+2_R3_CH07_C 96.9196 96.9351 96.9476 96.9576 96.9658 9.35989 9.45989
RE+2_R3_CH08_C 98.9899 99.0175 99.0405 99.0599 99.0761 9.3991 9.4991
RE+2_R3_CH09_B 97.3902 97.404 97.4149 97.4237 97.4307 9.41837 9.51837
RE+2_R3_CH09_C 94.7467 94.7816 94.8114 94.8368 94.8585 9.48563 9.58563
RE+2_R3_CH10_B 99.0917 99.1089 99.1228 99.134 99.1431 9.42658 9.52658
RE+2_R3_CH10_C 99.4407 99.4574 99.4711 99.4821 99.4911 9.41543 9.51543
RE+2_R3_CH11_C 92.0009 92.0329 92.0601 92.0833 92.103 9.5279 9.6279
RE+2_R3_CH12_B 99.1492 99.1559 99.161 99.1649 99.1679 9.29988 9.39988
RE+2_R3_CH12_C 99.2976 99.3081 99.3164 99.3228 99.3279 9.26039 9.36039
RE+2_R3_CH13_B 98.5457 98.5779 98.6053 98.6286 98.6483 9.45592 9.55592
RE+2_R3_CH13_C 96.1739 96.1958 96.2138 96.2288 96.2412 9.37185 9.47185
RE+2_R3_CH14_B 98.1151 98.1557 98.1908 98.2212 98.2474 9.56551 9.66551
RE+2_R3_CH14_C 99.0074 99.0292 99.0471 99.0619 99.074 9.43351 9.53351
RE+2_R3_CH15_B 96.9713 96.9882 97.0018 97.0129 97.0218 9.37524 9.47524
RE+2_R3_CH15_C 95.0678 95.0945 95.1168 95.1354 95.151 9.46824 9.56824
RE+2_R3_CH16_B 99.147 99.1684 99.1859 99.2003 99.2121 9.42388 9.52388
RE+2_R3_CH16_C 99.2154 99.2351 99.2512 99.2643 99.275 9.3662 9.4662
RE+2_R3_CH17_C 97.6565 97.6858 97.7105 97.7312 97.7486 9.49762 9.59762
RE+2_R3_CH18_B 98.001 98.0221 98.0394 98.0536 98.0654 9.52601 9.62601
RE+2_R3_CH18_C 98.7853 98.8052 98.8215 98.8348 98.8456 9.44227 9.54227
RE+2_R3_CH19_B 96.6508 96.6672 96.6806 96.6914 96.7002 9.51167 9.61167
RE+2_R3_CH19_C 96.628 96.6499 96.6681 96.6831 96.6954 9.44196 9.54196
RE+2_R3_CH20_B 98.6213 98.6302 98.6371 98.6425 98.6467 9.41059 9.51059
RE+2_R3_CH20_C 98.5906 98.6137 98.6328 98.6487 98.6618 9.50054 9.60054
RE+2_R3_CH21_B 98.6699 98.6892 98.705 98.7178 98.7282 9.46317 9.56317
RE+2_R3_CH21_C 96.6723 96.6875 96.6997 96.7095 96.7175 9.43439 9.53439
RE+2_R3_CH22_B 98.1968 98.2108 98.222 98.231 98.2382 9.50661 9.60661
RE+2_R3_CH22_C 99.4183 99.4339 99.4465 99.4565 99.4646 9.42228 9.52228
RE+2_R3_CH23_B 97.381 97.3993 97.4142 97.4263 97.4363 9.60907 9.70907
RE+2_R3_CH23_C 89.1783 89.208 89.233 89.2542 89.2721 9.6388 9.7388
RE+2_R3_CH24_B 99.8228 99.856 99.8842 99.9081 99.9284 9.58585 9.68585
RE+2_R3_CH24_C 99.1455 99.1636 99.1784 99.1903 99.2 9.48604 9.58604
RE+2_R3_CH25_B 97.3385 97.3667 97.3905 97.4106 97.4274 9.57544 9.67544
RE+2_R3_CH25_C 96.6507 96.6727 96.691 96.706 96.7184 9.4732 9.5732
RE+2_R3_CH26_B 97.8256 97.8496 97.8697 97.8863 97.9002 9.67572 9.77572
RE+2_R3_CH26_C 95.3417 95.375 95.4034 95.4277 95.4484 9.66475 9.76475
RE+2_R3_CH27_B 96.2176 96.227 96.2343 96.2401 96.2445 9.4965 9.5965
RE+2_R3_CH27_C 96.5014 96.5303 96.5547 96.5753 96.5926 9.61241 9.71241
RE+2_R3_CH28_B 98.7528 98.765 98.7746 98.7822 98.7883 9.49952 9.59952
RE+2_R3_CH28_C 99.3754 99.3897 99.401 99.4101 99.4173 9.45603 9.55603
RE+2_R3_CH29_B 91.4008 91.4443 91.4822 91.5153 91.5442 10.0187 10.1187
RE+2_R3_CH29_C 96.9493 96.9704 96.9878 97.0021 97.0139 9.51758 9.61758
RE+2_R3_CH30_B 98.6699 98.6749 98.6787 98.6815 98.6836 9.4234 9.5234
RE+2_R3_CH30_C 99.433 99.4632 99.4886 99.5099 99.5279 9.55151 9.65151
RE+2_R3_CH31_B 95.8889 95.9143 95.9355 95.9532 95.968 9.54527 9.64527
RE+2_R3_CH31_C 94.7735 94.7964 94.8154 94.8312 94.8442 9.55001 9.65001
RE+2_R3_CH32_B 97.5457 97.5671 97.5847 97.5992 97.611 9.61203 9.71203
RE+2_R3_CH32_C 98.8444 98.8687 98.889 98.9059 98.9199 9.52932 9.62932
RE+2_R3_CH33_B 88.3323 88.3475 88.3598 88.3697 88.3778 9.73302 9.83302
RE+2_R3_CH34_B 98.6129 98.62 98.6255 98.6297 98.6329 9.38544 9.48544
RE+2_R3_CH34_C 99.3121 99.3237 99.3328 99.3401 99.3458 9.42603 9.52603
RE+2_R3_CH35_B 95.8826 95.9057 95.925 95.9409 95.9542 9.50903 9.60903
RE+2_R3_CH35_C 96.1668 96.2017 96.2316 96.257 96.2786 9.57528 9.67528
RE+2_R3_CH36_B 98.8281 98.8467 98.8619 98.8742 98.8842 9.47324 9.57324
RE+2_R3_CH36_C 98.8804 98.8971 98.9106 98.9215 98.9303 9.46755 9.56755
RE+3_R2_CH01_A 96.8875 96.9159 96.9398 96.96 96.9769 9.64767 9.74767
RE+3_R2_CH01_B 94.1242 94.1402 94.1531 94.1636 94.1721 9.58441 9.68441
RE+3_R2_CH02_A 94.9259 94.9533 94.9762 94.9954 95.0114 9.48136 9.58136
RE+3_R2_CH02_B 96.3083 96.3219 96.3328 96.3415 96.3485 9.47437 9.57437
RE+3_R2_CH03_A 95.4144 95.4357 95.4533 95.4677 95.4795 9.46946 9.56946
RE+3_R2_CH03_B 95.2396 95.254 95.2656 95.2749 95.2824 9.49866 9.59866
RE+3_R2_CH04_A 92.2766 92.3031 92.3255 92.3443 92.3602 9.67875 9.77875
RE+3_R2_CH04_B 94.8811 94.9099 94.934 94.9544 94.9715 9.67697 9.77697
RE+3_R2_CH05_A 96.5882 96.6156 96.6385 96.6576 96.6736 9.61163 9.71163
RE+3_R2_CH05_B 96.9397 96.9526 96.9628 96.9709 96.9773 9.46623 9.56623
RE+3_R2_CH06_A 96.5683 96.592 96.6116 96.6278 96.6412 9.41813 9.51813
RE+3_R2_CH06_B 96.8462 96.8727 96.8948 96.9134 96.929 9.62515 9.72515
RE+3_R2_CH07_A 95.1983 95.2274 95.2519 95.2725 95.2898 9.61229 9.71229
RE+3_R2_CH07_B 95.044 95.0582 95.0696 95.0788 95.0861 9.60107 9.70107
RE+3_R2_CH08_A 90.7602 90.7895 90.8143 90.8353 90.8531 9.57696 9.67696
RE+3_R2_CH08_B 93.9856 94.0089 94.0282 94.0442 94.0576 9.56796 9.66796
RE+3_R2_CH09_A 96.8857 96.9121 96.9343 96.9528 96.9683 9.61018 9.71018
RE+3_R2_CH09_B 96.0282 96.0461 96.0607 96.0726 96.0824 9.58319 9.68319
RE+3_R2_CH10_A 98.2714 98.3082 98.3397 98.3666 98.3897 9.45751 9.55751
RE+3_R2_CH10_B 96.9402 96.962 96.98 96.9948 97.007 9.41986 9.51986
RE+3_R2_CH11_A 97.1819 97.2138 97.2409 97.2638 97.2833 9.64301 9.74301
RE+3_R2_CH11_B 94.3977 94.4145 94.4281 94.4391 94.448 9.5704 9.6704
RE+3_R2_CH12_A 98.8205 98.8354 98.8474 98.857 98.8648 9.3768 9.4768
RE+3_R2_CH12_B 95.4742 95.4958 95.5137 95.5285 95.5407 9.47965 9.57965
RE+3_R2_CH13_A 96.7797 96.8016 96.8198 96.8348 96.8472 9.46839 9.56839
RE+3_R2_CH13_B 96.0129 96.0307 96.0452 96.057 96.0666 9.50967 9.60967
RE+3_R2_CH14_A 95.6866 95.7113 95.7318 95.7489 95.7631 9.53297 9.63297
RE+3_R2_CH14_B 96.2484 96.2644 96.2774 96.2879 96.2964 9.51812 9.61812
RE+3_R2_CH15_A 98.3601 98.3903 98.4158 98.4373 98.4556 9.59014 9.69014
RE+3_R2_CH15_B 96.2192 96.2464 96.2692 96.2883 96.3044 9.58189 9.68189
RE+3_R2_CH16_A 96.5288 96.5486 96.5649 96.5783 96.5893 9.54522 9.64522
RE+3_R2_CH16_B 97.0207 97.0414 97.0584 97.0724 97.0839 9.51247 9.61247
RE+3_R2_CH17_A 95.9715 95.9907 96.0065 96.0194 96.0299 9.51841 9.61841
RE+3_R2_CH17_B 94.0188 94.0317 94.042 94.0502 94.0567 9.4753 9.5753
RE+3_R2_CH18_A 96.2689 96.2881 96.3038 96.3166 96.3271 9.55051 9.65051
RE+3_R2_CH18_B 96.3619 96.3737 96.3831 96.3906 96.3965 9.50075 9.60075
RE+3_R2_CH19_A 96.6496 96.6686 96.6841 96.6967 96.7071 9.57401 9.67401
RE+3_R2_CH19_B 96.0716 96.0865 96.0986 96.1083 96.1161 9.49867 9.59867
RE+3_R2_CH20_A 94.1608 94.1772 94.1905 94.2013 94.2101 9.56244 9.66244
RE+3_R2_CH20_B 97.9278 97.947 97.9627 97.9756 97.9861 9.66608 9.76608
RE+3_R2_CH21_A 97.1594 97.1826 97.2017 97.2176 97.2308 9.60036 9.70036
RE+3_R2_CH21_B 96.6928 96.7078 96.7198 96.7295 96.7373 9.61371 9.71371
RE+3_R2_CH22_A 97.1649 97.1829 97.1976 97.2096 97.2194 9.64766 9.74766
RE+3_R2_CH22_B 96.9434 96.9562 96.9664 96.9745 96.981 9.56487 9.66487
RE+3_R2_CH23_A 98.0269 98.0544 98.0774 98.0967 98.1128 9.72626 9.82626
RE+3_R2_CH23_B 95.8956 95.9095 95.9206 95.9295 95.9367 9.59268 9.69268
RE+3_R2_CH24_A 94.6309 94.6485 94.6628 94.6744 94.6839 9.54429 9.64429
RE+3_R2_CH24_B 98.036 98.0609 98.0816 98.0988 98.1131 9.80972 9.90972
RE+3_R2_CH25_A 94.3997 94.4284 94.4525 94.4728 94.4899 9.67944 9.77944
RE+3_R2_CH25_B 95.0763 95.0859 95.0934 95.0993 95.1039 9.61968 9.71968
RE+3_R2_CH26_A 96.434 96.4511 96.4649 96.4761 96.4852 9.55222 9.65222
RE+3_R2_CH26_B 96.4505 96.4651 96.4769 96.4862 96.4938 9.63919 9.73919
RE+3_R2_CH27_A 96.3326 96.3477 96.3599 96.3697 96.3776 9.52999 9.62999
RE+3_R2_CH27_B 96.2959 96.3091 96.3196 96.328 96.3348 9.60571 9.70571
RE+3_R2_CH28_A 98.8247 98.846 98.8635 98.8779 98.8896 9.47487 9.57487
RE+3_R2_CH28_B 98.0737 98.0883 98.1 98.1094 98.117 9.46284 9.56284
RE+3_R2_CH29_A 96.8044 96.8327 96.8566 96.8767 96.8936 9.58091 9.68091
RE+3_R2_CH29_B 95.6699 95.6872 95.7013 95.7127 95.722 9.49911 9.59911
RE+3_R2_CH30_A 92.2958 92.3126 92.3263 92.3374 92.3464 9.68919 9.78919
RE+3_R2_CH30_B 98.1719 98.1898 98.2045 98.2164 98.226 9.65482 9.75482
RE+3_R2_CH31_A 97.5949 97.6251 97.6506 97.6721 97.6902 9.55668 9.65668
RE+3_R2_CH31_B 96.0416 96.0599 96.0749 96.0872 96.0972 9.5739 9.6739
RE+3_R2_CH32_A 96.2719 96.2971 96.318 96.3354 96.3499 9.60979 9.70979
RE+3_R2_CH32_B 97.4168 97.4294 97.4393 97.4472 97.4535 9.52319 9.62319
RE+3_R2_CH33_A 95.7997 95.8265 95.8489 95.8677 95.8834 9.56321 9.66321
RE+3_R2_CH33_B 95.9987 96.0175 96.0328 96.0453 96.0555 9.50308 9.60308
RE+3_R2_CH34_A 96.1146 96.142 96.165 96.1843 96.2004 9.6629 9.7629
RE+3_R2_CH34_B 97.2772 97.3002 97.3192 97.3348 97.3478 9.56833 9.66833
RE+3_R2_CH35_A 95.4441 95.4854 95.5211 95.5518 95.5784 9.60248 9.70248
RE+3_R2_CH35_B 96.2081 96.2269 96.2423 96.2548 96.265 9.52859 9.62859
RE+3_R2_CH36_A 93.5422 93.5805 93.6134 93.6417 93.666 9.65258 9.75258
RE+3_R2_CH36_B 97.265 97.2821 97.2959 97.3071 97.3163 9.56131 9.66131
RE+3_R3_CH01_A 95.3014 95.3546 95.4017 95.4434 95.4804 9.79104 9.89104
RE+3_R3_CH01_B 96.0643 96.0898 96.1112 96.129 96.1438 9.53247 9.63247
RE+3_R3_CH01_C 96.2991 96.3177 96.3329 96.3453 96.3554 9.42066 9.52066
RE+3_R3_CH02_A 97.6827 97.716 97.7442 97.7682 97.7886 9.47311 9.57311
RE+3_R3_CH02_B 98.2779 98.3086 98.3346 98.3564 98.3749 9.56759 9.66759
RE+3_R3_CH02_C 99.4329 99.4476 99.4594 99.4688 99.4764 9.42664 9.52664
RE+3_R3_CH03_A 96.0326 96.0589 96.0809 96.0994 96.1148 9.45348 9.55348
RE+3_R3_CH03_B 96.1345 96.1575 96.1765 96.1924 96.2055 9.50089 9.60089
RE+3_R3_CH03_C 97.5962 97.6174 97.6349 97.6493 97.6612 9.41817 9.51817
RE+3_R3_CH04_A 98.6849 98.7253 98.7601 98.7901 98.8159 9.52724 9.62724
RE+3_R3_CH04_B 96.8234 96.8506 96.8733 96.8924 96.9084 9.50084 9.60084
RE+3_R3_CH04_C 99.5233 99.5504 99.573 99.5918 99.6076 9.45202 9.55202
RE+3_R3_CH05_A 96.6359 96.6675 96.6943 96.7171 96.7365 9.48051 9.58051
RE+3_R3_CH05_B 97.2701 97.2925 97.3109 97.3262 97.3388 9.4592 9.5592
RE+3_R3_CH05_C 96.3645 96.3897 96.4106 96.4279 96.4424 9.43439 9.53439
RE+3_R3_CH06_A 97.8253 97.8511 97.8726 97.8905 97.9054 9.38597 9.48597
RE+3_R3_CH06_B 97.888 97.9069 97.9223 97.9349 97.9453 9.42223 9.52223
RE+3_R3_CH06_C 99.547 99.5643 99.5783 99.5896 99.5987 9.3879 9.4879
RE+3_R3_CH07_B 96.8273 96.8491 96.867 96.8817 96.8938 9.48306 9.58306
RE+3_R3_CH07_C 98.3448 98.3682 98.3876 98.4036 98.417 9.46802 9.56802
RE+3_R3_CH08_A 97.8118 97.8542 97.891 97.9228 97.9503 9.51642 9.61642
RE+3_R3_CH08_B 98.4428 98.4709 98.4943 98.514 98.5304 9.4571 9.5571
RE+3_R3_CH08_C 98.9261 98.9442 98.9588 98.9706 98.9802 9.3564 9.4564
RE+3_R3_CH09_A 97.2169 97.2301 97.2407 97.2491 97.2558 9.28041 9.38041
RE+3_R3_CH09_B 97.3519 97.3636 97.3729 97.3803 97.3861 9.32706 9.42706
RE+3_R3_CH09_C 98.3552 98.3684 98.3789 98.3873 98.394 9.32013 9.42013
RE+3_R3_CH10_A 97.3511 97.387 97.4177 97.4438 97.4661 9.41505 9.51505
RE+3_R3_CH10_B 96.5554 96.5754 96.5918 96.6053 96.6164 9.48374 9.58374
RE+3_R3_CH10_C 99.4624 99.4822 99.4984 99.5116 99.5225 9.41127 9.51127
RE+3_R3_CH11_A 97.0113 97.0463 97.0762 97.1017 97.1234 9.48069 9.58069
RE+3_R3_CH11_B 96.0338 96.0723 96.1055 96.1341 96.1587 9.57118 9.67118
RE+3_R3_CH11_C 97.5053 97.5404 97.5703 97.5959 97.6178 9.48702 9.58702
RE+3_R3_CH12_A 98.8584 98.8859 98.909 98.9283 98.9444 9.37378 9.47378
RE+3_R3_CH12_B 97.7917 97.8138 97.8321 97.8473 97.8598 9.43335 9.53335
RE+3_R3_CH12_C 99.5655 99.5826 99.5965 99.6078 99.6169 9.36781 9.46781
RE+3_R3_CH13_A 97.4842 97.5075 97.5268 97.5427 97.5559 9.35341 9.45341
RE+3_R3_CH13_B 95.9537 95.999 96.0384 96.0728 96.1028 9.66946 9.76946
RE+3_R3_CH13_C 97.5653 97.5936 97.6173 97.6373 97.6541 9.4561 9.5561
RE+3_R3_CH14_A 99.3717 99.4085 99.4399 99.4667 99.4895 9.57463 9.67463
RE+3_R3_CH14_B 98.1886 98.2132 98.2337 98.2507 98.2648 9.54194 9.64194
RE+3_R3_CH14_C 99.8403 99.8579 99.8721 99.8836 99.8929 9.40219 9.50219
RE+3_R3_CH15_A 96.9015 96.925 96.9444 96.9605 96.9738 9.45076 9.55076
RE+3_R3_CH15_B 96.9803 97.0096 97.0342 97.0549 97.0723 9.55662 9.65662
RE+3_R3_CH15_C 98.1451 98.1777 98.2053 98.2288 98.2486 9.55938 9.65938
RE+3_R3_CH16_A 98.0065 98.0247 98.0394 98.0515 98.0614 9.35976 9.45976
RE+3_R3_CH16_B 98.5888 98.612 98.6312 98.6471 98.6603 9.5326 9.6326
RE+3_R3_CH16_C 99.2637 99.2767 99.2871 99.2955 99.3021 9.43568 9.53568
RE+3_R3_CH17_A 97.4652 97.4767 97.4859 97.4931 97.4988 9.47574 9.57574
RE+3_R3_CH17_B 97.5266 97.5433 97.5568 97.5677 97.5766 9.4286 9.5286
RE+3_R3_CH17_C 98.6252 98.6456 98.6623 98.6761 98.6874 9.4511 9.5511
RE+3_R3_CH18_A 96.801 96.8265 96.8478 96.8655 96.8804 9.54981 9.64981
RE+3_R3_CH18_B 97.3451 97.3708 97.3923 97.4102 97.4252 9.57477 9.67477
RE+3_R3_CH18_C 99.6958 99.7138 99.7284 99.7402 99.7498 9.48818 9.58818
RE+3_R3_CH19_A 91.878 91.9159 91.9485 91.9765 92.0007 9.67974 9.77974
RE+3_R3_CH19_C 80.909 80.9463 80.9788 81.0071 81.0317 9.83885 9.93885
RE+3_R3_CH20_A 98.0173 98.0525 98.0825 98.1082 98.1302 9.63735 9.73735
RE+3_R3_CH20_B 97.2024 97.2167 97.2282 97.2374 97.2447 9.54057 9.64057
RE+3_R3_CH20_C 98.9903 99.0074 99.0212 99.0324 99.0414 9.50907 9.60907
RE+3_R3_CH21_A 97.7009 97.7304 97.7551 97.7759 97.7934 9.58373 9.68373
RE+3_R3_CH21_B 97.5344 97.5538 97.5697 97.5827 97.5934 9.59186 9.69186
RE+3_R3_CH21_C 98.4705 98.5 98.5249 98.5458 98.5634 9.62014 9.72014
RE+3_R3_CH22_A 98.3451 98.3879 98.425 98.4571 98.4849 9.69642 9.79642
RE+3_R3_CH22_B 98.8908 98.9135 98.9322 98.9476 98.9603 9.5853 9.6853
RE+3_R3_CH22_C 99.8127 99.835 99.8533 99.8684 99.8807 9.54088 9.64088
RE+3_R3_CH23_A 98.2278 98.2531 98.2741 98.2916 98.3061 9.55096 9.65096
RE+3_R3_CH23_B 97.2592 97.2742 97.2863 97.2961 97.3039 9.57018 9.67018
RE+3_R3_CH23_C 98.5833 98.6195 98.6505 98.677 98.6996 9.64517 9.74517
RE+3_R3_CH24_A 93.1107 93.1347 93.1547 93.1713 93.1851 9.74118 9.84118
RE+3_R3_CH24_B 98.4861 98.4955 98.5028 98.5085 98.5129 9.51032 9.61032
RE+3_R3_CH24_C 99.1937 99.2078 99.2191 99.2281 99.2353 9.50554 9.60554
RE+3_R3_CH25_A 96.3772 96.4167 96.4508 96.4803 96.5058 9.63923 9.73923
RE+3_R3_CH25_B 97.5641 97.5807 97.5942 97.6051 97.614 9.606 9.706
RE+3_R3_CH25_C 96.8395 96.8577 96.8725 96.8846 96.8944 9.62661 9.72661
RE+3_R3_CH26_A 98.7382 98.7662 98.7896 98.8091 98.8255 9.77586 9.87586
RE+3_R3_CH26_B 98.4986 98.5169 98.5319 98.5442 98.5542 9.60378 9.70378
RE+3_R3_CH26_C 99.5955 99.6118 99.6248 99.6354 99.6438 9.50483 9.60483
RE+3_R3_CH27_A 96.8195 96.8406 96.8579 96.8722 96.8839 9.58222 9.68222
RE+3_R3_CH27_B 97.302 97.3175 97.33 97.34 97.3481 9.59839 9.69839
RE+3_R3_CH27_C 97.8315 97.8518 97.8684 97.882 97.8932 9.58803 9.68803
RE+3_R3_CH28_A 90.58 90.6252 90.6648 90.6994 90.7296 9.83943 9.93943
RE+3_R3_CH28_B 95.9668 95.9898 96.0089 96.0247 96.0378 9.62355 9.72355
RE+3_R3_CH28_C 98.0707 98.0894 98.1047 98.1171 98.1272 9.55809 9.65809
RE+3_R3_CH29_A 97.8056 97.8429 97.8749 97.9022 97.9256 9.6699 9.7699
RE+3_R3_CH29_B 98.3935 98.4095 98.4225 98.433 98.4415 9.59232 9.69232
RE+3_R3_CH29_C 97.3944 97.4244 97.4497 97.471 97.489 9.64783 9.74783
RE+3_R3_CH30_A 98.1049 98.1309 98.1526 98.1708 98.1859 9.64783 9.74783
RE+3_R3_CH30_B 98.3143 98.345 98.3709 98.3928 98.4114 9.69999 9.79999
RE+3_R3_CH30_C 99.1492 99.1626 99.1734 99.1819 99.1888 9.51615 9.61615
RE+3_R3_CH31_A 95.3684 95.3889 95.4058 95.4197 95.4311 9.62919 9.72919
RE+3_R3_CH32_A 98.8232 98.8788 98.9279 98.9713 99.0097 9.74709 9.84709
RE+3_R3_CH32_B 97.7683 97.7935 97.8146 97.8322 97.8469 9.62966 9.72966
RE+3_R3_CH32_C 99.1336 99.1564 99.1753 99.191 99.2039 9.51706 9.61706
RE+3_R3_CH33_B 92.5145 92.5493 92.5792 92.6048 92.6268 9.58592 9.68592
RE+3_R3_CH33_C 95.3983 95.4308 95.4584 95.482 95.502 9.59972 9.69972
RE+3_R3_CH34_A 90.9785 91.0102 91.0372 91.0602 91.0798 9.60856 9.70856
RE+3_R3_CH34_B 97.6956 97.7171 97.7347 97.7492 97.7611 9.58529 9.68529
RE+3_R3_CH34_C 99.1768 99.1959 99.2115 99.2243 99.2347 9.49172 9.59172
RE+3_R3_CH35_A 95.6291 95.6648 95.6954 95.7217 95.7442 9.46832 9.56832
RE+3_R3_CH35_B 96.3142 96.3358 96.3537 96.3684 96.3806 9.4684 9.5684
RE+3_R3_CH35_C 99.1921 99.2354 99.2728 99.3051 99.333 9.60971 9.70971
RE+3_R3_CH36_A 91.5825 91.6225 91.6572 91.6873 91.7134 9.72072 9.82072
RE+3_R3_CH36_B 90.0759 90.1072 90.1339 90.1565 90.1758 9.58495 9.68495
RE+3_R3_CH36_C 97.1787 97.2157 97.2474 97.2746 97.298 9.57594 9.67594
