RE-1_R2_CH01_A 95.0445 95.8758 96.5608 97.1238 97.5854 9.44027 9.54027
RE-1_R2_CH01_B 95.273 96.2114 96.9593 97.5532 98.0234 9.42596 9.52596
RE-1_R2_CH01_C 94.4258 95.2325 95.9022 96.4568 96.9149 9.50342 9.60342
RE-1_R2_CH02_A 93.7103 94.5486 95.2485 95.8311 96.315 9.48311 9.58311
RE-1_R2_CH02_B 93.9678 94.7608 95.4305 95.9946 96.4688 9.47334 9.57334
RE-1_R2_CH02_C 93.6638 94.4622 95.1313 95.6905 96.1569 9.49174 9.59174
RE-1_R2_CH03_A 94.3655 95.2139 95.9225 96.5128 97.0033 9.43894 9.53894
RE-1_R2_CH03_B 94.9126 95.7208 96.3916 96.9468 97.4052 9.51574 9.61574
RE-1_R2_CH03_C 93.0287 93.86 94.5468 95.1126 95.5777 9.5621 9.6621
RE-1_R2_CH04_A 94.0874 94.8098 95.4236 95.9439 96.3841 9.51776 9.61776
RE-1_R2_CH04_B 94.935 95.7395 96.4191 96.9919 97.4736 9.55231 9.65231
RE-1_R2_CH04_C 93.3714 94.149 94.8046 95.3561 95.819 9.55183 9.65183
RE-1_R2_CH05_A 94.0194 94.9442 95.6912 96.2925 96.7751 9.28554 9.38554
RE-1_R2_CH05_B 93.8307 94.8226 95.6211 96.2612 96.773 9.30597 9.40597
RE-1_R2_CH05_C 93.8867 94.7313 95.4222 95.9856 96.4439 9.31258 9.41258
RE-1_R2_CH06_A 93.5529 94.3359 94.9965 95.5525 96.0195 9.43975 9.53975
RE-1_R2_CH06_B 95.0186 95.8117 96.4748 97.0276 97.4876 9.43763 9.53763
RE-1_R2_CH06_C 93.943 94.65 95.2582 95.7803 96.2278 9.44666 9.54666
RE-1_R2_CH07_A 94.9159 95.6878 96.3371 96.8818 97.3378 9.37317 9.47317
RE-1_R2_CH07_B 93.932 94.799 95.5183 96.1132 96.6041 9.36932 9.46932
RE-1_R2_CH07_C 94.3988 95.1313 95.7493 96.2696 96.7068 9.44321 9.54321
RE-1_R2_CH08_A 94.6434 95.3873 96.0158 96.5457 96.9916 9.35942 9.45942
RE-1_R2_CH08_B 94.6773 95.4316 96.0699 96.6087 97.0628 9.31442 9.41442
RE-1_R2_CH08_C 94.6237 95.4391 96.1168 96.6786 97.1431 9.28909 9.38909
RE-1_R2_CH09_A 94.7229 95.5746 96.2789 96.8596 97.3372 9.32167 9.42167
RE-1_R2_CH09_B 94.6684 95.7123 96.5324 97.174 97.6742 9.28418 9.38418
RE-1_R2_CH09_C 94.6671 95.4696 96.1353 96.6861 97.1407 9.38587 9.48587
RE-1_R2_CH10_A 94.7666 95.7522 96.5436 97.1768 97.6817 9.32682 9.42682
RE-1_R2_CH10_B 94.6106 95.6853 96.5335 97.2 97.722 9.31723 9.41723
RE-1_R2_CH10_C 94.8364 95.655 96.3354 96.8994 97.366 9.46546 9.56546
RE-1_R2_CH11_A 94.2903 95.0875 95.761 96.3284 96.8054 9.38538 9.48538
RE-1_R2_CH11_B 94.8443 95.7254 96.4407 97.0194 97.4865 9.33654 9.43654
RE-1_R2_CH11_C 93.9653 94.8929 95.6519 96.2709 96.7742 9.36317 9.46317
RE-1_R2_CH12_A 95.1315 96.0597 96.8087 97.4108 97.8936 9.28135 9.38135
RE-1_R2_CH12_B 95.2787 96.1171 96.8086 97.3773 97.8439 9.37742 9.47742
RE-1_R2_CH12_C 94.7859 95.6693 96.3953 96.9898 97.4756 9.33208 9.43208
RE-1_R2_CH13_A 94.7998 95.8594 96.6936 97.3476 97.8584 9.27961 9.37961
RE-1_R2_CH13_B 94.9342 95.8825 96.6398 97.2422 97.7201 9.2846 9.3846
RE-1_R2_CH13_C 94.9562 95.9072 96.6669 97.2715 97.7513 9.30952 9.40952
RE-1_R2_CH14_A 95.0522 95.7822 96.407 96.9407 97.3957 9.49632 9.59632
RE-1_R2_CH14_B 95.3554 96.2659 96.9984 97.5857 98.0552 9.36397 9.46397
RE-1_R2_CH14_C 94.7574 95.6268 96.3397 96.9226 97.3978 9.42303 9.52303
RE-1_R2_CH15_A 94.4312 95.1133 95.7053 96.2181 96.6617 9.47071 9.57071
RE-1_R2_CH15_B 95.0396 95.8644 96.5505 97.1196 97.5906 9.33896 9.43896
RE-1_R2_CH15_C 94.928 95.6813 96.3185 96.8562 97.3091 9.36527 9.46527
RE-1_R2_CH16_A 95.135 96.0146 96.7281 97.3052 97.7706 9.42834 9.52834
RE-1_R2_CH16_B 95.1662 96.1795 96.9842 97.6207 98.1224 9.40607 9.50607
RE-1_R2_CH16_C 94.901 95.7642 96.4712 97.0486 97.5189 9.45349 9.55349
RE-1_R2_CH17_A 94.8426 95.764 96.507 97.1041 97.5825 9.31609 9.41609
RE-1_R2_CH17_B 94.0434 95.0833 95.9007 96.5404 97.0394 9.29203 9.39203
RE-1_R2_CH17_C 94.6475 95.5656 96.3058 96.9005 97.377 9.37687 9.47687
RE-1_R2_CH18_A 93.9062 94.6765 95.325 95.8695 96.3259 9.48002 9.58002
RE-1_R2_CH18_B 94.8195 95.6025 96.2562 96.8006 97.253 9.45422 9.55422
RE-1_R2_CH18_C 93.9914 94.7481 95.3892 95.931 96.388 9.49079 9.59079
RE-1_R2_CH19_A 94.9914 95.9977 96.7962 97.4273 97.9245 9.2611 9.3611
RE-1_R2_CH19_B 94.7809 95.7081 96.4464 97.0321 97.4954 9.28123 9.38123
RE-1_R2_CH19_C 94.9143 95.7965 96.5127 97.0923 97.5601 9.30219 9.40219
RE-1_R2_CH20_A 94.4869 95.2227 95.8487 96.3802 96.8306 9.4431 9.5431
RE-1_R2_CH20_B 94.6722 95.3936 96.0106 96.5371 96.9857 9.49282 9.59282
RE-1_R2_CH20_C 94.7278 95.3953 95.9768 96.4824 96.9214 9.50165 9.60165
RE-1_R2_CH21_A 94.9569 95.9908 96.8145 97.468 97.9849 9.37116 9.47116
RE-1_R2_CH21_B 94.6419 95.5692 96.3179 96.9201 97.4033 9.42889 9.52889
RE-1_R2_CH21_C 94.5064 95.44 96.204 96.8271 97.3339 9.4589 9.5589
RE-1_R2_CH22_A 94.8236 95.6355 96.3097 96.8682 97.3296 9.50547 9.60547
RE-1_R2_CH22_B 94.737 95.593 96.3013 96.8856 97.3665 9.46527 9.56527
RE-1_R2_CH22_C 94.857 95.7704 96.5061 97.0966 97.5692 9.39979 9.49979
RE-1_R2_CH23_A 94.3425 95.2876 96.0529 96.6704 97.1671 9.48419 9.58419
RE-1_R2_CH23_B 94.4203 95.4907 96.3352 96.9986 97.518 9.34597 9.44597
RE-1_R2_CH23_C 94.4505 95.2987 96 96.5781 97.0536 9.41788 9.51788
RE-1_R2_CH24_A 93.8352 94.625 95.2919 95.8536 96.3255 9.63479 9.73479
RE-1_R2_CH24_B 95.3824 96.1953 96.87 97.4285 97.8898 9.59703 9.69703
RE-1_R2_CH24_C 94.2968 95.1162 95.791 96.3451 96.799 9.58069 9.68069
RE-1_R2_CH25_A 95.1394 96.0483 96.7796 97.3659 97.8347 9.4089 9.5089
RE-1_R2_CH25_B 94.5179 95.5075 96.2915 96.91 97.3965 9.31809 9.41809
RE-1_R2_CH25_C 94.6111 95.3978 96.0551 96.603 97.0586 9.42394 9.52394
RE-1_R2_CH26_A 94.9552 96.0164 96.8377 97.4703 97.9558 9.52926 9.62926
RE-1_R2_CH26_B 93.7252 94.6983 95.4796 96.1045 96.6027 9.55509 9.65509
RE-1_R2_CH26_C 94.7675 95.6271 96.331 96.9057 97.3736 9.58911 9.68911
RE-1_R2_CH27_A 95.0989 95.9714 96.6947 97.2925 97.7854 9.42856 9.52856
RE-1_R2_CH27_B 94.87 95.7726 96.5077 97.1043 97.5873 9.4073 9.5073
RE-1_R2_CH27_C 94.9455 95.7035 96.3397 96.8724 97.3175 9.43516 9.53516
RE-1_R2_CH28_A 95.0716 96.0184 96.7742 97.3753 97.8518 9.47823 9.57823
RE-1_R2_CH28_B 94.7919 95.6567 96.3732 96.9649 97.4525 9.51703 9.61703
RE-1_R2_CH28_C 93.763 94.6344 95.3502 95.9362 96.4149 9.46251 9.56251
RE-1_R2_CH29_A 95.2268 96.2001 96.9799 97.6022 98.0974 9.38386 9.48386
RE-1_R2_CH29_B 95.2568 96.2294 97.0085 97.6301 98.1247 9.42863 9.52863
RE-1_R2_CH29_C 94.5729 95.5067 96.2709 96.8941 97.4009 9.46705 9.56705
RE-1_R2_CH30_A 94.7695 95.807 96.6343 97.2912 97.8111 9.52591 9.62591
RE-1_R2_CH30_B 94.9825 95.9768 96.776 97.4159 97.9267 9.44845 9.54845
RE-1_R2_CH30_C 95.1592 96.0163 96.7174 97.2893 97.7546 9.48754 9.58754
RE-1_R2_CH31_A 95.1438 96.1491 96.9465 97.5765 98.0726 9.40404 9.50404
RE-1_R2_CH31_B 95.0106 95.9542 96.7172 97.3322 97.8264 9.44064 9.54064
RE-1_R2_CH31_C 94.456 95.3511 96.0796 96.6706 97.1487 9.45572 9.55572
RE-1_R2_CH32_A 94.4075 95.1244 95.7328 96.2479 96.6833 9.48565 9.58565
RE-1_R2_CH32_B 93.5787 94.4368 95.1481 95.736 96.2207 9.43917 9.53917
RE-1_R2_CH32_C 94.5866 95.4069 96.0823 96.6367 97.0908 9.44069 9.54069
RE-1_R2_CH33_A 93.6102 94.321 94.9329 95.4587 95.9097 9.64125 9.74125
RE-1_R2_CH33_B 95.2513 96.0234 96.678 97.2317 97.699 9.54569 9.64569
RE-1_R2_CH33_C 93.1927 93.9519 94.596 95.141 95.6013 9.5337 9.6337
RE-1_R2_CH34_A 94.0921 95.0228 95.7751 96.381 96.8677 9.46627 9.56627
RE-1_R2_CH34_B 95.4177 96.306 97.0272 97.611 98.0823 9.46922 9.56922
RE-1_R2_CH34_C 94.5997 95.4416 96.1369 96.7095 97.1799 9.55214 9.65214
RE-1_R2_CH35_A 94.4871 95.295 95.9722 96.5385 97.0108 9.47538 9.57538
RE-1_R2_CH35_B 94.2811 95.1663 95.8858 96.4688 96.9399 9.39135 9.49135
RE-1_R2_CH35_C 93.9966 94.841 95.5391 96.1147 96.588 9.44217 9.54217
RE-1_R2_CH36_A 94.583 95.3812 96.0493 96.6071 97.0717 9.48167 9.58167
RE-1_R2_CH36_B 94.569 95.4596 96.1923 96.7932 97.2848 9.50018 9.60018
RE-1_R2_CH36_C 93.6425 94.4906 95.1925 95.7717 96.2486 9.51007 9.61007
RE-1_R3_CH01_B 92.9909 93.8594 94.5731 95.1579 95.6359 9.50956 9.60956
RE-1_R3_CH01_C 94.368 95.3879 96.1868 96.8099 97.2943 9.3822 9.4822
RE-1_R3_CH02_B 96.4955 97.1691 97.7518 98.255 98.6888 9.83828 9.93828
RE-1_R3_CH02_C 91.8009 92.5777 93.222 93.7549 94.1946 9.65373 9.75373
RE-1_R3_CH03_B 94.482 95.3781 96.0983 96.6753 97.1362 9.44684 9.54684
RE-1_R3_CH03_C 93.7216 94.8118 95.6278 96.2353 96.6859 9.37042 9.47042
RE-1_R3_CH04_B 93.6894 94.7157 95.5341 96.1841 96.6986 9.42697 9.52697
RE-1_R3_CH04_C 94.9889 95.8896 96.6136 97.1935 97.6567 9.42367 9.52367
RE-1_R3_CH05_B 93.564 94.4631 95.1962 95.7919 96.2748 9.4628 9.5628
RE-1_R3_CH05_C 94.7132 95.6361 96.3805 96.979 97.4587 9.44335 9.54335
RE-1_R3_CH06_B 94.0643 95.0412 95.8255 96.4528 96.9531 9.39198 9.49198
RE-1_R3_CH06_C 94.1566 95.1859 95.9937 96.6248 97.1162 9.34774 9.44774
RE-1_R3_CH07_B 93.6154 94.4459 95.1385 95.7146 96.1925 9.42873 9.52873
RE-1_R3_CH07_C 94.6172 95.5943 96.3782 97.0047 97.5039 9.35627 9.45627
RE-1_R3_CH08_B 94.2736 95.1946 95.9377 96.5353 97.0145 9.34671 9.44671
RE-1_R3_CH08_C 94.6 95.4892 96.212 96.7978 97.2713 9.3451 9.4451
RE-1_R3_CH09_B 94.3518 94.9312 95.4429 95.8942 96.2918 9.48346 9.58346
RE-1_R3_CH09_C 93.6511 94.526 95.2451 95.8343 96.3158 9.3265 9.4265
RE-1_R3_CH10_B 94.2305 95.1269 95.8568 96.4492 96.9288 9.34435 9.44435
RE-1_R3_CH10_C 94.289 94.9673 95.5558 96.0654 96.506 9.49647 9.59647
RE-1_R3_CH11_B 93.3674 94.0441 94.628 95.1307 95.5629 9.55687 9.65687
RE-1_R3_CH11_C 93.9853 95.1538 96.0383 96.7041 97.2033 9.36142 9.46142
RE-1_R3_CH12_B 94.9188 95.6588 96.2932 96.8358 97.2992 9.48178 9.58178
RE-1_R3_CH12_C 94.0608 94.9399 95.6625 96.2546 96.7385 9.4647 9.5647
RE-1_R3_CH13_B 91.6699 92.4469 93.0977 93.6412 94.0943 9.44867 9.54867
RE-1_R3_CH13_C 94.5082 95.3959 96.1176 96.7024 97.175 9.42504 9.52504
RE-1_R3_CH14_B 93.555 94.371 95.0434 95.5957 96.0484 9.39424 9.49424
RE-1_R3_CH14_C 94.2842 95.1007 95.7729 96.3247 96.7765 9.40929 9.50929
RE-1_R3_CH15_B 93.9179 94.8751 95.6417 96.2532 96.7396 9.43114 9.53114
RE-1_R3_CH15_C 93.9528 94.9442 95.7181 96.3196 96.7856 9.36446 9.46446
RE-1_R3_CH16_B 94.3338 95.1152 95.7679 96.3116 96.7636 9.44541 9.54541
RE-1_R3_CH16_C 94.6414 95.568 96.3059 96.8914 97.3545 9.35626 9.45626
RE-1_R3_CH17_B 94.3816 95.0702 95.6607 96.166 96.5978 9.7787 9.8787
RE-1_R3_CH17_C 95.6057 96.2785 96.861 97.3644 97.7988 9.77143 9.87143
RE-1_R3_CH18_B 94.5025 95.2278 95.8487 96.3789 96.831 9.52655 9.62655
RE-1_R3_CH18_C 94.9086 95.6574 96.2903 96.8241 97.2734 9.44969 9.54969
RE-1_R3_CH19_B 93.0606 93.9925 94.7369 95.3293 95.7994 9.49488 9.59488
RE-1_R3_CH19_C 94.6593 95.7296 96.5737 97.2365 97.7551 9.44123 9.54123
RE-1_R3_CH20_B 94.5213 95.2809 95.9189 96.4535 96.9004 9.53505 9.63505
RE-1_R3_CH20_C 94.5063 95.4105 96.1474 96.7459 97.2307 9.50236 9.60236
RE-1_R3_CH21_B 94.5495 95.5139 96.2966 96.9297 97.4402 9.51313 9.61313
RE-1_R3_CH21_C 93.9309 95.0402 95.9062 96.579 97.0998 9.40052 9.50052
RE-1_R3_CH22_B 93.8992 94.92 95.7204 96.3452 96.8314 9.50684 9.60684
RE-1_R3_CH22_C 94.5151 95.4564 96.2078 96.8053 97.2791 9.5053 9.6053
RE-1_R3_CH23_B 94.5587 95.2996 95.9305 96.4664 96.9208 9.73436 9.83436
RE-1_R3_CH23_C 93.5218 94.2778 94.9185 95.4603 95.9176 9.67569 9.77569
RE-1_R3_CH24_B 95.0563 96.0511 96.8392 97.461 97.95 9.55019 9.65019
RE-1_R3_CH24_C 94.2309 95.4542 96.3662 97.0421 97.5408 9.43908 9.53908
RE-1_R3_CH25_B 93.9804 94.8748 95.594 96.1704 96.631 9.55431 9.65431
RE-1_R3_CH25_C 94.4977 95.5244 96.3293 96.9575 97.4463 9.46528 9.56528
RE-1_R3_CH26_B 94.7409 95.5878 96.2948 96.8833 97.372 9.65062 9.75062
RE-1_R3_CH26_C 93.5117 94.4734 95.2445 95.8604 96.3508 9.52708 9.62708
RE-1_R3_CH27_B 95.1857 96.0578 96.7728 97.3572 97.8337 9.55112 9.65112
RE-1_R3_CH27_C 94.6917 95.4926 96.1568 96.7061 97.1594 9.46443 9.56443
RE-1_R3_CH28_B 94.3722 95.3919 96.1908 96.8138 97.2981 9.55664 9.65664
RE-1_R3_CH28_C 93.9763 94.9508 95.7217 96.3292 96.8063 9.52325 9.62325
RE-1_R3_CH29_B 94.4719 95.329 96.0309 96.6039 97.0706 9.61303 9.71303
RE-1_R3_CH29_C 93.2554 94.2185 94.9913 95.6089 96.1009 9.50925 9.60925
RE-1_R3_CH30_B 94.8337 95.6925 96.3955 96.9693 97.4365 9.64515 9.74515
RE-1_R3_CH30_C 94.3376 95.409 96.2546 96.9191 97.4394 9.52489 9.62489
RE-1_R3_CH31_B 93.1792 94.2698 95.1198 95.7793 96.2891 9.5245 9.6245
RE-1_R3_CH31_C 94.8109 95.8859 96.704 97.3236 97.7911 9.50036 9.60036
RE-1_R3_CH32_C 94.9166 95.6841 96.3291 96.8699 97.3224 9.6368 9.7368
RE-1_R3_CH33_B 94.0621 95.2591 96.1688 96.8562 97.3736 9.46436 9.56436
RE-1_R3_CH33_C 94.8968 95.9661 96.7791 97.3942 97.8579 9.42804 9.52804
RE-1_R3_CH34_B 94.1923 95.0574 95.7586 96.3251 96.7817 9.59955 9.69955
RE-1_R3_CH34_C 93.4399 94.2469 94.9241 95.491 95.9645 9.64102 9.74102
RE-1_R3_CH35_B 94.4638 95.2031 95.8275 96.3536 96.7961 9.53087 9.63087
RE-1_R3_CH35_C 94.3244 95.1983 95.9074 96.4809 96.9437 9.43414 9.53414
RE-1_R3_CH36_B 94.3552 95.4286 96.2759 96.9419 97.4635 9.50528 9.60528
RE-1_R3_CH36_C 94.9616 95.9111 96.6695 97.2728 97.7515 9.50192 9.60192
RE-2_R2_CH01_A 93.4621 94.2083 94.8346 95.359 95.7971 9.41392 9.51392
RE-2_R2_CH01_B 93.1299 93.969 94.6556 95.2156 95.6712 9.39351 9.49351
RE-2_R2_CH01_C 94.7933 95.6016 96.2727 96.8282 97.287 9.31273 9.41273
RE-2_R2_CH02_A 94.3371 95.2343 95.9734 96.5803 97.0774 9.43131 9.53131
RE-2_R2_CH02_B 94.6545 95.5027 96.2037 96.7815 97.2566 9.47478 9.57478
RE-2_R2_CH02_C 95.1563 95.9378 96.5959 97.1485 97.6117 9.41633 9.51633
RE-2_R2_CH03_A 93.1515 93.9607 94.6338 95.1923 95.6545 9.40816 9.50816
RE-2_R2_CH03_B 93.273 94.1658 94.9019 95.5069 96.0028 9.44182 9.54182
RE-2_R2_CH03_C 93.803 94.7218 95.4729 96.0847 96.5818 9.35196 9.45196
RE-2_R2_CH04_A 94.7278 95.6308 96.3663 96.9634 97.4469 9.45617 9.55617
RE-2_R2_CH04_B 94.9309 95.7534 96.4306 96.9864 97.4416 9.48763 9.58763
RE-2_R2_CH04_C 94.4739 95.5657 96.415 97.0726 97.58 9.36375 9.46375
RE-2_R2_CH05_A 93.1551 93.9539 94.6238 95.1841 95.6517 9.45712 9.55712
RE-2_R2_CH05_B 93.1975 94.0375 94.7323 95.3053 95.7768 9.4683 9.5683
RE-2_R2_CH05_C 94.2195 95.0176 95.6859 96.2441 96.7092 9.49333 9.59333
RE-2_R2_CH06_A 93.8391 94.7012 95.4159 96.0068 96.494 9.40841 9.50841
RE-2_R2_CH06_B 94.895 95.7533 96.4559 97.0293 97.4961 9.41433 9.51433
RE-2_R2_CH06_C 94.8271 95.7353 96.4663 97.0526 97.5215 9.35053 9.45053
RE-2_R2_CH07_A 93.8935 94.6358 95.2634 95.7929 96.2386 9.39706 9.49706
RE-2_R2_CH07_B 93.4366 94.2755 94.9617 95.5211 95.9761 9.43689 9.53689
RE-2_R2_CH07_C 94.7371 95.6097 96.3256 96.9112 97.3889 9.33682 9.43682
RE-2_R2_CH08_A 94.3546 95.1607 95.8364 96.4013 96.8725 9.45052 9.55052
RE-2_R2_CH08_B 94.5902 95.409 96.0899 96.6546 97.1218 9.55104 9.65104
RE-2_R2_CH08_C 94.2833 95.3144 96.1363 96.7889 97.3053 9.46769 9.56769
RE-2_R2_CH09_A 93.7969 94.4951 95.095 95.6094 96.0498 9.44371 9.54371
RE-2_R2_CH09_B 92.9187 93.6894 94.339 94.8852 95.3435 9.42799 9.52799
RE-2_R2_CH09_C 94.6996 95.4101 96.0168 96.5338 96.9735 9.44504 9.54504
RE-2_R2_CH10_A 94.7607 95.4997 96.1285 96.6624 97.1149 9.48364 9.58364
RE-2_R2_CH10_B 94.3588 95.1229 95.7652 96.3038 96.7545 9.44934 9.54934
RE-2_R2_CH10_C 94.3112 95.243 95.9961 96.6026 97.0897 9.33975 9.43975
RE-2_R2_CH11_A 92.5625 93.2194 93.7886 94.2809 94.706 9.52111 9.62111
RE-2_R2_CH11_B 92.4024 93.2316 93.924 94.5007 94.9798 9.4862 9.5862
RE-2_R2_CH11_C 94.9094 95.692 96.3453 96.8893 97.3413 9.45697 9.55697
RE-2_R2_CH12_A 92.5476 93.2663 93.8822 94.4089 94.8585 9.45988 9.55988
RE-2_R2_CH12_B 94.3811 95.1099 95.7294 96.2548 96.6997 9.44252 9.54252
RE-2_R2_CH12_C 94.9772 95.6798 96.2788 96.7886 97.2215 9.32271 9.42271
RE-2_R2_CH13_A 92.4286 93.1932 93.8376 94.3792 94.8335 9.42954 9.52954
RE-2_R2_CH13_B 93.5816 94.4172 95.1001 95.6565 96.1087 9.41112 9.51112
RE-2_R2_CH13_C 94.2624 95.1281 95.8381 96.4186 96.892 9.41966 9.51966
RE-2_R2_CH14_A 94.5075 95.3929 96.1123 96.6951 97.166 9.43516 9.53516
RE-2_R2_CH14_B 93.8713 94.7563 95.4846 96.082 96.5707 9.44838 9.54838
RE-2_R2_CH14_C 94.459 95.224 95.8671 96.4064 96.8577 9.44029 9.54029
RE-2_R2_CH15_A 93.1164 93.8736 94.5105 95.0448 95.4921 9.49328 9.59328
RE-2_R2_CH15_B 93.2484 94.0349 94.6931 95.2425 95.7002 9.52733 9.62733
RE-2_R2_CH15_C 94.774 95.5723 96.2464 96.8141 97.2912 9.56024 9.66024
RE-2_R2_CH16_A 93.9497 94.888 95.6475 96.26 96.7526 9.42587 9.52587
RE-2_R2_CH16_B 94.513 95.4743 96.2543 96.885 97.3933 9.48216 9.58216
RE-2_R2_CH16_C 94.6911 95.7188 96.5372 97.1862 97.6993 9.35776 9.45776
RE-2_R2_CH17_A 92.7077 93.4579 94.0938 94.6316 95.0854 9.5433 9.6433
RE-2_R2_CH17_B 90.7359 91.543 92.2095 92.7583 93.2092 9.47701 9.57701
RE-2_R2_CH17_C 92.1161 92.8347 93.4462 93.9654 94.4054 9.58366 9.68366
RE-2_R2_CH18_A 93.6219 94.4315 95.111 95.6799 96.1551 9.44698 9.54698
RE-2_R2_CH18_B 94.8404 95.7152 96.4247 96.9983 97.4608 9.41422 9.51422
RE-2_R2_CH18_C 94.7038 95.4932 96.159 96.719 97.1892 9.3445 9.4445
RE-2_R2_CH19_A 93.6185 94.3927 95.0391 95.5776 96.0251 9.43247 9.53247
RE-2_R2_CH19_B 92.9223 93.8281 94.5681 95.1705 95.6596 9.39244 9.49244
RE-2_R2_CH19_C 95.0254 95.8053 96.4619 97.0133 97.4755 9.40012 9.50012
RE-2_R2_CH20_A 92.3096 93.113 93.7878 94.3532 94.8259 9.55587 9.65587
RE-2_R2_CH20_B 93.2924 94.1707 94.8933 95.4859 95.9707 9.52433 9.62433
RE-2_R2_CH20_C 94.0256 94.9208 95.6584 96.2642 96.7605 9.51911 9.61911
RE-2_R2_CH21_A 92.7504 93.5193 94.1674 94.7123 95.1695 9.50139 9.60139
RE-2_R2_CH21_B 92.063 92.9313 93.6459 94.2321 94.7117 9.44987 9.54987
RE-2_R2_CH21_C 94.7633 95.5398 96.1989 96.757 97.2286 9.44125 9.54125
RE-2_R2_CH22_A 95.0275 95.8793 96.5757 97.1435 97.6051 9.46232 9.56232
RE-2_R2_CH22_B 94.2159 95.1393 95.8942 96.5092 97.009 9.41484 9.51484
RE-2_R2_CH22_C 94.6731 95.5546 96.2789 96.872 97.3566 9.36447 9.46447
RE-2_R2_CH23_A 92.6809 93.499 94.181 94.7478 95.2178 9.44003 9.54003
RE-2_R2_CH23_B 94.7803 95.4996 96.11 96.6269 97.0637 9.54151 9.64151
RE-2_R2_CH23_C 94.6656 95.3748 95.9803 96.4962 96.935 9.57221 9.67221
RE-2_R2_CH24_A 94.375 95.2431 95.9629 96.5581 97.0489 9.4783 9.5783
RE-2_R2_CH24_B 94.8496 95.6801 96.3647 96.9274 97.3887 9.44758 9.54758
RE-2_R2_CH24_C 94.7562 95.6286 96.3521 96.9503 97.4438 9.38721 9.48721
RE-2_R2_CH25_A 93.5048 94.2109 94.8143 95.3288 95.7667 9.52673 9.62673
RE-2_R2_CH25_B 94.0247 94.9444 95.6867 96.2837 96.7625 9.44089 9.54089
RE-2_R2_CH25_C 94.9549 95.6906 96.321 96.8599 97.3197 9.51054 9.61054
RE-2_R2_CH26_A 94.7847 95.6455 96.3581 96.9464 97.4309 9.48096 9.58096
RE-2_R2_CH26_B 93.8873 94.8542 95.6296 96.2491 96.7425 9.45935 9.55935
RE-2_R2_CH26_C 94.508 95.4907 96.2685 96.8816 97.3633 9.33367 9.43367
RE-2_R2_CH27_A 94.1495 94.8945 95.5294 96.0694 96.5277 9.54468 9.64468
RE-2_R2_CH27_B 93.3783 94.1476 94.7897 95.3244 95.7686 9.51134 9.61134
RE-2_R2_CH27_C 94.2684 95.0874 95.7753 96.3514 96.833 9.29421 9.39421
RE-2_R2_CH28_A 95.2835 96.0104 96.6322 97.163 97.6152 9.55858 9.65858
RE-2_R2_CH28_B 94.1999 95.0415 95.737 96.3099 96.7809 9.50305 9.60305
RE-2_R2_CH28_C 94.2295 95.228 96.0318 96.6766 97.1922 9.41808 9.51808
RE-2_R2_CH29_A 94.3298 95.0779 95.7155 96.258 96.7184 9.48136 9.58136
RE-2_R2_CH29_B 94.0245 94.7576 95.3764 95.8977 96.3359 9.45229 9.55229
RE-2_R2_CH29_C 94.9364 95.6794 96.3119 96.8492 97.3047 9.40384 9.50384
RE-2_R2_CH30_A 94.5007 95.2012 95.803 96.3188 96.7602 9.54189 9.64189
RE-2_R2_CH30_B 94.9935 95.7761 96.4407 97.0039 97.4801 9.51459 9.61459
RE-2_R2_CH30_C 93.9007 94.7351 95.4312 96.0101 96.4906 9.288 9.388
RE-2_R2_CH31_A 92.9618 93.7228 94.3633 94.9011 95.3516 9.5339 9.6339
RE-2_R2_CH31_B 93.3145 94.0651 94.6956 95.2239 95.6657 9.48751 9.58751
RE-2_R2_CH31_C 94.5335 95.2752 95.9067 96.4433 96.8983 9.50558 9.60558
RE-2_R2_CH32_A 94.4359 95.1859 95.8204 96.3558 96.8068 9.52081 9.62081
RE-2_R2_CH32_C 94.318 95.3174 96.122 96.7673 97.2834 9.31606 9.41606
RE-2_R2_CH33_A 93.4152 94.1084 94.6997 95.203 95.6307 9.52922 9.62922
RE-2_R2_CH33_B 93.3509 94.1349 94.7907 95.3379 95.7934 9.50265 9.60265
RE-2_R2_CH33_C 94.311 95.1452 95.8337 96.4002 96.8653 9.49088 9.59088
RE-2_R2_CH34_A 93.9971 94.8896 95.6161 96.2057 96.6828 9.45321 9.55321
RE-2_R2_CH34_B 94.0836 94.922 95.6217 96.2039 96.6872 9.48368 9.58368
RE-2_R2_CH34_C 94.5888 95.4762 96.2059 96.804 97.2931 9.34916 9.44916
RE-2_R2_CH35_A 93.2473 94.0608 94.7444 95.3172 95.7962 9.5023 9.6023
RE-2_R2_CH35_B 93.773 94.5248 95.1614 95.6991 96.1525 9.50245 9.60245
RE-2_R2_CH35_C 94.3493 95.17 95.8594 96.4369 96.9197 9.46372 9.56372
RE-2_R2_CH36_A 91.3023 92.0819 92.7353 93.2816 93.7372 9.40533 9.50533
RE-2_R2_CH36_B 94.3209 95.2126 95.9466 96.5489 97.0419 9.44132 9.54132
RE-2_R2_CH36_C 94.4626 95.3537 96.087 96.6886 97.1808 9.38625 9.48625
RE-2_R3_CH01_B 93.3162 94.0113 94.6045 95.1096 95.5389 9.50124 9.60124
RE-2_R3_CH01_C 92.5031 93.2391 93.8668 94.4009 94.8545 9.48347 9.58347
RE-2_R3_CH02_B 94.8385 95.5294 96.1257 96.6395 97.0814 9.58811 9.68811
RE-2_R3_CH02_C 94.4975 95.2043 95.8077 96.3217 96.7588 9.60578 9.70578
RE-2_R3_CH03_B 92.0761 92.8664 93.5291 94.0835 94.5461 9.5209 9.6209
RE-2_R3_CH03_C 92.7603 93.641 94.358 94.9397 95.4105 9.43051 9.53051
RE-2_R3_CH04_B 94.5695 95.4174 96.1255 96.7151 97.205 9.57115 9.67115
RE-2_R3_CH04_C 93.8401 94.6558 95.3409 95.9147 96.3943 9.57189 9.67189
RE-2_R3_CH05_B 92.2957 93.1614 93.8732 94.4568 94.9339 9.46392 9.56392
RE-2_R3_CH05_C 93.7761 94.3721 94.8975 95.3601 95.7667 9.5858 9.6858
RE-2_R3_CH06_B 94.4774 95.201 95.8156 96.3364 96.777 9.57533 9.67533
RE-2_R3_CH06_C 94.8534 95.6519 96.3137 96.8608 97.3119 9.50539 9.60539
RE-2_R3_CH07_B 91.7341 92.6723 93.4341 94.0505 94.5478 9.4038 9.5038
RE-2_R3_CH07_C 93.3008 94.1239 94.8031 95.3618 95.8203 9.34274 9.44274
RE-2_R3_CH08_B 94.8212 95.7088 96.43 97.0141 97.486 9.48661 9.58661
RE-2_R3_CH08_C 94.605 95.4527 96.1533 96.7308 97.2055 9.45794 9.55794
RE-2_R3_CH09_B 92.7633 93.6018 94.2881 94.8481 95.3039 9.44792 9.54792
RE-2_R3_CH09_C 93.9136 94.7256 95.4008 95.9607 96.4238 9.4534 9.5534
RE-2_R3_CH10_B 94.0071 94.8172 95.497 96.0658 96.5408 9.47986 9.57986
RE-2_R3_CH10_C 94.7392 95.6444 96.3819 96.9808 97.4658 9.39402 9.49402
RE-2_R3_CH11_B 93.7732 94.6322 95.3364 95.912 96.3813 9.43345 9.53345
RE-2_R3_CH11_C 92.5888 93.2785 93.867 94.3682 94.7941 9.47341 9.57341
RE-2_R3_CH12_B 94.7811 95.699 96.4388 97.033 97.509 9.47682 9.57682
RE-2_R3_CH12_C 94.2947 95.1892 95.9173 96.508 96.986 9.44348 9.54348
RE-2_R3_CH13_B 92.7956 93.5213 94.134 94.6504 95.0845 9.58789 9.68789
RE-2_R3_CH13_C 91.0039 91.7065 92.3082 92.8225 93.2611 9.59898 9.69898
RE-2_R3_CH14_B 93.9666 94.9553 95.7506 96.3878 96.8969 9.49009 9.59009
RE-2_R3_CH14_C 93.6675 94.5383 95.2536 95.8394 96.3178 9.51831 9.61831
RE-2_R3_CH15_B 92.4088 93.2589 93.9562 94.5264 94.9915 9.51665 9.61665
RE-2_R3_CH15_C 92.8247 93.4877 94.0589 94.5501 94.9717 9.65156 9.75156
RE-2_R3_CH16_B 93.508 94.2893 94.9424 95.4871 95.9403 9.52121 9.62121
RE-2_R3_CH16_C 94.3768 95.1971 95.8862 96.4633 96.9457 9.48096 9.58096
RE-2_R3_CH17_B 91.5332 92.4046 93.1226 93.7123 94.1954 9.43251 9.53251
RE-2_R3_CH17_C 92.1321 92.9717 93.6672 94.2416 94.7147 9.42492 9.52492
RE-2_R3_CH18_B 94.2912 95.2127 95.9564 96.5545 97.0342 9.53339 9.63339
RE-2_R3_CH18_C 94.7967 95.7552 96.5219 97.1329 97.6184 9.47289 9.57289
RE-2_R3_CH19_B 92.0105 92.8889 93.6129 94.2076 94.695 9.50794 9.60794
RE-2_R3_CH19_C 91.1385 91.871 92.4862 93.0017 93.4328 9.46489 9.56489
RE-2_R3_CH20_B 94.5114 95.3616 96.0571 96.6243 97.0857 9.51722 9.61722
RE-2_R3_CH20_C 94.6959 95.5393 96.236 96.8098 97.2812 9.49522 9.59522
RE-2_R3_CH21_B 93.2231 94.1976 94.9807 95.6077 96.108 9.4575 9.5575
RE-2_R3_CH21_C 92.6948 93.4924 94.1553 94.7046 95.1588 9.5625 9.6625
RE-2_R3_CH22_B 94.1751 94.9934 95.6742 96.239 96.7065 9.62789 9.72789
RE-2_R3_CH22_C 94.2901 95.0893 95.7645 96.3335 96.8121 9.59322 9.69322
RE-2_R3_CH23_B 93.877 94.6889 95.3639 95.9236 96.3867 9.59319 9.69319
RE-2_R3_CH23_C 92.1889 92.9256 93.5492 94.0758 94.5197 9.56257 9.66257
RE-2_R3_CH24_B 94.4179 95.2897 95.9968 96.5686 97.0296 9.58897 9.68897
RE-2_R3_CH24_C 94.512 95.6182 96.4805 97.1494 97.6665 9.45697 9.55697
RE-2_R3_CH25_B 90.2486 91.0558 91.7296 92.2905 92.7563 9.57258 9.67258
RE-2_R3_CH25_C 93.5165 94.3259 94.9921 95.5389 95.9866 9.51999 9.61999
RE-2_R3_CH26_B 93.7491 94.66 95.3946 95.9849 96.458 9.5167 9.6167
RE-2_R3_CH26_C 94.2191 95.069 95.7644 96.3318 96.7935 9.54018 9.64018
RE-2_R3_CH27_B 92.2688 93.2607 94.0494 94.6741 95.1672 9.47959 9.57959
RE-2_R3_CH27_C 92.7063 93.6359 94.3887 94.9961 95.4849 9.50395 9.60395
RE-2_R3_CH28_B 93.63 94.5823 95.3335 95.9238 96.3862 9.55077 9.65077
RE-2_R3_CH28_C 94.9149 95.7977 96.5228 97.1167 97.6017 9.54551 9.64551
RE-2_R3_CH30_B 94.1208 94.9262 95.595 96.1488 96.6065 9.54428 9.64428
RE-2_R3_CH30_C 94.3646 95.3268 96.1078 96.7395 97.2488 9.4436 9.5436
RE-2_R3_CH31_B 93.4738 94.3551 95.0804 95.6753 96.162 9.48798 9.58798
RE-2_R3_CH31_C 92.34 93.1353 93.7962 94.344 94.797 9.46158 9.56158
RE-2_R3_CH32_B 47.7979 48.1664 48.4795 48.745 48.9698 9.67239 9.77239
RE-2_R3_CH32_C 94.4326 95.4287 96.2301 96.8725 97.3858 9.4846 9.5846
RE-2_R3_CH33_B 91.8934 92.789 93.5206 94.1162 94.5998 9.51155 9.61155
RE-2_R3_CH33_C 55.3853 55.7421 56.0538 56.3258 56.5627 9.69365 9.79365
RE-2_R3_CH34_B 94.6242 95.4207 96.0808 96.6265 97.0765 9.53825 9.63825
RE-2_R3_CH34_C 94.8919 95.69 96.3578 96.9151 97.3792 9.52551 9.62551
RE-2_R3_CH35_B 92.4665 93.2506 93.9009 94.439 94.8831 9.61636 9.71636
RE-2_R3_CH35_C 93.054 93.743 94.3305 94.8305 95.2552 9.61649 9.71649
RE-2_R3_CH36_B 94.2029 94.9762 95.6216 96.1586 96.6046 9.59439 9.69439
RE-2_R3_CH36_C 94.8385 95.5769 96.2001 96.7249 97.1661 9.57449 9.67449
RE-3_R2_CH01_A 89.7601 90.481 91.0865 91.5938 92.018 9.47774 9.57774
RE-3_R2_CH01_B 90.5742 91.5575 92.3405 92.9616 93.4525 9.43819 9.53819
RE-3_R2_CH02_A 92.2012 92.9992 93.6628 94.213 94.6683 9.57768 9.67768
RE-3_R2_CH02_B 92.2689 93.1289 93.8274 94.3928 94.8493 9.52496 9.62496
RE-3_R2_CH03_A 91.7509 92.5978 93.2929 93.8615 94.3256 9.45078 9.55078
RE-3_R2_CH03_B 91.0403 91.8333 92.4865 93.0231 93.4628 9.4549 9.5549
RE-3_R2_CH04_A 92.31 93.0475 93.6665 94.1847 94.6178 9.56381 9.66381
RE-3_R2_CH04_B 92.7617 93.5346 94.1806 94.7191 95.1671 9.64176 9.74176
RE-3_R2_CH05_A 92.6025 93.4229 94.1 94.6574 95.115 9.53324 9.63324
RE-3_R2_CH05_B 90.6582 91.3924 92.0095 92.527 92.9601 9.57291 9.67291
RE-3_R2_CH06_A 93.0537 93.817 94.4595 94.9991 95.4512 9.62731 9.72731
RE-3_R2_CH06_B 91.26 92.0385 92.6848 93.2198 93.6617 9.61124 9.71124
RE-3_R2_CH07_A 92.0612 92.9139 93.6215 94.2071 94.6905 9.43112 9.53112
RE-3_R2_CH07_B 91.603 92.5024 93.2377 93.8369 94.3239 9.47387 9.57387
RE-3_R2_CH08_A 93.9729 94.7076 95.328 95.8507 96.2903 9.59966 9.69966
RE-3_R2_CH08_B 92.3755 93.2 93.8812 94.4423 94.9034 9.54892 9.64892
RE-3_R2_CH09_A 90.6445 91.4748 92.1556 92.712 93.1657 9.50082 9.60082
RE-3_R2_CH09_B 91.6782 92.5328 93.235 93.8102 94.2801 9.52509 9.62509
RE-3_R2_CH10_A 91.2105 91.9411 92.5597 93.0823 93.5229 9.53243 9.63243
RE-3_R2_CH10_B 91.8597 92.649 93.3048 93.8481 94.2973 9.58179 9.68179
RE-3_R2_CH11_A 92.4067 93.1035 93.6988 94.2064 94.6383 9.61123 9.71123
RE-3_R2_CH11_B 89.6298 90.4679 91.1568 91.7214 92.1828 9.48729 9.58729
RE-3_R2_CH12_A 92.3015 93.0731 93.7241 94.2719 94.7319 9.5724 9.6724
RE-3_R2_CH12_B 93.1942 94.0384 94.7296 95.2937 95.7531 9.53738 9.63738
RE-3_R2_CH13_A 90.6643 91.3889 91.9971 92.5064 92.9321 9.56002 9.66002
RE-3_R2_CH13_B 92.2238 92.9658 93.5891 94.1114 94.5482 9.55048 9.65048
RE-3_R2_CH14_A 91.2242 91.9275 92.5253 93.0323 93.4615 9.58178 9.68178
RE-3_R2_CH14_B 92.3795 93.1677 93.8283 94.3805 94.841 9.64993 9.74993
RE-3_R2_CH15_A 92.4178 93.2394 93.9247 94.4949 94.968 9.49961 9.59961
RE-3_R2_CH15_B 90.9556 91.8554 92.5919 93.1927 93.6814 9.49195 9.59195
RE-3_R2_CH16_A 82.7269 83.4128 83.9909 84.477 84.8848 9.65443 9.75443
RE-3_R2_CH16_B 91.1177 91.861 92.4865 93.0113 93.4509 9.48254 9.58254
RE-3_R2_CH17_B 88.2844 89.1552 89.8677 90.4487 90.9211 9.69574 9.79574
RE-3_R2_CH18_A 88.8931 89.4678 89.9702 90.4085 90.7905 9.69908 9.79908
RE-3_R2_CH18_B 85.7958 86.3647 86.863 87.2989 87.6795 9.70607 9.80607
RE-3_R2_CH19_A 89.7076 90.4758 91.1198 91.6583 92.1077 9.6305 9.7305
RE-3_R2_CH19_B 91.5206 92.2216 92.8169 93.3215 93.7484 9.62456 9.72456
RE-3_R2_CH20_A 93.3942 94.1374 94.7663 95.2971 95.7443 9.48711 9.58711
RE-3_R2_CH20_B 91.0424 91.8583 92.5395 93.1068 93.578 9.49993 9.59993
RE-3_R2_CH21_A 92.5992 93.2937 93.8866 94.3919 94.8216 9.63354 9.73354
RE-3_R2_CH21_B 91.0216 91.7413 92.3498 92.8631 93.2952 9.64426 9.74426
RE-3_R2_CH22_A 89.6689 90.4477 91.1018 91.6497 92.1075 9.63488 9.73488
RE-3_R2_CH22_B 89.8107 90.5791 91.2172 91.7456 92.1822 9.58186 9.68186
RE-3_R2_CH23_A 90.049 90.7585 91.3628 91.8765 92.3123 9.64648 9.74648
RE-3_R2_CH23_B 91.2176 91.9463 92.5579 93.0701 93.4981 9.51059 9.61059
RE-3_R2_CH24_A 89.2972 90.0054 90.6091 91.1226 91.5586 9.63433 9.73433
RE-3_R2_CH24_B 92.8292 93.718 94.4333 95.007 95.4659 9.54216 9.64216
RE-3_R2_CH25_A 91.7251 92.4775 93.1052 93.6276 94.0614 9.66562 9.76562
RE-3_R2_CH25_B 90.9343 91.6588 92.2668 92.7757 93.2009 9.62209 9.72209
RE-3_R2_CH26_A 87.6979 88.5194 89.1949 89.7485 90.2011 9.6113 9.7113
RE-3_R2_CH26_B 92.7204 93.6667 94.4349 95.0563 95.5574 9.52949 9.62949
RE-3_R2_CH27_A 92.0573 92.8409 93.4912 94.0295 94.474 9.59222 9.69222
RE-3_R2_CH27_B 92.0042 92.9127 93.6469 94.2382 94.713 9.54416 9.64416
RE-3_R2_CH28_A 92.0132 92.8275 93.4996 94.0527 94.5067 9.67645 9.77645
RE-3_R2_CH28_B 91.7771 92.4906 93.0928 93.5999 94.0261 9.6371 9.7371
RE-3_R2_CH29_A 92.8399 93.7265 94.4488 95.0353 95.5103 9.60937 9.70937
RE-3_R2_CH29_B 90.182 91.0393 91.7455 92.3254 92.8003 9.71212 9.81212
RE-3_R2_CH30_A 92.3514 93.1638 93.8339 94.3849 94.8369 9.69498 9.79498
RE-3_R2_CH30_B 91.0036 91.8814 92.5975 93.1797 93.6518 9.69485 9.79485
RE-3_R2_CH31_A 90.6823 91.5598 92.2761 92.8586 93.3312 9.54799 9.64799
RE-3_R2_CH31_B 91.6465 92.5008 93.2028 93.7779 94.2477 9.52995 9.62995
RE-3_R2_CH32_A 83.313 84.0143 84.6063 85.1048 85.5238 9.82998 9.92998
RE-3_R2_CH33_A 92.8735 93.641 94.2818 94.8156 95.2592 9.57621 9.67621
RE-3_R2_CH33_B 91.8234 92.7025 93.41 93.9774 94.4312 9.43574 9.53574
RE-3_R2_CH34_A 94.2008 94.9868 95.644 96.1919 96.6477 9.6501 9.7501
RE-3_R2_CH34_B 92.2429 93.0697 93.76 94.3349 94.8124 9.67426 9.77426
RE-3_R2_CH35_A 91.7332 92.5106 93.1554 93.6889 94.1291 9.5651 9.6651
RE-3_R2_CH35_B 92.5146 93.339 94.0125 94.5611 95.0069 9.52644 9.62644
RE-3_R2_CH36_A 90.3882 91.17 91.8201 92.3591 92.8051 9.54892 9.64892
RE-3_R2_CH36_B 92.166 93.0833 93.8254 94.4237 94.9046 9.47519 9.57519
RE-3_R3_CH01_A 90.0178 90.7434 91.3582 91.8779 92.3163 9.66758 9.76758
RE-3_R3_CH01_B 92.0001 92.8942 93.6242 94.2184 94.7007 9.54093 9.64093
RE-3_R3_CH01_C 89.6382 90.5093 91.2207 91.7996 92.2694 9.5253 9.6253
RE-3_R3_CH02_A 92.8297 93.6109 94.2704 94.8258 95.2925 9.53511 9.63511
RE-3_R3_CH02_B 93.0341 94.0771 94.8986 95.5429 96.0465 9.48088 9.58088
RE-3_R3_CH02_C 94.4082 95.3485 96.1094 96.7228 97.2159 9.42941 9.52941
RE-3_R3_CH03_A 92.2324 92.8716 93.4242 93.9011 94.312 9.66523 9.76523
RE-3_R3_CH03_B 92.6341 93.5365 94.2736 94.8737 95.3608 9.54979 9.64979
RE-3_R3_CH03_C 92.1331 92.9699 93.6627 94.2347 94.7057 9.55484 9.65484
RE-3_R3_CH04_A 91.1145 91.7689 92.3364 92.8279 93.2527 9.63796 9.73796
RE-3_R3_CH04_B 93.3093 94.1191 94.7927 95.3514 95.8138 9.59599 9.69599
RE-3_R3_CH04_C 94.117 94.9684 95.6654 96.2342 96.6972 9.53753 9.63753
RE-3_R3_CH05_A 92.3836 93.281 94.0138 94.6101 95.0941 9.47198 9.57198
RE-3_R3_CH05_B 92.9422 93.8786 94.6273 95.2236 95.6972 9.46893 9.56893
RE-3_R3_CH05_C 90.1314 90.9383 91.6052 92.1548 92.6066 9.54589 9.64589
RE-3_R3_CH06_A 91.6036 92.3321 92.9534 93.4819 93.9308 9.55374 9.65374
RE-3_R3_CH06_B 93.8912 94.8888 95.6808 96.307 96.8005 9.46879 9.56879
RE-3_R3_CH06_C 93.7405 94.6397 95.3636 95.9443 96.4089 9.42524 9.52524
RE-3_R3_CH07_A 91.0789 91.9519 92.6635 93.2416 93.71 9.60037 9.70037
RE-3_R3_CH07_B 92.7105 93.7627 94.5789 95.2091 95.6939 9.49154 9.59154
RE-3_R3_CH07_C 90.2213 91.1094 91.8359 92.4281 92.9095 9.54733 9.64733
RE-3_R3_CH08_A 81.3443 82.1149 82.7495 83.2703 83.6967 9.5419 9.6419
RE-3_R3_CH08_B 93.1826 94.0509 94.7561 95.3268 95.7877 9.54783 9.64783
RE-3_R3_CH08_C 92.7636 93.6475 94.3759 94.9741 95.4642 9.51167 9.61167
RE-3_R3_CH09_A 92.2182 92.9108 93.5023 94.0064 94.4352 9.55713 9.65713
RE-3_R3_CH09_B 92.9104 93.6558 94.2817 94.8061 95.2444 9.54845 9.64845
RE-3_R3_CH09_C 92.1658 93.0147 93.7188 94.301 94.7813 9.50173 9.60173
RE-3_R3_CH10_A 94.387 95.0311 95.5905 96.0755 96.4953 9.69823 9.79823
RE-3_R3_CH10_B 91.5901 92.3943 93.0642 93.6206 94.0817 9.58202 9.68202
RE-3_R3_CH10_C 94.8704 95.6814 96.3612 96.9295 97.4036 9.56288 9.66288
RE-3_R3_CH11_A 93.6563 94.1635 94.6181 95.0251 95.3891 9.70517 9.80517
RE-3_R3_CH11_B 92.3737 93.1599 93.8186 94.369 94.8279 9.53598 9.63598
RE-3_R3_CH11_C 91.1287 91.9915 92.6937 93.2632 93.7239 9.50387 9.60387
RE-3_R3_CH12_A 91.8599 92.5938 93.2098 93.7256 94.1566 9.47692 9.57692
RE-3_R3_CH12_B 92.7969 93.5541 94.1965 94.7402 95.1994 9.60306 9.70306
RE-3_R3_CH12_C 94.6449 95.4941 96.1962 96.775 97.2508 9.50381 9.60381
RE-3_R3_CH13_A 95.2021 95.7352 96.2124 96.6391 97.0202 9.8882 9.9882
RE-3_R3_CH13_B 91.6893 92.4201 93.0433 93.5738 94.0243 9.64599 9.74599
RE-3_R3_CH13_C 84.5096 85.2542 85.8747 86.3903 86.8178 9.63878 9.73878
RE-3_R3_CH14_A 89.6463 90.1286 90.5606 90.9472 91.2928 9.78972 9.88972
RE-3_R3_CH14_B 92.541 93.2552 93.8668 94.3895 94.8353 9.63613 9.73613
RE-3_R3_CH14_C 95.0457 95.9464 96.688 97.2967 97.7951 9.56264 9.66264
RE-3_R3_CH15_A 92.0775 92.8873 93.5619 94.1224 94.587 9.48918 9.58918
RE-3_R3_CH15_B 93.7003 94.4897 95.1502 95.7016 96.1608 9.50806 9.60806
RE-3_R3_CH15_C 91.6845 92.5197 93.2039 93.7628 94.2182 9.46315 9.56315
RE-3_R3_CH16_A 91.5656 92.1882 92.7318 93.2057 93.6182 9.7219 9.8219
RE-3_R3_CH16_B 92.0117 92.9859 93.7703 94.3993 94.9022 9.50087 9.60087
RE-3_R3_CH16_C 94.527 95.4916 96.2746 96.9079 97.4187 9.48153 9.58153
RE-3_R3_CH17_A 91.8877 92.5118 93.0566 93.5316 93.9449 9.67206 9.77206
RE-3_R3_CH17_B 90.7943 91.5951 92.2558 92.7992 93.2452 9.6016 9.7016
RE-3_R3_CH17_C 91.4765 92.3979 93.1345 93.7211 94.187 9.54518 9.64518
RE-3_R3_CH18_A 82.5952 83.1263 83.5949 84.0078 84.3712 9.73332 9.83332
RE-3_R3_CH18_B 92.026 92.8765 93.5747 94.1459 94.6121 9.59673 9.69673
RE-3_R3_CH18_C 94.3167 95.1945 95.9073 96.4842 96.9498 9.49938 9.59938
RE-3_R3_CH19_A 88.9444 89.7355 90.3888 90.9267 91.3686 9.52291 9.62291
RE-3_R3_CH19_B 92.6734 93.4242 94.0553 94.5846 95.0276 9.56612 9.66612
RE-3_R3_CH20_A 91.1115 91.7649 92.3316 92.8222 93.2462 9.75266 9.85266
RE-3_R3_CH20_B 92.7534 93.6993 94.4569 95.0612 95.542 9.65374 9.75374
RE-3_R3_CH20_C 93.1912 94.2542 95.0937 95.7539 96.2711 9.58202 9.68202
RE-3_R3_CH21_A 91.6881 92.3962 92.9983 93.5089 93.9413 9.73657 9.83657
RE-3_R3_CH21_B 92.6342 93.6006 94.3769 94.9983 95.4941 9.58927 9.68927
RE-3_R3_CH21_C 88.9717 89.8504 90.5606 91.1324 91.5916 9.59722 9.69722
RE-3_R3_CH22_A 87.0492 87.7185 88.2871 88.7693 89.1773 9.68675 9.78675
RE-3_R3_CH22_B 91.9936 92.727 93.3476 93.8717 94.3132 9.73814 9.83814
RE-3_R3_CH22_C 93.4774 94.2418 94.8904 95.4396 95.9036 9.6708 9.7708
RE-3_R3_CH23_A 91.7185 92.4285 93.0323 93.5446 93.9784 9.73592 9.83592
RE-3_R3_CH23_B 91.7987 92.715 93.4565 94.0545 94.5354 9.61693 9.71693
RE-3_R3_CH23_C 86.6456 87.3499 87.9421 88.4389 88.8548 9.72282 9.82282
RE-3_R3_CH24_A 84.3543 84.9739 85.5092 85.9707 86.368 9.76761 9.86761
RE-3_R3_CH24_B 93.4394 94.3249 95.0366 95.6066 96.0619 9.65486 9.75486
RE-3_R3_CH24_C 93.6975 94.5397 95.2285 95.7903 96.2472 9.64832 9.74832
RE-3_R3_CH25_A 90.8814 91.4999 92.0399 92.5108 92.9206 9.75466 9.85466
RE-3_R3_CH25_B 91.645 92.4786 93.1689 93.7389 94.2083 9.71116 9.81116
RE-3_R3_CH25_C 92.3833 93.1833 93.8485 94.4002 94.8567 9.71944 9.81944
RE-3_R3_CH26_A 91.7372 92.565 93.2498 93.8147 94.2795 9.6107 9.7107
RE-3_R3_CH26_B 91.6616 92.4901 93.1756 93.7412 94.2067 9.60066 9.70066
RE-3_R3_CH26_C 93.99 94.8339 95.5316 96.1067 96.5797 9.507 9.607
RE-3_R3_CH27_A 93.7007 94.4842 95.1394 95.6858 96.1406 9.66297 9.76297
RE-3_R3_CH27_B 91.8506 92.807 93.5752 94.1898 94.6801 9.62146 9.72146
RE-3_R3_CH27_C 92.3047 93.1256 93.8105 94.3803 94.8532 9.65023 9.75023
RE-3_R3_CH28_A 91.6202 92.396 93.0395 93.5718 94.011 9.76307 9.86307
RE-3_R3_CH28_B 90.6884 91.5012 92.1657 92.7074 93.1478 9.7814 9.8814
RE-3_R3_CH28_C 93.882 94.8383 95.6039 96.2147 96.7004 9.67531 9.77531
RE-3_R3_CH29_B 92.615 93.5117 94.2344 94.8149 95.2799 9.72785 9.82785
RE-3_R3_CH29_C 92.6047 93.5186 94.2572 94.8519 95.3294 9.69895 9.79895
RE-3_R3_CH31_A 91.3178 92.1062 92.7679 93.3218 93.7843 9.55261 9.65261
RE-3_R3_CH31_B 94.0892 95.0419 95.8041 96.4116 96.8944 9.51813 9.61813
RE-3_R3_CH31_C 93.35 94.2027 94.9015 95.4724 95.9377 9.49416 9.59416
RE-3_R3_CH32_A 91.4412 92.1931 92.8263 93.3581 93.8039 9.68642 9.78642
RE-3_R3_CH32_B 92.5037 93.3358 94.0239 94.5912 95.0579 9.71709 9.81709
RE-3_R3_CH32_C 94.5636 95.4921 96.2419 96.8453 97.3294 9.55811 9.65811
RE-3_R3_CH33_A 89.9386 90.7453 91.405 91.9427 92.38 9.61023 9.71023
RE-3_R3_CH33_B 93.2186 94.0761 94.7714 95.3333 95.7861 9.60279 9.70279
RE-3_R3_CH33_C 92.3464 93.1767 93.8703 94.448 94.9282 9.5932 9.6932
RE-3_R3_CH34_A 86.6906 87.3658 87.9446 88.4397 88.8624 9.73627 9.83627
RE-3_R3_CH34_B 92.4458 93.4231 94.1985 94.8111 95.2935 9.54386 9.64386
RE-3_R3_CH34_C 92.6675 93.6808 94.4886 95.13 95.6375 9.48517 9.58517
RE-3_R3_CH35_A 90.779 91.7686 92.5572 93.1829 93.6779 9.54432 9.64432
RE-3_R3_CH35_B 93.268 94.2577 95.0308 95.6322 96.0984 9.60977 9.70977
RE-3_R3_CH35_C 92.8091 93.6527 94.3437 94.9079 95.3675 9.64051 9.74051
RE-3_R3_CH36_A 90.7791 91.5269 92.1567 92.6858 93.1294 9.72059 9.82059
RE-3_R3_CH36_B 91.8855 92.8321 93.5913 94.1979 94.681 9.61148 9.71148
RE-3_R3_CH36_C 93.8129 94.6528 95.347 95.9191 96.3894 9.63418 9.73418
RE+1_R2_CH01_A 94.4199 95.1858 95.8297 96.3697 96.8217 9.3279 9.4279
RE+1_R2_CH01_B 93.349 94.1021 94.7349 95.2654 95.7091 9.4602 9.5602
RE+1_R2_CH01_C 91.6563 92.3226 92.8939 93.3826 93.8 9.50365 9.60365
RE+1_R2_CH02_A 93.926 94.7654 95.459 96.0304 96.5001 9.30915 9.40915
RE+1_R2_CH02_B 94.0354 94.837 95.5024 96.0531 96.508 9.42691 9.52691
RE+1_R2_CH02_C 93.4315 94.2952 95.0042 95.5844 96.0579 9.3838 9.4838
RE+1_R2_CH03_A 94.8334 95.5267 96.1214 96.6305 97.0655 9.41167 9.51167
RE+1_R2_CH03_B 94.976 95.7647 96.4236 96.9726 97.4292 9.41732 9.51732
RE+1_R2_CH03_C 93.7825 94.5983 95.277 95.8402 96.3064 9.34844 9.44844
RE+1_R2_CH04_A 95.0717 95.6497 96.1597 96.6091 97.0047 9.34659 9.44659
RE+1_R2_CH04_C 94.631 95.4497 96.137 96.7124 97.193 9.31298 9.41298
RE+1_R2_CH05_A 94.5908 95.288 95.8905 96.4102 96.8576 9.39601 9.49601
RE+1_R2_CH05_B 94.5908 95.2889 95.884 96.3903 96.8203 9.43958 9.53958
RE+1_R2_CH05_C 93.037 93.7955 94.439 94.9836 95.4436 9.44093 9.54093
RE+1_R2_CH06_A 94.9964 95.7957 96.4645 97.0226 97.4874 9.39282 9.49282
RE+1_R2_CH06_C 95.2007 95.9708 96.6181 97.1609 97.615 9.36634 9.46634
RE+1_R2_CH07_A 95.1 95.9271 96.6153 97.1864 97.6591 9.39132 9.49132
RE+1_R2_CH07_B 94.8333 95.6739 96.3679 96.9391 97.4081 9.38476 9.48476
RE+1_R2_CH07_C 94.4797 95.282 95.9477 96.4986 96.9533 9.38845 9.48845
RE+1_R2_CH08_A 93.8114 94.6108 95.2744 95.8237 96.2774 9.36761 9.46761
RE+1_R2_CH08_B 94.101 94.8559 95.4899 96.0209 96.4649 9.41995 9.51995
RE+1_R2_CH08_C 94.1141 94.8716 95.508 96.0413 96.4873 9.409 9.509
RE+1_R2_CH09_A 95.1233 96.5226 97.4698 98.1058 98.5305 9.29801 9.39801
RE+1_R2_CH09_B 94.0373 95.1118 95.9462 96.5911 97.0878 9.38354 9.48354
RE+1_R2_CH09_C 94.1 95.0894 95.8852 96.5228 97.032 9.39034 9.49034
RE+1_R2_CH10_A 95.0384 95.7842 96.4143 96.9453 97.3921 9.44232 9.54232
RE+1_R2_CH10_B 94.8023 95.6155 96.291 96.8506 97.313 9.35753 9.45753
RE+1_R2_CH10_C 94.6114 95.5528 96.3143 96.9282 97.4217 9.27657 9.37657
RE+1_R2_CH11_A 95.201 96.0323 96.7243 97.2987 97.7745 9.42511 9.52511
RE+1_R2_CH12_A 94.8183 95.6503 96.3364 96.9004 97.3629 9.30346 9.40346
RE+1_R2_CH12_B 94.2416 95.0273 95.6841 96.2316 96.6872 9.32808 9.42808
RE+1_R2_CH12_C 94.6919 95.5361 96.2406 96.8269 97.3136 9.31688 9.41688
RE+1_R2_CH13_A 94.6063 95.4213 96.1051 96.6773 97.1551 9.38163 9.48163
RE+1_R2_CH13_B 94.5093 95.2935 95.9546 96.5104 96.9768 9.37727 9.47727
RE+1_R2_CH13_C 93.7891 94.5881 95.2576 95.8171 96.2837 9.35416 9.45416
RE+1_R2_CH14_A 94.5507 95.6078 96.4259 97.0561 97.5399 9.26236 9.36236
RE+1_R2_CH14_B 95.116 95.9217 96.5899 97.1426 97.5988 9.24421 9.34421
RE+1_R2_CH14_C 94.6218 95.3493 95.9722 96.5043 96.958 9.26374 9.36374
RE+1_R2_CH15_A 93.9908 94.8556 95.5568 96.1234 96.5802 9.36196 9.46196
RE+1_R2_CH15_B 94.3331 95.1888 95.8971 96.4818 96.9632 9.41192 9.51192
RE+1_R2_CH15_C 94.9938 95.8302 96.5201 97.0875 97.553 9.44011 9.54011
RE+1_R2_CH16_A 94.2284 95.096 95.8077 96.3899 96.8648 9.32732 9.42732
RE+1_R2_CH16_B 93.1569 93.8703 94.4808 95.0021 95.4464 9.50497 9.60497
RE+1_R2_CH16_C 93.4373 94.2991 95.0063 95.5848 96.0568 9.38614 9.48614
RE+1_R2_CH19_A 93.6438 94.5457 95.2814 95.8794 96.3643 9.33179 9.43179
RE+1_R2_CH19_B 93.7526 94.5732 95.2495 95.8053 96.2611 9.37374 9.47374
RE+1_R2_CH19_C 91.4072 92.2169 92.8921 93.4534 93.9192 9.41225 9.51225
RE+1_R2_CH20_A 94.2058 94.9889 95.6433 96.1886 96.6422 9.42432 9.52432
RE+1_R2_CH20_B 94.1339 94.9013 95.5523 96.1033 96.5687 9.49223 9.59223
RE+1_R2_CH20_C 93.919 94.7171 95.3857 95.9443 96.41 9.48016 9.58016
RE+1_R2_CH21_A 90.8662 91.5915 92.2055 92.7239 93.1607 9.6196 9.7196
RE+1_R2_CH21_B 94.3936 95.2639 95.978 96.5621 97.0388 9.56014 9.66014
RE+1_R2_CH22_A 93.7326 94.6193 95.3494 95.9485 96.4388 9.44347 9.54347
RE+1_R2_CH22_B 94.8324 95.694 96.4075 96.9964 97.4815 9.43017 9.53017
RE+1_R2_CH22_C 93.9494 94.8282 95.5507 96.1427 96.6266 9.44786 9.54786
RE+1_R2_CH23_A 95.0213 95.735 96.3445 96.8639 97.3058 9.68382 9.78382
RE+1_R2_CH23_B 94.2093 95.0775 95.7899 96.3725 96.8479 9.54062 9.64062
RE+1_R2_CH23_C 93.4177 94.2329 94.9178 95.4919 95.9718 9.58756 9.68756
RE+1_R2_CH24_A 94.1052 95.1054 95.8994 96.5272 97.022 9.4411 9.5411
RE+1_R2_CH24_B 94.5403 95.477 96.2242 96.818 97.2884 9.41448 9.51448
RE+1_R2_CH24_C 94.2038 95.1902 95.9716 96.5881 97.0731 9.43413 9.53413
RE+1_R2_CH25_B 94.6936 95.3809 95.97 96.4739 96.9042 9.49139 9.59139
RE+1_R2_CH25_C 94.4032 95.1466 95.7798 96.318 96.7746 9.4189 9.5189
RE+1_R2_CH26_A 94.7045 95.4226 96.032 96.5479 96.9838 9.55909 9.65909
RE+1_R2_CH26_B 94.5351 95.2937 95.9361 96.4789 96.9366 9.48693 9.58693
RE+1_R2_CH26_C 93.8876 94.727 95.4277 96.011 96.4954 9.42463 9.52463
RE+1_R2_CH27_A 95.2352 96.1154 96.8295 97.4069 97.8726 9.38561 9.48561
RE+1_R2_CH27_B 94.8448 95.8995 96.7293 97.3792 97.8866 9.39974 9.49974
RE+1_R2_CH27_C 94.2475 95.1152 95.8188 96.3874 96.8458 9.43436 9.53436
RE+1_R2_CH28_A 94.2338 95.1112 95.8321 96.4224 96.9047 9.41274 9.51274
RE+1_R2_CH28_B 95.1793 96.0447 96.7534 97.3322 97.8036 9.46678 9.56678
RE+1_R2_CH28_C 94.4068 95.2904 96.0085 96.59 97.0598 9.4564 9.5564
RE+1_R2_CH29_A 95.168 96.0149 96.7215 97.3094 97.7974 9.57473 9.67473
RE+1_R2_CH30_A 94.5751 95.3797 96.0474 96.6001 97.0564 9.45077 9.55077
RE+1_R2_CH30_B 92.8542 93.507 94.0686 94.5508 94.9641 9.54302 9.64302
RE+1_R2_CH30_C 93.7299 94.5965 95.3078 95.8899 96.365 9.44186 9.54186
RE+1_R2_CH31_A 94.9073 95.9838 96.8333 97.5007 98.0232 9.3498 9.4498
RE+1_R2_CH31_B 94.8281 95.8652 96.6791 97.3151 97.8103 9.37332 9.47332
RE+1_R2_CH31_C 94.8679 95.8185 96.578 97.1824 97.6621 9.41919 9.51919
RE+1_R2_CH32_A 92.594 93.2587 93.8317 94.3247 94.748 9.67203 9.77203
RE+1_R2_CH32_B 92.6918 93.4436 94.0756 94.6057 95.0494 9.59445 9.69445
RE+1_R2_CH32_C 91.5622 92.3355 92.9829 93.5234 93.9737 9.61283 9.71283
RE+1_R2_CH33_A 91.4736 92.2377 92.8765 93.4091 93.8524 9.71468 9.81468
RE+1_R2_CH33_B 90.5689 91.2579 91.8427 92.3379 92.7566 9.72936 9.82936
RE+1_R2_CH33_C 90.5721 91.2881 91.8934 92.4041 92.834 9.73867 9.83867
RE+1_R2_CH34_A 94.8293 95.8171 96.6105 97.2453 97.7518 9.372 9.472
RE+1_R2_CH34_B 94.8739 95.8114 96.5786 97.2043 97.7132 9.37498 9.47498
RE+1_R2_CH34_C 94.6372 95.4988 96.2047 96.7812 97.2508 9.43224 9.53224
RE+1_R2_CH35_A 94.2632 94.9192 95.4866 95.9763 96.3985 9.54673 9.64673
RE+1_R2_CH35_B 94.5245 95.278 95.9103 96.4397 96.8819 9.47144 9.57144
RE+1_R2_CH35_C 93.6309 94.2965 94.8696 95.3622 95.7849 9.53699 9.63699
RE+1_R2_CH36_A 93.8398 94.6673 95.3569 95.9301 96.4053 9.38219 9.48219
RE+1_R2_CH36_B 93.7714 94.6546 95.3812 95.9772 96.4647 9.44608 9.54608
RE+1_R2_CH36_C 94.264 95.1827 95.9331 96.544 97.0401 9.41652 9.51652
RE+1_R3_CH01_B 92.5984 93.4707 94.1883 94.777 95.2585 9.44386 9.54386
RE+1_R3_CH01_C 93.5556 94.6103 95.4275 96.0578 96.5422 9.32662 9.42662
RE+1_R3_CH02_B 94.2649 95.1002 95.7967 96.3759 96.8564 9.50221 9.60221
RE+1_R3_CH02_C 94.5278 95.5754 96.3991 97.0439 97.5471 9.35337 9.45337
RE+1_R3_CH03_B 94.9133 95.837 96.5821 97.1809 97.6608 9.47579 9.57579
RE+1_R3_CH03_C 94.035 94.8925 95.6028 96.1894 96.6727 9.46605 9.56605
RE+1_R3_CH04_B 94.283 94.9364 95.5013 95.9888 96.4088 9.55729 9.65729
RE+1_R3_CH05_B 93.2593 93.9905 94.6082 95.1288 95.5666 9.47006 9.57006
RE+1_R3_CH05_C 94.2256 95.2335 96.0345 96.6685 97.1685 9.3691 9.4691
RE+1_R3_CH06_B 94.0596 94.9956 95.7527 96.3631 96.8538 9.38451 9.48451
RE+1_R3_CH06_C 94.9566 95.9195 96.6787 97.275 97.742 9.3178 9.4178
RE+1_R3_CH07_B 93.6019 94.4845 95.2024 95.7844 96.2549 9.42876 9.52876
RE+1_R3_CH07_C 93.4353 94.3038 95.009 95.5796 96.0401 9.36771 9.46771
RE+1_R3_CH08_B 93.819 94.7938 95.5764 96.2024 96.7017 9.31926 9.41926
RE+1_R3_CH08_C 94.6573 95.4904 96.1776 96.7427 97.2064 9.29131 9.39131
RE+1_R3_CH09_B 94.5865 95.4967 96.2298 96.8182 97.2891 9.32017 9.42017
RE+1_R3_CH09_C 94.7982 95.8323 96.6296 97.2414 97.7094 9.23976 9.33976
RE+1_R3_CH10_B 93.6207 94.523 95.2591 95.8575 96.3427 9.37226 9.47226
RE+1_R3_CH10_C 94.6948 95.6084 96.3445 96.9354 97.4085 9.33553 9.43553
RE+1_R3_CH11_B 93.0518 93.9836 94.7381 95.3468 95.8365 9.30893 9.40893
RE+1_R3_CH11_C 94.4619 95.3596 96.099 96.7061 97.2033 9.25532 9.35532
RE+1_R3_CH12_B 95.2269 96.2069 96.9813 97.5909 98.0691 9.34928 9.44928
RE+1_R3_CH12_C 94.5401 95.5038 96.2643 96.8621 97.3305 9.3337 9.4337
RE+1_R3_CH13_B 94.3539 95.2435 95.967 96.5536 97.0278 9.35854 9.45854
RE+1_R3_CH13_C 94.7049 95.6075 96.3513 96.9623 97.4628 9.42634 9.52634
RE+1_R3_CH14_B 94.217 95.206 95.9896 96.6082 97.0949 9.42613 9.52613
RE+1_R3_CH14_C 94.5384 95.4001 96.1063 96.683 97.153 9.51732 9.61732
RE+1_R3_CH15_B 94.4267 95.2991 96.0069 96.5791 97.0406 9.45208 9.55208
RE+1_R3_CH15_C 95.0405 96.0787 96.8934 97.5298 98.0253 9.40048 9.50048
RE+1_R3_CH16_B 93.8661 94.6887 95.3668 95.9241 96.3812 9.48427 9.58427
RE+1_R3_CH16_C 94.5266 95.3991 96.1068 96.6789 97.1403 9.44187 9.54187
RE+1_R3_CH17_B 93.5456 94.6383 95.4897 96.1501 96.6604 9.38345 9.48345
RE+1_R3_CH17_C 94.1509 95.1786 95.9849 96.6147 97.105 9.35559 9.45559
RE+1_R3_CH18_B 93.4896 94.3561 95.0752 95.6704 96.1617 9.45763 9.55763
RE+1_R3_CH18_C 94.7709 95.7222 96.4823 97.0874 97.5677 9.40818 9.50818
RE+1_R3_CH19_B 93.7031 94.5253 95.21 95.7788 96.2501 9.52468 9.62468
RE+1_R3_CH19_C 94.3549 95.4974 96.3583 97.0035 97.4852 9.42098 9.52098
RE+1_R3_CH20_B 94.1895 95.1049 95.843 96.4363 96.9116 9.48969 9.58969
RE+1_R3_CH20_C 94.7117 95.8767 96.7751 97.4644 97.9913 9.44707 9.54707
RE+1_R3_CH21_B 93.0255 93.9721 94.73 95.3345 95.8152 9.4596 9.5596
RE+1_R3_CH21_C 94.7917 95.8169 96.6063 97.2114 97.6735 9.39071 9.49071
RE+1_R3_CH22_B 94.4126 95.3384 96.0953 96.712 97.2131 9.51179 9.61179
RE+1_R3_CH22_C 94.2244 95.249 96.0652 96.7126 97.2246 9.40314 9.50314
RE+1_R3_CH23_B 94.0752 94.9806 95.7098 96.2951 96.7634 9.54579 9.64579
RE+1_R3_CH23_C 94.1221 94.9663 95.6642 96.2395 96.7125 9.51135 9.61135
RE+1_R3_CH24_B 94.6416 95.6635 96.4767 97.1212 97.6302 9.50198 9.60198
RE+1_R3_CH24_C 94.3587 95.2193 95.9246 96.5008 96.9702 9.55583 9.65583
RE+1_R3_CH26_B 94.2975 95.2519 96.0154 96.6239 97.1074 9.5268 9.6268
RE+1_R3_CH26_C 93.0548 93.9183 94.6191 95.1861 95.6436 9.57275 9.67275
RE+1_R3_CH27_B 94.1084 94.9406 95.6273 96.1924 96.6562 9.61413 9.71413
RE+1_R3_CH27_C 94.2211 95.2092 95.9799 96.5783 97.0416 9.52894 9.62894
RE+1_R3_CH28_B 93.5506 94.581 95.3905 96.0237 96.5172 9.49033 9.59033
RE+1_R3_CH28_C 93.8949 94.7923 95.5321 96.14 96.6382 9.53195 9.63195
RE+1_R3_CH29_B 91.5338 92.4733 93.2265 93.8278 94.3066 9.54515 9.64515
RE+1_R3_CH29_C 93.764 94.6525 95.3756 95.9622 96.4367 9.54068 9.64068
RE+1_R3_CH30_B 89.2872 90.3641 91.1749 91.7822 92.2353 9.50253 9.60253
RE+1_R3_CH30_C 95.0902 96.2305 97.0884 97.7303 98.2086 9.48943 9.58943
RE+1_R3_CH31_B 91.9614 92.6768 93.2805 93.7889 94.2162 9.58303 9.68303
RE+1_R3_CH31_C 92.864 93.7113 94.4056 94.9728 95.4351 9.51581 9.61581
RE+1_R3_CH32_B 93.3668 94.2113 94.9101 95.4868 95.9614 9.55676 9.65676
RE+1_R3_CH32_C 94.3225 95.3115 96.095 96.7134 97.1998 9.47225 9.57225
RE+1_R3_CH33_B 92.2906 93.1184 93.8097 94.3853 94.8636 9.68323 9.78323
RE+1_R3_CH33_C 93.7742 94.6691 95.3981 95.9901 96.4694 9.66999 9.76999
RE+1_R3_CH34_B 93.3293 94.0566 94.6754 95.2008 95.646 9.61732 9.71732
RE+1_R3_CH34_C 94.3562 95.4061 96.218 96.843 97.3224 9.48504 9.58504
RE+1_R3_CH35_B 92.9745 93.9431 94.7099 95.3145 95.7897 9.48951 9.58951
RE+1_R3_CH35_C 94.2857 95.0224 95.6446 96.1687 96.6094 9.56675 9.66675
RE+1_R3_CH36_B 94.4553 95.3073 96.0044 96.5732 97.036 9.50262 9.60262
RE+1_R3_CH36_C 94.8803 95.8597 96.6339 97.2436 97.7222 9.42022 9.52022
RE+2_R2_CH01_A 92.8906 93.4786 93.9943 94.4458 94.8406 9.6068 9.7068
RE+2_R2_CH01_B 91.1023 91.7445 92.3006 92.7813 93.196 9.72731 9.82731
RE+2_R2_CH01_C 92.5248 93.2438 93.8555 94.3747 94.8145 9.59909 9.69909
RE+2_R2_CH02_A 95.3265 96.0701 96.6978 97.2266 97.6711 9.49981 9.59981
RE+2_R2_CH02_B 94.5 95.3839 96.1105 96.7059 97.1926 9.39516 9.49516
RE+2_R2_CH02_C 94.1263 95.0267 95.769 96.379 96.879 9.4271 9.5271
RE+2_R2_CH03_B 93.4728 94.3333 95.0469 95.637 96.1237 9.43543 9.53543
RE+2_R2_CH03_C 94.8088 95.6403 96.3258 96.8894 97.3515 9.35688 9.45688
RE+2_R2_CH04_A 92.9388 93.7988 94.5125 95.103 95.5903 9.39152 9.49152
RE+2_R2_CH04_B 95.0302 95.8105 96.4616 97.0035 97.4535 9.44797 9.54797
RE+2_R2_CH04_C 94.9736 95.9534 96.7393 97.3673 97.8676 9.38388 9.48388
RE+2_R2_CH05_A 92.0611 92.7296 93.3025 93.7926 94.2112 9.48545 9.58545
RE+2_R2_CH05_B 93.2842 94.1193 94.8095 95.3783 95.8459 9.36116 9.46116
RE+2_R2_CH05_C 94.3124 95.245 96.0083 96.6309 97.1373 9.39709 9.49709
RE+2_R2_CH06_A 92.0571 92.8476 93.5043 94.0484 94.4982 9.41021 9.51021
RE+2_R2_CH06_B 95.212 96.03 96.7162 97.2902 97.7693 9.49046 9.59046
RE+2_R2_CH06_C 93.6157 94.3435 94.9577 95.475 95.9097 9.53695 9.63695
RE+2_R2_CH07_A 93.3991 94.1021 94.7069 95.2261 95.671 9.55769 9.65769
RE+2_R2_CH07_B 93.9859 94.8033 95.4833 96.0476 96.5147 9.4173 9.5173
RE+2_R2_CH07_C 94.7169 95.5393 96.2165 96.7726 97.228 9.39627 9.49627
RE+2_R2_CH08_A 94.7985 95.4988 96.1001 96.6154 97.0562 9.51763 9.61763
RE+2_R2_CH08_B 92.6508 93.3758 93.9929 94.5171 94.9615 9.59971 9.69971
RE+2_R2_CH08_C 94.4893 95.4427 96.2155 96.8396 97.3422 9.34734 9.44734
RE+2_R2_CH09_A 93.1182 93.8812 94.5289 95.0774 95.5409 9.46557 9.56557
RE+2_R2_CH09_B 93.8898 94.7641 95.4741 96.0488 96.5127 9.35448 9.45448
RE+2_R2_CH09_C 94.7238 95.7512 96.5692 97.218 97.7307 9.30901 9.40901
RE+2_R2_CH10_A 94.3066 95.1478 95.8499 96.4341 96.9192 9.38934 9.48934
RE+2_R2_CH10_B 94.9606 95.7399 96.3901 96.9313 97.3807 9.42238 9.52238
RE+2_R2_CH10_C 94.9854 95.826 96.5198 97.0907 97.5594 9.40476 9.50476
RE+2_R2_CH11_A 94.0369 94.7726 95.3989 95.9308 96.3818 9.40628 9.50628
RE+2_R2_CH11_B 93.9236 94.7877 95.5044 96.0969 96.5855 9.41534 9.51534
RE+2_R2_CH11_C 94.6395 95.5323 96.267 96.8698 97.3629 9.37618 9.47618
RE+2_R2_CH12_A 93.7829 94.5545 95.2098 95.765 96.2344 9.43649 9.53649
RE+2_R2_CH12_B 94.7259 95.4973 96.1517 96.7054 97.173 9.45962 9.55962
RE+2_R2_CH12_C 95.1204 95.9766 96.6848 97.2687 97.7491 9.37019 9.47019
RE+2_R2_CH13_A 92.3716 93.1546 93.8103 94.358 94.8145 9.37796 9.47796
RE+2_R2_CH13_B 92.7253 93.583 94.2948 94.8836 95.3696 9.35917 9.45917
RE+2_R2_CH13_C 94.5199 95.3463 96.0272 96.5868 97.0456 9.38059 9.48059
RE+2_R2_CH14_A 93.2465 93.9525 94.5601 95.0821 95.5296 9.53533 9.63533
RE+2_R2_CH14_B 94.9349 95.7001 96.343 96.8818 97.3325 9.4702 9.5702
RE+2_R2_CH14_C 94.7129 95.5415 96.2245 96.7858 97.2459 9.43135 9.53135
RE+2_R2_CH15_A 93.2003 93.9043 94.506 95.019 95.4557 9.67095 9.77095
RE+2_R2_CH15_B 93.6526 94.5253 95.2341 95.8078 96.271 9.36429 9.46429
RE+2_R2_CH15_C 94.3555 95.4247 96.2682 96.9308 97.4494 9.29868 9.39868
RE+2_R2_CH16_A 93.4208 94.1954 94.8482 95.3971 95.8576 9.48189 9.58189
RE+2_R2_CH16_B 94.9148 95.7445 96.4283 96.9901 97.4507 9.48339 9.58339
RE+2_R2_CH16_C 95.07 96.0529 96.8416 97.472 97.9744 9.39822 9.49822
RE+2_R2_CH17_A 93.7347 94.5501 95.2217 95.7733 96.2251 9.36998 9.46998
RE+2_R2_CH17_B 91.9016 92.7941 93.5228 94.1158 94.5971 9.34478 9.44478
RE+2_R2_CH17_C 94.4054 95.2077 95.8797 96.4412 96.9093 9.41517 9.51517
RE+2_R2_CH18_A 91.9244 92.5889 93.1582 93.6451 94.0607 9.63604 9.73604
RE+2_R2_CH18_B 93.7487 94.5859 95.2846 95.8662 96.3491 9.61505 9.71505
RE+2_R2_CH18_C 94.7094 95.5568 96.2571 96.8341 97.3085 9.55834 9.65834
RE+2_R2_CH19_A 92.2975 93.0712 93.7184 94.2583 94.7076 9.46716 9.56716
RE+2_R2_CH19_B 92.2394 93.0588 93.7423 94.3108 94.7826 9.43123 9.53123
RE+2_R2_CH19_C 93.9576 94.7305 95.3813 95.928 96.3863 9.42821 9.52821
RE+2_R2_CH20_B 94.5475 95.1928 95.7566 96.2481 96.6762 9.69362 9.79362
RE+2_R2_CH20_C 93.953 94.7196 95.3647 95.906 96.3594 9.56463 9.66463
RE+2_R2_CH21_A 93.4563 94.2633 94.9405 95.5073 95.9807 9.43959 9.53959
RE+2_R2_CH21_B 93.4514 94.2384 94.8969 95.4466 95.9044 9.43676 9.53676
RE+2_R2_CH21_C 94.6278 95.5197 96.2535 96.8554 97.3478 9.40126 9.50126
RE+2_R2_CH22_A 93.8559 94.7174 95.424 96.0016 96.4726 9.49789 9.59789
RE+2_R2_CH22_B 93.6284 94.5216 95.2576 95.8622 96.3577 9.54745 9.64745
RE+2_R2_CH22_C 94.5278 95.3253 95.9866 96.5333 96.9843 9.47539 9.57539
RE+2_R2_CH23_B 90.8901 91.5814 92.1681 92.6649 93.085 9.6368 9.7368
RE+2_R2_CH23_C 93.0987 93.7555 94.3278 94.8255 95.2576 9.69334 9.79334
RE+2_R2_CH24_A 93.5561 94.379 95.0576 95.6156 96.0735 9.53419 9.63419
RE+2_R2_CH24_B 95.0231 95.9869 96.7686 97.4004 97.9095 9.45621 9.55621
RE+2_R2_CH24_C 94.8066 95.7864 96.5725 97.2008 97.7015 9.42849 9.52849
RE+2_R2_CH25_A 90.9632 91.8054 92.5043 93.0826 93.5599 9.44043 9.54043
RE+2_R2_CH25_B 92.0874 92.8622 93.5163 94.0672 94.5301 9.48461 9.58461
RE+2_R2_CH25_C 94.0186 94.7818 95.4235 95.9617 96.4123 9.50397 9.60397
RE+2_R2_CH26_A 92.7937 93.6143 94.2915 94.8487 95.3062 9.55692 9.65692
RE+2_R2_CH26_B 93.322 94.1184 94.7858 95.3438 95.8092 9.61081 9.71081
RE+2_R2_CH26_C 91.8984 92.8532 93.6198 94.233 94.722 9.52088 9.62088
RE+2_R2_CH27_A 93.3672 94.1757 94.8411 95.3873 95.8346 9.52082 9.62082
RE+2_R2_CH27_B 93.5164 94.2479 94.8656 95.3861 95.8237 9.61003 9.71003
RE+2_R2_CH27_C 94.5723 95.5018 96.2619 96.8814 97.385 9.53667 9.63667
RE+2_R2_CH28_A 94.7484 95.5461 96.2073 96.7539 97.2047 9.4959 9.5959
RE+2_R2_CH28_B 94.8313 95.7298 96.4697 97.0769 97.5741 9.50196 9.60196
RE+2_R2_CH28_C 95.1693 95.9688 96.6378 97.1959 97.6606 9.46856 9.56856
RE+2_R2_CH29_A 91.9553 92.851 93.5825 94.1781 94.6616 9.50329 9.60329
RE+2_R2_CH29_B 93.6557 94.5414 95.2621 95.8466 96.3194 9.48133 9.58133
RE+2_R2_CH29_C 94.6045 95.5782 96.3477 96.9534 97.4286 9.41558 9.51558
RE+2_R2_CH30_A 95.076 95.7842 96.3927 96.9147 97.3615 9.57762 9.67762
RE+2_R2_CH30_B 94.9347 95.8147 96.5288 97.1064 97.5725 9.46224 9.56224
RE+2_R2_CH30_C 94.8026 95.7672 96.5395 97.1554 97.6451 9.39011 9.49011
RE+2_R2_CH31_A 94.0605 94.7825 95.3959 95.9159 96.3558 9.59883 9.69883
RE+2_R2_CH31_B 93.9332 94.8852 95.647 96.2542 96.7368 9.43089 9.53089
RE+2_R2_CH31_C 94.8083 95.719 96.4522 97.0405 97.5112 9.39455 9.49455
RE+2_R2_CH32_A 94.9827 95.7763 96.4398 96.9931 97.4535 9.58845 9.68845
RE+2_R2_CH32_B 94.8461 95.7597 96.5049 97.1107 97.6018 9.43158 9.53158
RE+2_R2_CH32_C 95.2108 96.1869 96.9579 97.5644 98.04 9.38151 9.48151
RE+2_R2_CH33_A 91.1774 91.9163 92.5427 93.0726 93.5198 9.51954 9.61954
RE+2_R2_CH33_B 93.1936 94.0672 94.7772 95.3523 95.817 9.37486 9.47486
RE+2_R2_CH33_C 93.4078 94.3832 95.1556 95.7648 96.2438 9.34813 9.44813
RE+2_R2_CH34_A 93.3226 94.0954 94.7466 95.294 95.7533 9.49626 9.59626
RE+2_R2_CH34_B 95.0197 95.8283 96.4993 97.0546 97.5132 9.47801 9.57801
RE+2_R2_CH34_C 95.055 95.9564 96.681 97.2614 97.7251 9.40109 9.50109
RE+2_R2_CH35_A 92.1409 92.7909 93.3503 93.8308 94.2428 9.57994 9.67994
RE+2_R2_CH35_B 93.5903 94.5817 95.3799 96.0201 96.532 9.42719 9.52719
RE+2_R2_CH35_C 94.3728 95.3011 96.0603 96.6791 97.1821 9.382 9.482
RE+2_R2_CH36_A 92.4168 93.0276 93.5625 94.0302 94.4386 9.73083 9.83083
RE+2_R2_CH36_B 93.0059 93.7144 94.3203 94.8374 95.278 9.68681 9.78681
RE+2_R2_CH36_C 91.2867 92.1037 92.779 93.3355 93.7929 9.58644 9.68644
RE+2_R3_CH01_B 91.5734 92.3332 92.9736 93.5121 93.9639 9.48604 9.58604
RE+2_R3_CH01_C 91.4044 92.0671 92.6351 93.1209 93.5357 9.52912 9.62912
RE+2_R3_CH02_B 94.5696 95.2405 95.8218 96.3246 96.7588 9.64049 9.74049
RE+2_R3_CH02_C 94.56 95.4572 96.1961 96.8027 97.2994 9.45925 9.55925
RE+2_R3_CH03_B 89.2389 89.8488 90.3816 90.8462 91.2508 9.61902 9.71902
RE+2_R3_CH03_C 92.9777 93.6646 94.2545 94.7599 95.1922 9.5661 9.6661
RE+2_R3_CH04_B 94.8294 95.7091 96.4231 97.0008 97.4669 9.38252 9.48252
RE+2_R3_CH04_C 94.5225 95.4722 96.2311 96.8354 97.3152 9.28732 9.38732
RE+2_R3_CH05_B 91.4276 92.0354 92.565 93.0258 93.4261 9.67135 9.77135
RE+2_R3_CH05_C 92.4668 93.1356 93.7126 94.2092 94.6361 9.55584 9.65584
RE+2_R3_CH06_B 93.0786 93.8639 94.5212 95.0699 95.527 9.51047 9.61047
RE+2_R3_CH06_C 94.1905 95.0908 95.8329 96.4426 96.9424 9.45526 9.55526
RE+2_R3_CH07_B 92.281 92.9709 93.5597 94.0612 94.4877 9.47556 9.57556
RE+2_R3_CH07_C 92.4517 93.2985 93.9927 94.5601 95.0227 9.35989 9.45989
RE+2_R3_CH08_C 94.4861 95.2136 95.8318 96.356 96.7997 9.3991 9.4991
RE+2_R3_CH09_B 92.9031 93.7805 94.4944 95.0732 95.5413 9.41837 9.51837
RE+2_R3_CH09_C 90.2841 90.9485 91.5226 92.0177 92.4439 9.48563 9.58563
RE+2_R3_CH10_B 94.3507 95.2379 95.9678 96.5662 97.0557 9.42658 9.52658
RE+2_R3_CH10_C 94.9801 95.8081 96.4902 97.0505 97.5097 9.41543 9.51543
RE+2_R3_CH11_C 87.7987 88.4307 88.9757 89.4446 89.8475 9.5279 9.6279
RE+2_R3_CH12_B 94.7962 95.7889 96.5629 97.1638 97.6289 9.29988 9.39988
RE+2_R3_CH12_C 94.4135 95.4469 96.2708 96.9251 97.4429 9.26039 9.36039
RE+2_R3_CH13_B 94.1887 94.851 95.4208 95.91 96.3293 9.45592 9.55592
RE+2_R3_CH13_C 91.8703 92.6057 93.2231 93.7402 94.1725 9.37185 9.47185
RE+2_R3_CH14_B 93.7808 94.3871 94.9171 95.3795 95.7825 9.56551 9.66551
RE+2_R3_CH14_C 94.4468 95.2397 95.9029 96.4563 96.917 9.43351 9.53351
RE+2_R3_CH15_B 92.3248 93.1939 93.909 94.4954 94.975 9.37524 9.47524
RE+2_R3_CH15_C 90.5471 91.2847 91.9105 92.44 92.8872 9.46824 9.56824
RE+2_R3_CH16_B 94.4047 95.2416 95.9395 96.5199 97.0014 9.42388 9.52388
RE+2_R3_CH16_C 94.4182 95.2863 96.0061 96.6013 97.0921 9.3662 9.4662
RE+2_R3_CH17_C 93.0388 93.7751 94.4027 94.9363 95.3893 9.49762 9.59762
RE+2_R3_CH18_B 93.537 94.3159 94.967 95.5097 95.9611 9.52601 9.62601
RE+2_R3_CH18_C 93.9734 94.842 95.5627 96.1588 96.6508 9.44227 9.54227
RE+2_R3_CH19_B 92.3007 93.1072 93.7719 94.318 94.7657 9.51167 9.61167
RE+2_R3_CH19_C 92.1012 92.8837 93.5391 94.0868 94.5433 9.44196 9.54196
RE+2_R3_CH20_B 94.0846 95.0667 95.8444 96.4577 96.9399 9.41059 9.51059
RE+2_R3_CH20_C 94.1117 94.8733 95.5134 96.0502 96.4993 9.50054 9.60054
RE+2_R3_CH21_B 93.9343 94.7935 95.5054 96.0937 96.5785 9.46317 9.56317
RE+2_R3_CH21_C 92.2537 93.0935 93.7816 94.3435 94.8013 9.43439 9.53439
RE+2_R3_CH22_B 93.6448 94.5331 95.2562 95.8428 96.3175 9.50661 9.60661
RE+2_R3_CH22_C 94.6109 95.5356 96.2913 96.9067 97.4066 9.42228 9.52228
RE+2_R3_CH23_B 93.0209 93.8077 94.4601 94.9998 95.4451 9.60907 9.70907
RE+2_R3_CH23_C 84.9043 85.5665 86.1343 86.6201 87.0349 9.6388 9.7388
RE+2_R3_CH24_B 95.2056 95.913 96.5206 97.0417 97.4876 9.58585 9.68585
RE+2_R3_CH24_C 94.2822 95.1845 95.9284 96.5398 97.0409 9.48604 9.58604
RE+2_R3_CH25_B 92.9842 93.6746 94.2635 94.7648 95.1908 9.57544 9.67544
RE+2_R3_CH25_C 92.1144 92.8981 93.5546 94.1032 94.5606 9.4732 9.5732
RE+2_R3_CH26_B 93.4661 94.193 94.8066 95.3232 95.7574 9.67572 9.77572
RE+2_R3_CH26_C 91.1228 91.7501 92.292 92.7595 93.1619 9.66475 9.76475
RE+2_R3_CH27_B 91.6433 92.6226 93.4006 94.0163 94.5019 9.4965 9.5965
RE+2_R3_CH27_C 92.1132 92.8052 93.3962 93.8999 94.3284 9.61241 9.71241
RE+2_R3_CH28_B 94.2038 95.1227 95.8641 96.4602 96.938 9.49952 9.59952
RE+2_R3_CH28_C 94.4889 95.4542 96.2378 96.8718 97.3831 9.45603 9.55603
RE+2_R3_CH29_B 87.3864 87.9183 88.3879 88.8017 89.1659 10.0187 10.1187
RE+2_R3_CH29_C 92.5023 93.2764 93.9239 94.4638 94.9132 9.51758 9.61758
RE+2_R3_CH30_B 94.1288 95.2312 96.0745 96.7164 97.2033 9.4234 9.5234
RE+2_R3_CH30_C 94.7036 95.4562 96.0979 96.6439 97.1075 9.55151 9.65151
RE+2_R3_CH31_B 91.4518 92.1825 92.801 93.3233 93.7635 9.54527 9.64527
RE+2_R3_CH31_C 90.4018 91.1413 91.7637 92.2862 92.724 9.55001 9.65001
RE+2_R3_CH32_B 92.8398 93.6679 94.3589 94.9339 95.4114 9.61203 9.71203
RE+2_R3_CH32_C 94.4372 95.172 95.7921 96.3144 96.7533 9.52932 9.62932
RE+2_R3_CH33_B 84.1215 84.9105 85.5593 86.0912 86.5261 9.73302 9.83302
RE+2_R3_CH34_B 93.8079 94.9072 95.7642 96.4293 96.9434 9.38544 9.48544
RE+2_R3_CH34_C 94.8419 95.7519 96.4845 97.0722 97.5424 9.42603 9.52603
RE+2_R3_CH35_B 91.4584 92.2068 92.8366 93.3653 93.8083 9.50903 9.60903
RE+2_R3_CH35_C 91.6696 92.3408 92.9204 93.42 93.8499 9.57528 9.67528
RE+2_R3_CH36_B 94.1668 95.0176 95.7215 96.3022 96.7801 9.47324 9.57324
RE+2_R3_CH36_C 94.2054 95.0838 95.8057 96.397 96.8801 9.46755 9.56755
RE+3_R2_CH01_A 92.5327 93.2221 93.8103 94.3113 94.7371 9.64767 9.74767
RE+3_R2_CH01_B 89.8949 90.6795 91.326 91.8571 92.2924 9.58441 9.68441
RE+3_R2_CH02_A 90.3466 91.0902 91.7216 92.2565 92.7088 9.48136 9.58136
RE+3_R2_CH02_B 91.8669 92.7351 93.4416 94.0144 94.4777 9.47437 9.57437
RE+3_R2_CH03_A 90.769 91.5838 92.2643 92.8311 93.302 9.46946 9.56946
RE+3_R2_CH03_B 90.954 91.7728 92.4427 92.9891 93.4335 9.49866 9.59866
RE+3_R2_CH04_A 88.1661 88.8187 89.3752 89.8488 90.2511 9.67875 9.77875
RE+3_R2_CH04_B 90.3716 91.0894 91.7014 92.2221 92.6642 9.67697 9.77697
RE+3_R2_CH05_A 91.9714 92.7234 93.3616 93.9018 94.3583 9.61163 9.71163
RE+3_R2_CH05_B 92.3323 93.2531 93.9983 94.5992 95.0824 9.46623 9.56623
RE+3_R2_CH06_A 91.8771 92.678 93.3509 93.9148 94.3862 9.41813 9.51813
RE+3_R2_CH06_B 92.4786 93.1861 93.787 94.2962 94.7268 9.62515 9.72515
RE+3_R2_CH07_A 90.6546 91.3768 91.9928 92.517 92.9622 9.61229 9.71229
RE+3_R2_CH07_B 90.7979 91.6111 92.276 92.8179 93.2585 9.60107 9.70107
RE+3_R2_CH08_A 86.6301 87.2662 87.8121 88.2796 88.6793 9.57696 9.67696
RE+3_R2_CH08_B 89.5984 90.3376 90.9603 91.4835 91.9223 9.56796 9.66796
RE+3_R2_CH09_A 92.5222 93.2294 93.8299 94.3388 94.7691 9.61018 9.71018
RE+3_R2_CH09_B 91.7413 92.5156 93.1576 93.6884 94.1264 9.58319 9.68319
RE+3_R2_CH10_A 93.7559 94.4191 94.9936 95.4903 95.919 9.45751 9.55751
RE+3_R2_CH10_B 92.4267 93.2085 93.8631 94.4097 94.8652 9.41986 9.51986
RE+3_R2_CH11_A 92.7171 93.4027 93.9913 94.4958 94.9274 9.64301 9.74301
RE+3_R2_CH11_B 89.8311 90.6824 91.3835 91.9589 92.43 9.5704 9.6704
RE+3_R2_CH12_A 94.3837 95.232 95.9259 96.4918 96.952 9.3768 9.4768
RE+3_R2_CH12_B 91.2095 91.9387 92.5508 93.0634 93.4918 9.47965 9.57965
RE+3_R2_CH13_A 92.4539 93.1934 93.8142 94.3341 94.7685 9.46839 9.56839
RE+3_R2_CH13_B 91.5169 92.3394 93.0196 93.5804 94.0417 9.50967 9.60967
RE+3_R2_CH14_A 91.1297 91.8923 92.5358 93.0773 93.5321 9.53297 9.63297
RE+3_R2_CH14_B 91.9645 92.7617 93.4181 93.9569 94.3981 9.51812 9.61812
RE+3_R2_CH15_A 94.0018 94.679 95.259 95.7548 96.1778 9.59014 9.69014
RE+3_R2_CH15_B 91.8067 92.5175 93.122 93.6349 94.0692 9.58189 9.68189
RE+3_R2_CH16_A 92.2269 92.983 93.6139 94.1388 94.5747 9.54522 9.64522
RE+3_R2_CH16_B 92.6163 93.3857 94.0286 94.5643 95.0099 9.51247 9.61247
RE+3_R2_CH17_A 91.5346 92.3267 92.9853 93.5315 93.9834 9.51841 9.61841
RE+3_R2_CH17_B 89.474 90.3771 91.109 91.7002 92.1763 9.4753 9.5753
RE+3_R2_CH18_A 91.8357 92.6282 93.2869 93.833 94.2847 9.55051 9.65051
RE+3_R2_CH18_B 91.9204 92.8174 93.5412 94.1231 94.5896 9.50075 9.60075
RE+3_R2_CH19_A 92.2274 93.0197 93.6779 94.2232 94.674 9.57401 9.67401
RE+3_R2_CH19_B 91.6962 92.5288 93.2107 93.7675 94.2209 9.49867 9.59867
RE+3_R2_CH20_A 89.873 90.6649 91.3181 91.8554 92.2963 9.56244 9.66244
RE+3_R2_CH20_B 93.4465 94.2493 94.9163 95.4689 95.9257 9.66608 9.76608
RE+3_R2_CH21_A 92.7107 93.4652 94.0997 94.6321 95.0779 9.60036 9.70036
RE+3_R2_CH21_B 92.3012 93.1377 93.8226 94.3816 94.8368 9.61371 9.71371
RE+3_R2_CH22_A 92.8365 93.6189 94.2674 94.8036 95.2458 9.64766 9.74766
RE+3_R2_CH22_B 92.3341 93.2552 94.0006 94.6017 95.085 9.56487 9.66487
RE+3_R2_CH23_A 93.3591 94.1204 94.7662 95.3128 95.7745 9.72626 9.82626
RE+3_R2_CH23_B 91.4186 92.2902 93.0001 93.5764 94.0431 9.59268 9.69268
RE+3_R2_CH24_A 90.1957 91.0069 91.6778 92.2309 92.6859 9.54429 9.64429
RE+3_R2_CH24_B 93.6023 94.338 94.9597 95.4838 95.9247 9.80972 9.90972
RE+3_R2_CH25_A 89.9081 90.6228 91.2323 91.7508 92.191 9.67944 9.77944
RE+3_R2_CH25_B 90.4907 91.4676 92.2449 92.8608 93.3474 9.61968 9.71968
RE+3_R2_CH26_A 91.7738 92.6429 93.3585 93.9458 94.4266 9.55222 9.65222
RE+3_R2_CH26_B 91.8617 92.7493 93.4736 94.0626 94.5403 9.63919 9.73919
RE+3_R2_CH27_A 91.9301 92.7669 93.4525 94.0123 94.4685 9.52999 9.62999
RE+3_R2_CH27_B 91.9154 92.7757 93.4747 94.0409 94.4983 9.60571 9.70571
RE+3_R2_CH28_A 94.0964 94.9308 95.6266 96.2052 96.6853 9.47487 9.57487
RE+3_R2_CH28_B 93.6985 94.5368 95.2222 95.7807 96.2347 9.46284 9.56284
RE+3_R2_CH29_A 92.4567 93.1451 93.7326 94.2327 94.6579 9.58091 9.68091
RE+3_R2_CH29_B 91.241 92.0545 92.7265 93.2799 93.7347 9.49911 9.59911
RE+3_R2_CH30_A 88.0078 88.7944 89.4444 89.98 90.4202 9.68919 9.78919
RE+3_R2_CH30_B 93.5992 94.4373 95.13 95.7009 96.1702 9.65482 9.75482
RE+3_R2_CH31_A 93.0843 93.7918 94.3967 94.9129 95.3525 9.55668 9.65668
RE+3_R2_CH31_B 91.7046 92.485 93.1327 93.6687 94.1113 9.5739 9.6739
RE+3_R2_CH32_A 91.6568 92.4274 93.078 93.6257 94.086 9.60979 9.70979
RE+3_R2_CH32_B 92.8432 93.7611 94.5031 95.1007 95.5806 9.52319 9.62319
RE+3_R2_CH33_A 91.4333 92.1382 92.7372 93.2453 93.6754 9.56321 9.66321
RE+3_R2_CH33_B 91.3908 92.2268 92.9195 93.4919 93.9636 9.50308 9.60308
RE+3_R2_CH34_A 91.6877 92.3998 93.0056 93.5197 93.9552 9.6629 9.7629
RE+3_R2_CH34_B 92.6397 93.4366 94.1051 94.6644 95.1314 9.56833 9.66833
RE+3_R2_CH35_A 90.9941 91.6181 92.1634 92.6391 93.0534 9.60248 9.70248
RE+3_R2_CH35_B 91.5905 92.4283 93.1225 93.6961 94.1688 9.52859 9.62859
RE+3_R2_CH36_A 89.1799 89.8041 90.3476 90.8199 91.2297 9.65258 9.75258
RE+3_R2_CH36_B 92.827 93.6461 94.3219 94.8778 95.3341 9.56131 9.66131
RE+3_R3_CH01_A 91.2215 91.7229 92.1712 92.5715 92.9286 9.79104 9.89104
RE+3_R3_CH01_B 91.612 92.3448 92.9652 93.4891 93.9308 9.53247 9.63247
RE+3_R3_CH01_C 91.9284 92.7136 93.3654 93.9051 94.351 9.42066 9.52066
RE+3_R3_CH02_A 93.1071 93.8051 94.4053 94.9204 95.3617 9.47311 9.57311
RE+3_R3_CH02_B 93.7135 94.4283 95.0397 95.5616 96.0062 9.56759 9.66759
RE+3_R3_CH02_C 94.7514 95.6602 96.401 97.0028 97.4905 9.42664 9.52664
RE+3_R3_CH03_A 91.6993 92.4011 92.9972 93.5023 93.9296 9.45348 9.55348
RE+3_R3_CH03_B 91.7215 92.4692 93.0983 93.6262 94.0682 9.50089 9.60089
RE+3_R3_CH03_C 93.1204 93.8997 94.5513 95.0948 95.5471 9.41817 9.51817
RE+3_R3_CH04_A 94.222 94.8541 95.4053 95.8852 96.3025 9.52724 9.62724
RE+3_R3_CH04_B 92.4005 93.114 93.7205 94.2349 94.6704 9.50084 9.60084
RE+3_R3_CH04_C 94.862 95.6265 96.2742 96.8217 97.2836 9.45202 9.55202
RE+3_R3_CH05_A 92.3639 93.0133 93.572 94.0517 94.4628 9.48051 9.58051
RE+3_R3_CH05_B 92.6912 93.4814 94.1436 94.6971 95.1587 9.4592 9.5592
RE+3_R3_CH05_C 91.7514 92.5221 93.1726 93.7203 94.1804 9.43439 9.53439
RE+3_R3_CH06_A 93.1143 93.8997 94.563 95.1217 95.5913 9.38597 9.48597
RE+3_R3_CH06_B 93.4451 94.2432 94.9058 95.4545 95.9077 9.42223 9.52223
RE+3_R3_CH06_C 94.7819 95.6735 96.407 97.0085 97.5004 9.3879 9.4879
RE+3_R3_CH07_B 92.1024 92.9305 93.6223 94.1985 94.6773 9.48306 9.58306
RE+3_R3_CH07_C 93.845 94.6083 95.2502 95.7888 96.2397 9.46802 9.56802
RE+3_R3_CH08_A 93.3768 93.9921 94.5307 95.0015 95.4124 9.51642 9.61642
RE+3_R3_CH08_B 93.7218 94.4899 95.1419 95.694 96.1606 9.4571 9.5571
RE+3_R3_CH08_C 94.084 94.9831 95.7242 96.3331 96.8321 9.3564 9.4564
RE+3_R3_CH09_A 92.8086 93.6753 94.3793 94.9494 95.4097 9.28041 9.38041
RE+3_R3_CH09_B 92.9064 93.807 94.5331 95.1163 95.5835 9.32706 9.42706
RE+3_R3_CH09_C 93.6455 94.5844 95.3447 95.9582 96.4519 9.32013 9.42013
RE+3_R3_CH10_A 92.7615 93.4446 94.0349 94.5439 94.9822 9.41505 9.51505
RE+3_R3_CH10_B 92.0187 92.8242 93.4949 94.0519 94.5132 9.48374 9.58374
RE+3_R3_CH10_C 94.881 95.6999 96.3807 96.945 97.4118 9.41127 9.51127
RE+3_R3_CH11_A 92.4887 93.1644 93.7477 94.2504 94.6829 9.48069 9.58069
RE+3_R3_CH11_B 91.7366 92.3473 92.8795 93.3426 93.7449 9.57118 9.67118
RE+3_R3_CH11_C 93.1219 93.7703 94.3312 94.8153 95.2327 9.48702 9.58702
RE+3_R3_CH12_A 94.1679 94.9338 95.5834 96.133 96.5971 9.37378 9.47378
RE+3_R3_CH12_B 93.4261 94.1727 94.7994 95.3242 95.7627 9.43335 9.53335
RE+3_R3_CH12_C 95.0634 95.8969 96.584 97.1488 97.6119 9.36781 9.46781
RE+3_R3_CH13_A 92.8065 93.6085 94.2816 94.8451 95.3158 9.35341 9.45341
RE+3_R3_CH13_B 91.6419 92.2195 92.7284 93.176 93.5692 9.66946 9.76946
RE+3_R3_CH13_C 93.2094 93.9004 94.4899 94.9915 95.4178 9.4561 9.5561
RE+3_R3_CH14_A 94.6799 95.3779 95.9811 96.5013 96.9493 9.57463 9.67463
RE+3_R3_CH14_B 93.5741 94.3498 95.0036 95.5533 96.0145 9.54194 9.64194
RE+3_R3_CH14_C 95.0288 95.927 96.6663 97.273 97.7695 9.40219 9.50219
RE+3_R3_CH15_A 92.2226 93.0231 93.6953 94.2583 94.7288 9.45076 9.55076
RE+3_R3_CH15_B 92.3794 93.1122 93.737 94.2684 94.7195 9.55662 9.65662
RE+3_R3_CH15_C 93.6116 94.3064 94.9033 95.415 95.853 9.55938 9.65938
RE+3_R3_CH16_A 93.6464 94.4348 95.0883 95.6286 96.0741 9.35976 9.45976
RE+3_R3_CH16_B 94.1021 94.8645 95.5055 96.043 96.4929 9.5326 9.6326
RE+3_R3_CH16_C 94.8268 95.7033 96.4144 96.9894 97.4531 9.43568 9.53568
RE+3_R3_CH17_A 93.0503 93.9471 94.6696 95.2495 95.7137 9.47574 9.57574
RE+3_R3_CH17_B 92.8838 93.7542 94.4698 95.0564 95.5359 9.4286 9.5286
RE+3_R3_CH17_C 94.215 94.9893 95.6354 96.1733 96.62 9.4511 9.5511
RE+3_R3_CH18_A 92.335 93.0711 93.6941 94.2201 94.6634 9.54981 9.64981
RE+3_R3_CH18_B 92.8474 93.5884 94.2156 94.7452 95.1915 9.57477 9.67477
RE+3_R3_CH18_C 94.834 95.7379 96.4827 97.0945 97.5957 9.48818 9.58818
RE+3_R3_CH19_A 87.5722 88.1874 88.7231 89.1888 89.593 9.67974 9.77974
RE+3_R3_CH19_C 77.3205 77.8032 78.2281 78.6016 78.9295 9.83885 9.93885
RE+3_R3_CH20_A 93.6144 94.2659 94.8293 95.3157 95.735 9.63735 9.73735
RE+3_R3_CH20_B 92.635 93.5222 94.2453 94.8327 95.3086 9.54057 9.64057
RE+3_R3_CH20_C 94.2643 95.1494 95.8773 96.4741 96.9621 9.50907 9.60907
RE+3_R3_CH21_A 93.0717 93.8093 94.4381 94.9729 95.4269 9.58373 9.68373
RE+3_R3_CH21_B 93.0426 93.8456 94.513 95.0664 95.524 9.59186 9.69186
RE+3_R3_CH21_C 93.9968 94.7025 95.3052 95.8188 96.2557 9.62014 9.72014
RE+3_R3_CH22_A 93.8747 94.4943 95.0369 95.5112 95.9253 9.69642 9.79642
RE+3_R3_CH22_B 94.2436 95.0461 95.7185 96.2804 96.7489 9.5853 9.6853
RE+3_R3_CH22_C 94.9592 95.8109 96.5222 97.1144 97.6065 9.54088 9.64088
RE+3_R3_CH23_A 93.5553 94.3376 94.9976 95.5529 96.0193 9.55096 9.65096
RE+3_R3_CH23_B 92.8421 93.6834 94.3723 94.9346 95.3924 9.57018 9.67018
RE+3_R3_CH23_C 94.1005 94.7611 95.333 95.8271 96.2533 9.64517 9.74517
RE+3_R3_CH24_A 88.6742 89.4165 90.0429 90.57 91.0128 9.74118 9.84118
RE+3_R3_CH24_B 93.8517 94.8473 95.6375 96.2621 96.7543 9.51032 9.61032
RE+3_R3_CH24_C 94.6065 95.5024 96.2315 96.8229 97.3013 9.50554 9.60554
RE+3_R3_CH25_A 92.1433 92.7366 93.255 93.7073 94.1012 9.63923 9.73923
RE+3_R3_CH25_B 93.1686 93.9833 94.6547 95.2065 95.6588 9.606 9.706
RE+3_R3_CH25_C 92.2749 93.1082 93.7976 94.3663 94.8343 9.62661 9.72661
RE+3_R3_CH26_A 94.0187 94.7874 95.4398 95.9921 96.4587 9.77586 9.87586
RE+3_R3_CH26_B 94.0987 94.8932 95.552 96.0968 96.5463 9.60378 9.70378
RE+3_R3_CH26_C 94.6979 95.6345 96.401 97.0263 97.535 9.50483 9.60483
RE+3_R3_CH27_A 92.384 93.1565 93.8025 94.3412 94.7895 9.58222 9.68222
RE+3_R3_CH27_B 92.5651 93.4741 94.2175 94.8232 95.3155 9.59839 9.69839
RE+3_R3_CH27_C 93.2383 94.0541 94.7333 95.2972 95.7644 9.58803 9.68803
RE+3_R3_CH28_A 86.4877 87.0252 87.5003 87.9198 88.2897 9.83943 9.93943
RE+3_R3_CH28_B 91.5594 92.3061 92.9343 93.4614 93.9029 9.62355 9.72355
RE+3_R3_CH28_C 93.4134 94.2614 94.9635 95.543 96.0203 9.55809 9.65809
RE+3_R3_CH29_A 93.2684 93.9327 94.5085 95.0067 95.437 9.6699 9.7699
RE+3_R3_CH29_B 93.8088 94.6746 95.385 95.9663 96.4406 9.59232 9.69232
RE+3_R3_CH29_C 92.9042 93.6091 94.2117 94.7257 95.1635 9.64783 9.74783
RE+3_R3_CH30_A 93.5639 94.3116 94.9446 95.4791 95.9296 9.64783 9.74783
RE+3_R3_CH30_B 93.9196 94.6005 95.1841 95.6832 96.1093 9.69999 9.79999
RE+3_R3_CH30_C 94.6582 95.5414 96.2589 96.8397 97.3087 9.51615 9.61615
RE+3_R3_CH31_A 91.0205 91.779 92.413 92.9415 93.3811 9.62919 9.72919
RE+3_R3_CH32_A 94.4804 95.0183 95.4986 95.9269 96.3085 9.74709 9.84709
RE+3_R3_CH32_B 93.3003 94.0392 94.664 95.1911 95.635 9.62966 9.72966
RE+3_R3_CH32_C 94.6687 95.4301 96.0696 96.6055 97.0536 9.51706 9.61706
RE+3_R3_CH33_B 88.3876 88.9868 89.5069 89.9575 90.3474 9.58592 9.68592
RE+3_R3_CH33_C 91.0873 91.738 92.2986 92.7806 93.1945 9.59972 9.69972
RE+3_R3_CH34_A 86.8168 87.4425 87.982 88.4462 88.8452 9.60856 9.70856
RE+3_R3_CH34_B 92.9807 93.8102 94.5025 95.0786 95.557 9.58529 9.68529
RE+3_R3_CH34_C 94.6752 95.4838 96.1552 96.7111 97.1703 9.49172 9.59172
RE+3_R3_CH35_A 91.384 92.0014 92.537 93.001 93.4023 9.46832 9.56832
RE+3_R3_CH35_B 91.8277 92.6047 93.2553 93.7986 94.2513 9.4684 9.5684
RE+3_R3_CH35_C 94.5446 95.1953 95.764 96.2603 96.6928 9.60971 9.70971
RE+3_R3_CH36_A 87.533 88.0885 88.5758 89.0026 89.3758 9.72072 9.82072
RE+3_R3_CH36_B 85.9635 86.5821 87.1155 87.5744 87.9687 9.58495 9.68495
RE+3_R3_CH36_C 92.8206 93.4523 94.0008 94.4762 94.8876 9.57594 9.67594
