RE-1_R2_CH01_A 97.5854 97.963 98.2715 98.5232 98.7283 9.44027 9.54027
RE-1_R2_CH01_B 98.0234 98.3948 98.6876 98.9182 99.0995 9.42596 9.52596
RE-1_R2_CH01_C 96.9149 97.2927 97.6037 97.8595 98.0695 9.50342 9.60342
RE-1_R2_CH02_A 96.315 96.7161 97.0481 97.3225 97.549 9.48311 9.58311
RE-1_R2_CH02_B 96.4688 96.8667 97.2001 97.4791 97.7124 9.47334 9.57334
RE-1_R2_CH02_C 96.1569 96.5452 96.8679 97.1358 97.3579 9.49174 9.59174
RE-1_R2_CH03_A 97.0033 97.4102 97.7471 98.0257 98.2558 9.43894 9.53894
RE-1_R2_CH03_B 97.4052 97.7831 98.0942 98.3498 98.5597 9.51574 9.61574
RE-1_R2_CH03_C 95.5777 95.9592 96.2716 96.5271 96.7359 9.5621 9.6621
RE-1_R2_CH04_A 96.3841 96.7561 97.0698 97.3342 97.5568 9.51776 9.61776
RE-1_R2_CH04_B 97.4736 97.878 98.217 98.5008 98.7382 9.55231 9.65231
RE-1_R2_CH04_C 95.819 96.2069 96.5315 96.8027 97.0291 9.55183 9.65183
RE-1_R2_CH05_A 96.7751 97.1615 97.4704 97.7169 97.9134 9.28554 9.38554
RE-1_R2_CH05_B 96.773 97.181 97.5057 97.7637 97.9685 9.30597 9.40597
RE-1_R2_CH05_C 96.4439 96.816 97.1175 97.3616 97.559 9.31258 9.41258
RE-1_R2_CH06_A 96.0195 96.411 96.7387 97.0127 97.2416 9.43975 9.53975
RE-1_R2_CH06_B 97.4876 97.8696 98.1864 98.4488 98.6659 9.43763 9.53763
RE-1_R2_CH06_C 96.2278 96.6107 96.9379 97.2172 97.4555 9.44666 9.54666
RE-1_R2_CH07_A 97.3378 97.719 98.0371 98.3022 98.523 9.37317 9.47317
RE-1_R2_CH07_B 96.6041 97.0083 97.3405 97.6133 97.8369 9.36932 9.46932
RE-1_R2_CH07_C 96.7068 97.0736 97.3808 97.6379 97.8528 9.44321 9.54321
RE-1_R2_CH08_A 96.9916 97.3661 97.6802 97.9434 98.1637 9.35942 9.45942
RE-1_R2_CH08_B 97.0628 97.4447 97.7655 98.0346 98.2602 9.31442 9.41442
RE-1_R2_CH08_C 97.1431 97.5265 97.8424 98.1025 98.3163 9.28909 9.38909
RE-1_R2_CH09_A 97.3372 97.7293 98.0506 98.3136 98.5286 9.32167 9.42167
RE-1_R2_CH09_B 97.6742 98.0632 98.365 98.5989 98.7798 9.28418 9.38418
RE-1_R2_CH09_C 97.1407 97.5152 97.8232 98.0763 98.2841 9.38587 9.48587
RE-1_R2_CH10_A 97.6817 98.0835 98.4025 98.6554 98.8557 9.32682 9.42682
RE-1_R2_CH10_B 97.722 98.1296 98.4472 98.6943 98.8863 9.31723 9.41723
RE-1_R2_CH10_C 97.366 97.7511 98.0686 98.3299 98.5448 9.46546 9.56546
RE-1_R2_CH11_A 96.8054 97.2058 97.5414 97.8222 98.057 9.38538 9.48538
RE-1_R2_CH11_B 97.4865 97.8626 98.165 98.4077 98.6024 9.33654 9.43654
RE-1_R2_CH11_C 96.7742 97.1827 97.5135 97.7811 97.9973 9.36317 9.46317
RE-1_R2_CH12_A 97.8936 98.2798 98.5882 98.8341 99.0299 9.28135 9.38135
RE-1_R2_CH12_B 97.8439 98.2259 98.5382 98.7931 99.0011 9.37742 9.47742
RE-1_R2_CH12_C 97.4756 97.8717 98.194 98.456 98.6688 9.33208 9.43208
RE-1_R2_CH13_A 97.8584 98.2564 98.5659 98.8061 98.9923 9.27961 9.37961
RE-1_R2_CH13_B 97.7201 98.0983 98.397 98.6326 98.8182 9.2846 9.3846
RE-1_R2_CH13_C 97.7513 98.1311 98.4312 98.6679 98.8545 9.30952 9.40952
RE-1_R2_CH14_A 97.3957 97.783 98.1123 98.392 98.6292 9.49632 9.59632
RE-1_R2_CH14_B 98.0552 98.4298 98.728 98.9652 99.1536 9.36397 9.46397
RE-1_R2_CH14_C 97.3978 97.7846 98.0988 98.3537 98.5602 9.42303 9.52303
RE-1_R2_CH15_A 96.6617 97.0448 97.3753 97.6602 97.9055 9.47071 9.57071
RE-1_R2_CH15_B 97.5906 97.9796 98.3005 98.5648 98.7823 9.33896 9.43896
RE-1_R2_CH15_C 97.3091 97.6899 98.0096 98.2778 98.5024 9.36527 9.46527
RE-1_R2_CH16_A 97.7706 98.1451 98.4461 98.6876 98.8811 9.42834 9.52834
RE-1_R2_CH16_B 98.1224 98.517 98.8266 99.0693 99.2592 9.40607 9.50607
RE-1_R2_CH16_C 97.5189 97.9013 98.2115 98.463 98.6666 9.45349 9.55349
RE-1_R2_CH17_A 97.5825 97.965 98.2702 98.5135 98.7071 9.31609 9.41609
RE-1_R2_CH17_B 97.0394 97.4275 97.7289 97.9624 98.1432 9.29203 9.39203
RE-1_R2_CH17_C 97.377 97.7578 98.0617 98.3038 98.4965 9.37687 9.47687
RE-1_R2_CH18_A 96.3259 96.7076 97.0265 97.2926 97.5143 9.48002 9.58002
RE-1_R2_CH18_B 97.253 97.6283 97.9391 98.1963 98.4088 9.45422 9.55422
RE-1_R2_CH18_C 96.388 96.7728 97.0964 97.3682 97.5963 9.49079 9.59079
RE-1_R2_CH19_A 97.9245 98.3151 98.6215 98.8615 99.0491 9.2611 9.3611
RE-1_R2_CH19_B 97.4954 97.8611 98.1491 98.3757 98.5537 9.28123 9.38123
RE-1_R2_CH19_C 97.5601 97.9368 98.2397 98.4829 98.6779 9.30219 9.40219
RE-1_R2_CH20_A 96.8306 97.2117 97.5336 97.8052 98.0342 9.4431 9.5431
RE-1_R2_CH20_B 96.9857 97.3673 97.6914 97.9665 98.1997 9.49282 9.59282
RE-1_R2_CH20_C 96.9214 97.302 97.6316 97.9168 98.1634 9.50165 9.60165
RE-1_R2_CH21_A 97.9849 98.3926 98.7136 98.9658 99.1639 9.37116 9.47116
RE-1_R2_CH21_B 97.4033 97.7899 98.0989 98.3453 98.5417 9.42889 9.52889
RE-1_R2_CH21_C 97.3339 97.7452 98.0784 98.3478 98.5655 9.4589 9.5589
RE-1_R2_CH22_A 97.3296 97.7102 98.0237 98.2815 98.4933 9.50547 9.60547
RE-1_R2_CH22_B 97.3665 97.7615 98.0854 98.3506 98.5675 9.46527 9.56527
RE-1_R2_CH22_C 97.5692 97.9466 98.2475 98.487 98.6774 9.39979 9.49979
RE-1_R2_CH23_A 97.1671 97.5659 97.8853 98.1409 98.3451 9.48419 9.58419
RE-1_R2_CH23_B 97.518 97.9234 98.2393 98.485 98.6758 9.34597 9.44597
RE-1_R2_CH23_C 97.0536 97.4438 97.7636 98.0252 98.2391 9.41788 9.51788
RE-1_R2_CH24_A 96.3255 96.7215 97.0531 97.3306 97.5625 9.63479 9.73479
RE-1_R2_CH24_B 97.8898 98.2701 98.5831 98.8404 99.0517 9.59703 9.69703
RE-1_R2_CH24_C 96.799 97.1701 97.4731 97.7201 97.9213 9.58069 9.68069
RE-1_R2_CH25_A 97.8347 98.2086 98.5065 98.7433 98.9315 9.4089 9.5089
RE-1_R2_CH25_B 97.3965 97.7782 98.077 98.3107 98.4931 9.31809 9.41809
RE-1_R2_CH25_C 97.0586 97.4368 97.7504 98.01 98.2246 9.42394 9.52394
RE-1_R2_CH26_A 97.9558 98.3275 98.6114 98.828 98.9929 9.52926 9.62926
RE-1_R2_CH26_B 96.6027 96.9991 97.3137 97.5631 97.7606 9.55509 9.65509
RE-1_R2_CH26_C 97.3736 97.7539 98.0624 98.3124 98.5147 9.58911 9.68911
RE-1_R2_CH27_A 97.7854 98.1909 98.5241 98.7974 99.0213 9.42856 9.52856
RE-1_R2_CH27_B 97.5873 97.9773 98.2918 98.545 98.7487 9.4073 9.5073
RE-1_R2_CH27_C 97.3175 97.6888 97.998 98.2553 98.4691 9.43516 9.53516
RE-1_R2_CH28_A 97.8518 98.2288 98.5265 98.7612 98.946 9.47823 9.57823
RE-1_R2_CH28_B 97.4525 97.8535 98.1826 98.4524 98.6734 9.51703 9.61703
RE-1_R2_CH28_C 96.4149 96.805 97.1224 97.3803 97.5896 9.46251 9.56251
RE-1_R2_CH29_A 98.0974 98.4904 98.8018 99.0482 99.2428 9.38386 9.48386
RE-1_R2_CH29_B 98.1247 98.5172 98.8281 99.0741 99.2684 9.42863 9.52863
RE-1_R2_CH29_C 97.4009 97.8122 98.1453 98.4147 98.6324 9.46705 9.56705
RE-1_R2_CH30_A 97.8111 98.2215 98.5448 98.7992 98.9989 9.52591 9.62591
RE-1_R2_CH30_B 97.9267 98.3334 98.6567 98.9133 99.1166 9.44845 9.54845
RE-1_R2_CH30_C 97.7546 98.1324 98.4387 98.6866 98.887 9.48754 9.58754
RE-1_R2_CH31_A 98.0726 98.4623 98.7679 99.0071 99.1941 9.40404 9.50404
RE-1_R2_CH31_B 97.8264 98.2226 98.5397 98.7931 98.9953 9.44064 9.54064
RE-1_R2_CH31_C 97.1487 97.5346 97.8457 98.096 98.2972 9.45572 9.55572
RE-1_R2_CH32_A 96.6833 97.0507 97.3603 97.6209 97.8401 9.48565 9.58565
RE-1_R2_CH32_B 96.2207 96.6195 96.947 97.2157 97.4359 9.43917 9.53917
RE-1_R2_CH32_C 97.0908 97.462 97.7649 98.0119 98.2129 9.44069 9.54069
RE-1_R2_CH33_A 95.9097 96.296 96.6263 96.9086 97.1496 9.64125 9.74125
RE-1_R2_CH33_B 97.699 98.0929 98.4243 98.7028 98.9367 9.54569 9.64569
RE-1_R2_CH33_C 95.6013 95.9894 96.3162 96.5909 96.8218 9.5337 9.6337
RE-1_R2_CH34_A 96.8677 97.2578 97.5697 97.8189 98.0176 9.46627 9.56627
RE-1_R2_CH34_B 98.0823 98.4619 98.7671 99.0122 99.2088 9.46922 9.56922
RE-1_R2_CH34_C 97.1799 97.5656 97.8813 98.1394 98.3501 9.55214 9.65214
RE-1_R2_CH35_A 97.0108 97.4042 97.7313 98.0029 98.2281 9.47538 9.57538
RE-1_R2_CH35_B 96.9399 97.3198 97.6256 97.8714 98.0687 9.39135 9.49135
RE-1_R2_CH35_C 96.588 96.9766 97.2949 97.5555 97.7684 9.44217 9.54217
RE-1_R2_CH36_A 97.0717 97.4581 97.7789 98.0448 98.2652 9.48167 9.58167
RE-1_R2_CH36_B 97.2848 97.6861 98.0132 98.2793 98.4956 9.50018 9.60018
RE-1_R2_CH36_C 96.2486 96.6403 96.9616 97.2248 97.4401 9.51007 9.61007
RE-1_R3_CH01_B 95.6359 96.0256 96.3429 96.6008 96.8103 9.50956 9.60956
RE-1_R3_CH01_C 97.2943 97.6699 97.9605 98.185 98.3583 9.3822 9.4822
RE-1_R3_CH02_B 98.6888 99.0623 99.3836 99.6596 99.8965 9.83828 9.93828
RE-1_R3_CH02_C 94.1946 94.5568 94.8547 95.0994 95.3002 9.65373 9.75373
RE-1_R3_CH03_B 97.1362 97.5036 97.7958 98.0281 98.2124 9.44684 9.54684
RE-1_R3_CH03_C 96.6859 97.0191 97.265 97.4461 97.5794 9.37042 9.47042
RE-1_R3_CH04_B 96.6986 97.1047 97.4248 97.6765 97.8743 9.42697 9.52697
RE-1_R3_CH04_C 97.6567 98.026 98.3197 98.5531 98.7384 9.42367 9.52367
RE-1_R3_CH05_B 96.2748 96.6652 96.9804 97.2345 97.4391 9.4628 9.5628
RE-1_R3_CH05_C 97.4587 97.8424 98.1487 98.3929 98.5874 9.44335 9.54335
RE-1_R3_CH06_B 96.9531 97.351 97.6669 97.9173 98.1156 9.39198 9.49198
RE-1_R3_CH06_C 97.1162 97.4979 97.7937 98.0226 98.1995 9.34774 9.44774
RE-1_R3_CH07_B 96.1925 96.5883 96.9156 97.1858 97.4087 9.42873 9.52873
RE-1_R3_CH07_C 97.5039 97.9006 98.2154 98.4648 98.6621 9.35627 9.45627
RE-1_R3_CH08_B 97.0145 97.3979 97.704 97.9482 98.1427 9.34671 9.44671
RE-1_R3_CH08_C 97.2713 97.6531 97.9605 98.2076 98.406 9.3451 9.4451
RE-1_R3_CH09_B 96.2918 96.6416 96.9492 97.2193 97.4564 9.48346 9.58346
RE-1_R3_CH09_C 96.3158 96.7084 97.0281 97.288 97.4991 9.3265 9.4265
RE-1_R3_CH10_B 96.9288 97.3161 97.6283 97.8797 98.0819 9.34435 9.44435
RE-1_R3_CH10_C 96.506 96.8864 97.2145 97.4971 97.7404 9.49647 9.59647
RE-1_R3_CH11_B 95.5629 95.9339 96.2521 96.5245 96.7577 9.55687 9.65687
RE-1_R3_CH11_C 97.2033 97.5764 97.8546 98.0616 98.2156 9.36142 9.46142
RE-1_R3_CH12_B 97.2992 97.6943 98.0306 98.3167 98.5597 9.48178 9.58178
RE-1_R3_CH12_C 96.7385 97.1332 97.4545 97.7157 97.9279 9.4647 9.5647
RE-1_R3_CH13_B 94.0943 94.4711 94.7842 95.0439 95.2592 9.44867 9.54867
RE-1_R3_CH13_C 97.175 97.5561 97.8629 98.1095 98.3076 9.42504 9.52504
RE-1_R3_CH14_B 96.0484 96.4187 96.7211 96.9677 97.1687 9.39424 9.49424
RE-1_R3_CH14_C 96.7765 97.1458 97.4471 97.6926 97.8926 9.40929 9.50929
RE-1_R3_CH15_B 96.7396 97.1255 97.4311 97.6728 97.8637 9.43114 9.53114
RE-1_R3_CH15_C 96.7856 97.1457 97.4234 97.6373 97.8017 9.36446 9.46446
RE-1_R3_CH16_B 96.7636 97.1387 97.4495 97.7067 97.9193 9.44541 9.54541
RE-1_R3_CH16_C 97.3545 97.7201 98.0081 98.2347 98.4127 9.35626 9.45626
RE-1_R3_CH17_B 96.5978 96.9662 97.28 97.5472 97.7744 9.7787 9.8787
RE-1_R3_CH17_C 97.7988 98.173 98.4951 98.772 99.0099 9.77143 9.87143
RE-1_R3_CH18_B 96.831 97.2158 97.5429 97.8207 98.0564 9.52655 9.62655
RE-1_R3_CH18_C 97.2734 97.651 97.9678 98.2333 98.4557 9.44969 9.54969
RE-1_R3_CH19_B 95.7994 96.1716 96.4656 96.6976 96.8804 9.49488 9.59488
RE-1_R3_CH19_C 97.7551 98.1599 98.4751 98.7202 98.9105 9.44123 9.54123
RE-1_R3_CH20_B 96.9004 97.2735 97.5845 97.8434 98.0588 9.53505 9.63505
RE-1_R3_CH20_C 97.2307 97.6225 97.9386 98.1933 98.3983 9.50236 9.60236
RE-1_R3_CH21_B 97.4402 97.851 98.1808 98.4453 98.6571 9.51313 9.61313
RE-1_R3_CH21_C 97.0998 97.5017 97.8113 98.0493 98.232 9.40052 9.50052
RE-1_R3_CH22_B 96.8314 97.2086 97.5008 97.7267 97.9011 9.50684 9.60684
RE-1_R3_CH22_C 97.2791 97.6538 97.9497 98.183 98.3668 9.5053 9.6053
RE-1_R3_CH23_B 96.9208 97.3054 97.6306 97.9052 98.1368 9.73436 9.83436
RE-1_R3_CH23_C 95.9176 96.3027 96.6268 96.899 97.1276 9.67569 9.77569
RE-1_R3_CH24_B 97.95 98.3336 98.634 98.8688 99.0522 9.55019 9.65019
RE-1_R3_CH24_C 97.5408 97.9076 98.1767 98.3738 98.518 9.43908 9.53908
RE-1_R3_CH25_B 96.631 96.9983 97.2907 97.5231 97.7076 9.55431 9.65431
RE-1_R3_CH25_C 97.4463 97.8256 98.1193 98.3463 98.5217 9.46528 9.56528
RE-1_R3_CH26_B 97.372 97.7771 98.1123 98.3893 98.618 9.65062 9.75062
RE-1_R3_CH26_C 96.3508 96.7405 97.0494 97.294 97.4874 9.52708 9.62708
RE-1_R3_CH27_B 97.8337 98.2213 98.5362 98.7916 98.9985 9.55112 9.65112
RE-1_R3_CH27_C 97.1594 97.5328 97.8399 98.0921 98.299 9.46443 9.56443
RE-1_R3_CH28_B 97.2981 97.6736 97.9642 98.1887 98.3619 9.55664 9.65664
RE-1_R3_CH28_C 96.8063 97.1801 97.4724 97.7007 97.8787 9.52325 9.62325
RE-1_R3_CH29_B 97.0706 97.4498 97.7574 98.0067 98.2084 9.61303 9.71303
RE-1_R3_CH29_C 96.1009 96.4921 96.8024 97.0482 97.2427 9.50925 9.60925
RE-1_R3_CH30_B 97.4365 97.8161 98.1239 98.3733 98.5751 9.64515 9.74515
RE-1_R3_CH30_C 97.4394 97.8457 98.1624 98.4087 98.6001 9.52489 9.62489
RE-1_R3_CH31_B 96.2891 96.682 96.9841 97.2161 97.3941 9.5245 9.6245
RE-1_R3_CH31_C 97.7911 98.1429 98.407 98.605 98.7533 9.50036 9.60036
RE-1_R3_CH32_C 97.3224 97.7004 98.0156 98.2782 98.4968 9.6368 9.7368
RE-1_R3_CH33_B 97.3736 97.7617 98.0523 98.2693 98.4313 9.46436 9.56436
RE-1_R3_CH33_C 97.8579 98.2064 98.4679 98.6637 98.8102 9.42804 9.52804
RE-1_R3_CH34_B 96.7817 97.1489 97.4437 97.68 97.8692 9.59955 9.69955
RE-1_R3_CH34_C 95.9645 96.3592 96.6877 96.9608 97.1876 9.64102 9.74102
RE-1_R3_CH35_B 96.7961 97.1676 97.4791 97.7399 97.9582 9.53087 9.63087
RE-1_R3_CH35_C 96.9437 97.3162 97.6155 97.8558 98.0484 9.43414 9.53414
RE-1_R3_CH36_B 97.4635 97.871 98.1885 98.4356 98.6277 9.50528 9.60528
RE-1_R3_CH36_C 97.7515 98.1304 98.4296 98.6657 98.8517 9.50192 9.60192
RE-2_R2_CH01_A 95.7971 96.1626 96.4671 96.7203 96.9308 9.41392 9.51392
RE-2_R2_CH01_B 95.6712 96.0412 96.3411 96.5839 96.7803 9.39351 9.49351
RE-2_R2_CH01_C 97.287 97.6652 97.9766 98.2325 98.4427 9.31273 9.41273
RE-2_R2_CH02_A 97.0774 97.4837 97.8151 98.0852 98.305 9.43131 9.53131
RE-2_R2_CH02_B 97.2566 97.6464 97.9657 98.227 98.4404 9.47478 9.57478
RE-2_R2_CH02_C 97.6117 97.9993 98.323 98.5932 98.8184 9.41633 9.51633
RE-2_R2_CH03_A 95.6545 96.0364 96.3514 96.6109 96.8244 9.40816 9.50816
RE-2_R2_CH03_B 96.0028 96.4084 96.7396 97.0097 97.2296 9.44182 9.54182
RE-2_R2_CH03_C 96.5818 96.9848 97.3109 97.5743 97.787 9.35196 9.45196
RE-2_R2_CH04_A 97.4469 97.8374 98.1524 98.406 98.6101 9.45617 9.55617
RE-2_R2_CH04_B 97.4416 97.8137 98.1173 98.3647 98.5662 9.48763 9.58763
RE-2_R2_CH04_C 97.58 97.9702 98.2698 98.4994 98.6752 9.36375 9.46375
RE-2_R2_CH05_A 95.6517 96.0412 96.3651 96.6342 96.8575 9.45712 9.55712
RE-2_R2_CH05_B 95.7768 96.1639 96.4812 96.741 96.9534 9.4683 9.5683
RE-2_R2_CH05_C 96.7092 97.0962 97.4176 97.6842 97.9051 9.49333 9.59333
RE-2_R2_CH06_A 96.494 96.8949 97.2244 97.4946 97.7161 9.40841 9.50841
RE-2_R2_CH06_B 97.4961 97.8752 98.1827 98.4318 98.6333 9.41433 9.51433
RE-2_R2_CH06_C 97.5215 97.8958 98.1939 98.431 98.6195 9.35053 9.45053
RE-2_R2_CH07_A 96.2386 96.6132 96.9276 97.1912 97.4119 9.39706 9.49706
RE-2_R2_CH07_B 95.9761 96.3453 96.6446 96.8867 97.0825 9.43689 9.53689
RE-2_R2_CH07_C 97.3889 97.7778 98.0939 98.3504 98.5584 9.33682 9.43682
RE-2_R2_CH08_A 96.8725 97.2648 97.591 97.8618 98.0865 9.45052 9.55052
RE-2_R2_CH08_B 97.1218 97.5076 97.8257 98.0877 98.3032 9.55104 9.65104
RE-2_R2_CH08_C 97.3053 97.7129 98.034 98.2865 98.4848 9.46769 9.56769
RE-2_R2_CH09_A 96.0498 96.4263 96.7477 97.0218 97.2553 9.44371 9.54371
RE-2_R2_CH09_B 95.3435 95.7273 96.0483 96.3164 96.5402 9.42799 9.52799
RE-2_R2_CH09_C 96.9735 97.347 97.6638 97.9322 98.1594 9.44504 9.54504
RE-2_R2_CH10_A 97.1149 97.4977 97.8212 98.0942 98.3244 9.48364 9.58364
RE-2_R2_CH10_B 96.7545 97.1311 97.4452 97.7069 97.9248 9.44934 9.54934
RE-2_R2_CH10_C 97.0897 97.48 97.7921 98.0414 98.2402 9.33975 9.43975
RE-2_R2_CH11_A 94.706 95.0726 95.3883 95.66 95.8935 9.52111 9.62111
RE-2_R2_CH11_B 94.9798 95.3771 95.7061 95.978 96.2026 9.4862 9.5862
RE-2_R2_CH11_C 97.3413 97.7162 98.0267 98.2836 98.4958 9.45697 9.55697
RE-2_R2_CH12_A 94.8585 95.2416 95.5677 95.8449 96.0803 9.45988 9.55988
RE-2_R2_CH12_B 96.6997 97.0757 97.3931 97.6608 97.8862 9.44252 9.54252
RE-2_R2_CH12_C 97.2215 97.5888 97.8998 98.163 98.3855 9.32271 9.42271
RE-2_R2_CH13_A 94.8335 95.2138 95.5319 95.7975 96.019 9.42954 9.52954
RE-2_R2_CH13_B 96.1087 96.4755 96.7725 97.0127 97.2067 9.41112 9.51112
RE-2_R2_CH13_C 96.892 97.2773 97.5904 97.8444 98.0502 9.41966 9.51966
RE-2_R2_CH14_A 97.166 97.5455 97.851 98.0964 98.2934 9.43516 9.53516
RE-2_R2_CH14_B 96.5707 96.9697 97.295 97.5597 97.7749 9.44838 9.54838
RE-2_R2_CH14_C 96.8577 97.2348 97.5493 97.8113 98.0295 9.44029 9.54029
RE-2_R2_CH15_A 95.4921 95.866 96.178 96.4381 96.6547 9.49328 9.59328
RE-2_R2_CH15_B 95.7002 96.0808 96.3967 96.6586 96.8756 9.52733 9.62733
RE-2_R2_CH15_C 97.2912 97.6915 98.0268 98.3074 98.5418 9.56024 9.66024
RE-2_R2_CH16_A 96.7526 97.1478 97.4643 97.7174 97.9196 9.42587 9.52587
RE-2_R2_CH16_B 97.3933 97.8022 98.1304 98.3935 98.6041 9.48216 9.58216
RE-2_R2_CH16_C 97.6993 98.1038 98.4221 98.6722 98.8684 9.35776 9.45776
RE-2_R2_CH17_A 95.0854 95.4678 95.7895 96.0599 96.2868 9.5433 9.6433
RE-2_R2_CH17_B 93.2092 93.5788 93.8813 94.1286 94.3305 9.47701 9.57701
RE-2_R2_CH17_C 94.4054 94.7778 95.0924 95.358 95.5819 9.58366 9.68366
RE-2_R2_CH18_A 96.1551 96.5513 96.8812 97.1554 97.3832 9.44698 9.54698
RE-2_R2_CH18_B 97.4608 97.8329 98.1318 98.3716 98.5637 9.41422 9.51422
RE-2_R2_CH18_C 97.1892 97.5832 97.9128 98.1883 98.4184 9.3445 9.4445
RE-2_R2_CH19_A 96.0251 96.3964 96.704 96.9585 97.1689 9.43247 9.53247
RE-2_R2_CH19_B 95.6596 96.0559 96.3763 96.6351 96.8438 9.39244 9.49244
RE-2_R2_CH19_C 97.4755 97.8621 98.185 98.4545 98.6791 9.40012 9.50012
RE-2_R2_CH20_A 94.8259 95.2202 95.5487 95.822 96.0492 9.55587 9.65587
RE-2_R2_CH20_B 95.9707 96.3664 96.6889 96.9513 97.1646 9.52433 9.62433
RE-2_R2_CH20_C 96.7605 97.1661 97.4971 97.7668 97.9863 9.51911 9.61911
RE-2_R2_CH21_A 95.1695 95.5523 95.8725 96.14 96.3631 9.50139 9.60139
RE-2_R2_CH21_B 94.7117 95.1033 95.4225 95.6823 95.8935 9.44987 9.54987
RE-2_R2_CH21_C 97.2286 97.6265 97.9617 98.2438 98.4808 9.44125 9.54125
RE-2_R2_CH22_A 97.6051 97.9797 98.2832 98.5288 98.7272 9.46232 9.56232
RE-2_R2_CH22_B 97.009 97.4141 97.7419 98.0068 98.2207 9.41484 9.51484
RE-2_R2_CH22_C 97.3566 97.7516 98.0731 98.3344 98.5464 9.36447 9.46447
RE-2_R2_CH23_A 95.2178 95.6068 95.9283 96.1936 96.4123 9.44003 9.54003
RE-2_R2_CH23_B 97.0637 97.4322 97.7428 98.0043 98.2241 9.54151 9.64151
RE-2_R2_CH23_C 96.935 97.3076 97.6236 97.8913 98.1179 9.57221 9.67221
RE-2_R2_CH24_A 97.0489 97.4529 97.7849 98.0573 98.2806 9.4783 9.5783
RE-2_R2_CH24_B 97.3887 97.7662 98.0747 98.3264 98.5315 9.44758 9.54758
RE-2_R2_CH24_C 97.4438 97.85 98.1837 98.4577 98.6822 9.38721 9.48721
RE-2_R2_CH25_A 95.7667 96.1389 96.4548 96.7226 96.9494 9.52673 9.62673
RE-2_R2_CH25_B 96.7625 97.1457 97.4517 97.6958 97.8902 9.44089 9.54089
RE-2_R2_CH25_C 97.3197 97.7115 98.0449 98.3283 98.5689 9.51054 9.61054
RE-2_R2_CH26_A 97.4309 97.8291 98.1557 98.4234 98.6425 9.48096 9.58096
RE-2_R2_CH26_B 96.7425 97.1346 97.4455 97.6917 97.8864 9.45935 9.55935
RE-2_R2_CH26_C 97.3633 97.7409 98.0363 98.267 98.447 9.33367 9.43367
RE-2_R2_CH27_A 96.5277 96.9161 97.2447 97.5225 97.757 9.54468 9.64468
RE-2_R2_CH27_B 95.7686 96.1369 96.442 96.6943 96.9028 9.51134 9.61134
RE-2_R2_CH27_C 96.833 97.2347 97.5693 97.8476 98.0789 9.29421 9.39421
RE-2_R2_CH28_A 97.6152 97.9999 98.3268 98.6042 98.8393 9.55858 9.65858
RE-2_R2_CH28_B 96.7809 97.1671 97.4835 97.7422 97.9535 9.50305 9.60305
RE-2_R2_CH28_C 97.1922 97.6034 97.9307 98.1909 98.3975 9.41808 9.51808
RE-2_R2_CH29_A 96.7184 97.1087 97.4391 97.7183 97.9542 9.48136 9.58136
RE-2_R2_CH29_B 96.3359 96.7037 97.0119 97.2699 97.4858 9.45229 9.55229
RE-2_R2_CH29_C 97.3047 97.6902 98.0161 98.2913 98.5233 9.40384 9.50384
RE-2_R2_CH30_A 96.7602 97.1373 97.4592 97.7335 97.9672 9.54189 9.64189
RE-2_R2_CH30_B 97.4801 97.8821 98.2209 98.5062 98.7461 9.51459 9.61459
RE-2_R2_CH30_C 96.4906 96.8886 97.2177 97.4895 97.7137 9.288 9.388
RE-2_R2_CH31_A 95.3516 95.7285 96.0432 96.3057 96.5244 9.5339 9.6339
RE-2_R2_CH31_B 95.6657 96.0345 96.3419 96.5979 96.8108 9.48751 9.58751
RE-2_R2_CH31_C 96.8983 97.2836 97.6093 97.8844 98.1165 9.50558 9.60558
RE-2_R2_CH32_A 96.8068 97.186 97.5045 97.7715 97.9953 9.52081 9.62081
RE-2_R2_CH32_C 97.2834 97.695 98.0226 98.283 98.4898 9.31606 9.41606
RE-2_R2_CH33_A 95.6307 95.9935 96.3009 96.5611 96.7811 9.52922 9.62922
RE-2_R2_CH33_B 95.7934 96.1721 96.4862 96.7466 96.9622 9.50265 9.60265
RE-2_R2_CH33_C 96.8653 97.2463 97.558 97.8126 98.0203 9.49088 9.59088
RE-2_R2_CH34_A 96.6828 97.068 97.3786 97.6285 97.8295 9.45321 9.55321
RE-2_R2_CH34_B 96.6872 97.0876 97.4189 97.6926 97.9184 9.48368 9.58368
RE-2_R2_CH34_C 97.2931 97.6922 98.0173 98.2817 98.4965 9.34916 9.44916
RE-2_R2_CH35_A 95.7962 96.196 96.5291 96.8063 97.0368 9.5023 9.6023
RE-2_R2_CH35_B 96.1525 96.5342 96.8549 97.1242 97.3501 9.50245 9.60245
RE-2_R2_CH35_C 96.9197 97.3224 97.6579 97.9371 98.169 9.46372 9.56372
RE-2_R2_CH36_A 93.7372 94.1165 94.4319 94.6937 94.9109 9.40533 9.50533
RE-2_R2_CH36_B 97.0419 97.4445 97.7727 98.0399 98.2573 9.44132 9.54132
RE-2_R2_CH36_C 97.1808 97.5826 97.9102 98.1768 98.3936 9.38625 9.48625
RE-2_R3_CH01_B 95.5389 95.9033 96.2121 96.4736 96.6948 9.50124 9.60124
RE-2_R3_CH01_C 94.8545 95.2391 95.5647 95.8401 96.0727 9.48347 9.58347
RE-2_R3_CH02_B 97.0814 97.461 97.7865 98.0655 98.3044 9.58811 9.68811
RE-2_R3_CH02_C 96.7588 97.1299 97.4446 97.7111 97.9367 9.60578 9.70578
RE-2_R3_CH03_B 94.5461 94.9316 95.2522 95.5185 95.7395 9.5209 9.6209
RE-2_R3_CH03_C 95.4105 95.7906 96.0971 96.3437 96.542 9.43051 9.53051
RE-2_R3_CH04_B 97.205 97.6111 97.9473 98.2253 98.4548 9.57115 9.67115
RE-2_R3_CH04_C 96.3943 96.7945 97.1278 97.405 97.6354 9.57189 9.67189
RE-2_R3_CH05_B 94.9339 95.3232 95.6403 95.8982 96.1078 9.46392 9.56392
RE-2_R3_CH05_C 95.7667 96.1238 96.4371 96.7117 96.9522 9.5858 9.6858
RE-2_R3_CH06_B 96.777 97.1492 97.463 97.7274 97.95 9.57533 9.67533
RE-2_R3_CH06_C 97.3119 97.6834 97.9886 98.2393 98.4448 9.50539 9.60539
RE-2_R3_CH07_B 94.5478 94.948 95.2695 95.5274 95.7339 9.4038 9.5038
RE-2_R3_CH07_C 95.8203 96.1958 96.5029 96.7537 96.9583 9.34274 9.44274
RE-2_R3_CH08_B 97.486 97.8664 98.1724 98.4184 98.6158 9.48661 9.58661
RE-2_R3_CH08_C 97.2055 97.595 97.9141 98.1752 98.3886 9.45794 9.55794
RE-2_R3_CH09_B 95.3039 95.6742 95.9745 96.2176 96.4144 9.44792 9.54792
RE-2_R3_CH09_C 96.4238 96.8062 97.1215 97.3811 97.5946 9.4534 9.5534
RE-2_R3_CH10_B 96.5408 96.9366 97.2661 97.5398 97.7671 9.47986 9.57986
RE-2_R3_CH10_C 97.4658 97.8578 98.174 98.4287 98.6336 9.39402 9.49402
RE-2_R3_CH11_B 96.3813 96.7632 97.0733 97.3248 97.5286 9.43345 9.53345
RE-2_R3_CH11_C 94.7941 95.1557 95.4621 95.7216 95.941 9.47341 9.57341
RE-2_R3_CH12_B 97.509 97.8894 98.1929 98.4346 98.6269 9.47682 9.57682
RE-2_R3_CH12_C 96.986 97.3719 97.6829 97.9332 98.1344 9.44348 9.54348
RE-2_R3_CH13_B 95.0845 95.449 95.7546 96.0105 96.2246 9.58789 9.68789
RE-2_R3_CH13_C 93.2611 93.6348 93.9526 94.2226 94.4518 9.59898 9.69898
RE-2_R3_CH14_B 96.8969 97.3025 97.6251 97.8813 98.0845 9.49009 9.59009
RE-2_R3_CH14_C 96.3178 96.7077 97.0249 97.2827 97.4919 9.51831 9.61831
RE-2_R3_CH15_B 94.9915 95.3701 95.6778 95.9275 96.1299 9.51665 9.61665
RE-2_R3_CH15_C 94.9717 95.3332 95.6427 95.9075 96.1337 9.65156 9.75156
RE-2_R3_CH16_B 95.9403 96.3168 96.629 96.8876 97.1016 9.52121 9.62121
RE-2_R3_CH16_C 96.9457 97.3482 97.6834 97.9623 98.194 9.48096 9.58096
RE-2_R3_CH17_B 94.1954 94.5902 94.9124 95.175 95.3886 9.43251 9.53251
RE-2_R3_CH17_C 94.7147 95.1038 95.4231 95.6849 95.8992 9.42492 9.52492
RE-2_R3_CH18_B 97.0342 97.4179 97.7244 97.9688 98.1635 9.53339 9.63339
RE-2_R3_CH18_C 97.6184 98.0031 98.3076 98.548 98.7378 9.47289 9.57289
RE-2_R3_CH19_B 94.695 95.0935 95.4188 95.684 95.8998 9.50794 9.60794
RE-2_R3_CH19_C 93.4328 93.7926 94.0925 94.3421 94.5498 9.46489 9.56489
RE-2_R3_CH20_B 97.0857 97.4602 97.7638 98.0096 98.2082 9.51722 9.61722
RE-2_R3_CH20_C 97.2812 97.6678 97.9842 98.2429 98.4542 9.49522 9.59522
RE-2_R3_CH21_B 96.108 96.5064 96.823 97.0741 97.2731 9.4575 9.5575
RE-2_R3_CH21_C 95.1588 95.5336 95.8425 96.0966 96.3055 9.5625 9.6625
RE-2_R3_CH22_B 96.7065 97.0927 97.4113 97.6738 97.8898 9.62789 9.72789
RE-2_R3_CH22_C 96.8121 97.2139 97.5507 97.8327 98.0685 9.59322 9.69322
RE-2_R3_CH23_B 96.3867 96.769 97.0842 97.3438 97.5572 9.59319 9.69319
RE-2_R3_CH23_C 94.5197 94.8931 95.2069 95.4703 95.6911 9.56257 9.66257
RE-2_R3_CH24_B 97.0296 97.4007 97.6987 97.9378 98.1294 9.58897 9.68897
RE-2_R3_CH24_C 97.6665 98.0651 98.3716 98.6069 98.7874 9.45697 9.55697
RE-2_R3_CH25_B 92.7563 93.1425 93.462 93.7261 93.9441 9.57258 9.67258
RE-2_R3_CH25_C 95.9866 96.3525 96.651 96.8943 97.0924 9.51999 9.61999
RE-2_R3_CH26_B 96.458 96.8362 97.138 97.3785 97.57 9.5167 9.6167
RE-2_R3_CH26_C 96.7935 97.1684 97.4724 97.7185 97.9176 9.54018 9.64018
RE-2_R3_CH27_B 95.1672 95.5556 95.8607 96.1001 96.2877 9.47959 9.57959
RE-2_R3_CH27_C 95.4849 95.8773 96.1917 96.4432 96.6442 9.50395 9.60395
RE-2_R3_CH28_B 96.3862 96.7475 97.0293 97.2488 97.4196 9.55077 9.65077
RE-2_R3_CH28_C 97.6017 97.997 98.3187 98.5801 98.7923 9.54551 9.64551
RE-2_R3_CH30_B 96.6065 96.9839 97.2947 97.5503 97.7603 9.54428 9.64428
RE-2_R3_CH30_C 97.2488 97.6586 97.9877 98.2515 98.4628 9.4436 9.5436
RE-2_R3_CH31_B 96.162 96.5594 96.8833 97.1469 97.3612 9.48798 9.58798
RE-2_R3_CH31_C 94.797 95.1708 95.4789 95.7324 95.9409 9.46158 9.56158
RE-2_R3_CH32_B 48.9698 49.1598 49.3201 49.4553 49.5691 9.67239 9.77239
RE-2_R3_CH32_C 97.3858 97.795 98.1205 98.3791 98.5843 9.4846 9.5846
RE-2_R3_CH33_B 94.5998 94.9916 95.3084 95.5642 95.7706 9.51155 9.61155
RE-2_R3_CH33_C 56.5627 56.7689 56.948 57.1036 57.2386 9.69365 9.79365
RE-2_R3_CH34_B 97.0765 97.447 97.7515 98.0014 98.2064 9.53825 9.63825
RE-2_R3_CH34_C 97.3792 97.765 98.0851 98.3505 98.5703 9.52551 9.62551
RE-2_R3_CH35_B 94.8831 95.249 95.55 95.7973 96.0003 9.61636 9.71636
RE-2_R3_CH35_C 95.2552 95.6154 95.9206 96.1788 96.3972 9.61649 9.71649
RE-2_R3_CH36_B 96.6046 96.9744 97.2805 97.5335 97.7426 9.59439 9.69439
RE-2_R3_CH36_C 97.1661 97.5363 97.8465 98.1062 98.3233 9.57449 9.67449
RE-3_R2_CH01_A 92.018 92.372 92.6671 92.9128 93.1171 9.47774 9.57774
RE-3_R2_CH01_B 93.4525 93.8396 94.1443 94.3836 94.5714 9.43819 9.53819
RE-3_R2_CH02_A 94.6683 95.0442 95.3542 95.6095 95.8194 9.57768 9.67768
RE-3_R2_CH02_B 94.8493 95.2171 95.5128 95.7504 95.9409 9.52496 9.62496
RE-3_R2_CH03_A 94.3256 94.7035 95.0107 95.2601 95.4623 9.45078 9.55078
RE-3_R2_CH03_B 93.4628 93.8224 94.116 94.3554 94.5505 9.4549 9.5549
RE-3_R2_CH04_A 94.6178 94.9791 95.2801 95.5305 95.7386 9.56381 9.66381
RE-3_R2_CH04_B 95.1671 95.5391 95.8475 96.1029 96.3142 9.64176 9.74176
RE-3_R2_CH05_A 95.115 95.49 95.7968 96.0474 96.252 9.53324 9.63324
RE-3_R2_CH05_B 92.9601 93.3219 93.6237 93.8751 94.0844 9.57291 9.67291
RE-3_R2_CH06_A 95.4512 95.8295 96.1455 96.4091 96.6288 9.62731 9.72731
RE-3_R2_CH06_B 93.6617 94.026 94.3259 94.5725 94.775 9.61124 9.71124
RE-3_R2_CH07_A 94.6905 95.0886 95.416 95.6849 95.9055 9.43112 9.53112
RE-3_R2_CH07_B 94.3239 94.7188 95.0385 95.2968 95.5053 9.47387 9.57387
RE-3_R2_CH08_A 96.2903 96.6593 96.9687 97.2277 97.4444 9.59966 9.69966
RE-3_R2_CH08_B 94.9034 95.2816 95.5913 95.8445 96.0513 9.54892 9.64892
RE-3_R2_CH09_A 93.1657 93.5348 93.8346 94.0777 94.2747 9.50082 9.60082
RE-3_R2_CH09_B 94.2801 94.6632 94.9751 95.2286 95.4344 9.52509 9.62509
RE-3_R2_CH10_A 93.5229 93.8936 94.2053 94.4669 94.6863 9.53243 9.63243
RE-3_R2_CH10_B 94.2973 94.6679 94.9732 95.2244 95.4309 9.58179 9.68179
RE-3_R2_CH11_A 94.6383 95.0054 95.3168 95.5809 95.8045 9.61123 9.71123
RE-3_R2_CH11_B 92.1828 92.5591 92.8655 93.1147 93.3171 9.48729 9.58729
RE-3_R2_CH12_A 94.7319 95.1175 95.4403 95.7101 95.9355 9.5724 9.6724
RE-3_R2_CH12_B 95.7531 96.1263 96.429 96.6742 96.8726 9.53738 9.63738
RE-3_R2_CH13_A 92.9321 93.2871 93.5829 93.829 94.0336 9.56002 9.66002
RE-3_R2_CH13_B 94.5482 94.9128 95.2168 95.4699 95.6804 9.55048 9.65048
RE-3_R2_CH14_A 93.4615 93.8242 94.1303 94.3884 94.6058 9.58178 9.68178
RE-3_R2_CH14_B 94.841 95.2245 95.5432 95.8078 96.0272 9.64993 9.74993
RE-3_R2_CH15_A 94.968 95.36 95.6841 95.9518 96.1727 9.49961 9.59961
RE-3_R2_CH15_B 93.6814 94.078 94.3994 94.6594 94.8695 9.49195 9.59195
RE-3_R2_CH16_A 84.8848 85.2263 85.5119 85.7505 85.9495 9.65443 9.75443
RE-3_R2_CH16_B 93.4509 93.8185 94.1253 94.3811 94.5943 9.48254 9.58254
RE-3_R2_CH17_B 90.9211 91.3044 91.6148 91.8659 92.0687 9.69574 9.79574
RE-3_R2_CH18_A 90.7905 91.123 91.412 91.6631 91.8811 9.69908 9.79908
RE-3_R2_CH18_B 87.6795 88.0115 88.3007 88.5525 88.7715 9.70607 9.80607
RE-3_R2_CH19_A 92.1077 92.482 92.7932 93.0517 93.2661 9.6305 9.7305
RE-3_R2_CH19_B 93.7484 94.1089 94.413 94.6691 94.8847 9.62456 9.72456
RE-3_R2_CH20_A 95.7443 96.1204 96.4363 96.7013 96.9234 9.48711 9.58711
RE-3_R2_CH20_B 93.578 93.9687 94.292 94.5594 94.7801 9.49993 9.59993
RE-3_R2_CH21_A 94.8216 95.1866 95.4962 95.7585 95.9805 9.63354 9.73354
RE-3_R2_CH21_B 93.2952 93.6584 93.9633 94.2188 94.4329 9.64426 9.74426
RE-3_R2_CH22_A 92.1075 92.4895 92.8076 93.0722 93.2921 9.63488 9.73488
RE-3_R2_CH22_B 92.1822 92.5422 92.8387 93.0826 93.2829 9.58186 9.68186
RE-3_R2_CH23_A 92.3123 92.6814 92.9937 93.2574 93.4801 9.64648 9.74648
RE-3_R2_CH23_B 93.4981 93.8551 94.1525 94.3999 94.6056 9.51059 9.61059
RE-3_R2_CH24_A 91.5586 91.9281 92.2408 92.5052 92.7286 9.63433 9.73433
RE-3_R2_CH24_B 95.4659 95.8321 96.1238 96.3558 96.5402 9.54216 9.64216
RE-3_R2_CH25_A 94.0614 94.4209 94.7186 94.9646 95.1678 9.66562 9.76562
RE-3_R2_CH25_B 93.2009 93.5555 93.8507 94.0963 94.3004 9.62209 9.72209
RE-3_R2_CH26_A 90.2011 90.5703 90.871 91.1156 91.3142 9.6113 9.7113
RE-3_R2_CH26_B 95.5574 95.9607 96.2845 96.5442 96.7521 9.52949 9.62949
RE-3_R2_CH27_A 94.474 94.8403 95.1418 95.3897 95.5931 9.59222 9.69222
RE-3_R2_CH27_B 94.713 95.0934 95.3976 95.6405 95.8342 9.54416 9.64416
RE-3_R2_CH28_A 94.5067 94.8788 95.1831 95.4317 95.6346 9.67645 9.77645
RE-3_R2_CH28_B 94.0261 94.3836 94.6832 94.934 95.1436 9.6371 9.7371
RE-3_R2_CH29_A 95.5103 95.894 96.2036 96.453 96.6536 9.60937 9.70937
RE-3_R2_CH29_B 92.8003 93.1884 93.5051 93.7631 93.973 9.71212 9.81212
RE-3_R2_CH30_A 94.8369 95.207 95.5096 95.7566 95.9581 9.69498 9.79498
RE-3_R2_CH30_B 93.6518 94.0338 94.3423 94.5911 94.7915 9.69485 9.79485
RE-3_R2_CH31_A 93.3312 93.7137 94.0228 94.2721 94.473 9.54799 9.64799
RE-3_R2_CH31_B 94.2477 94.6307 94.9425 95.1959 95.4016 9.52995 9.62995
RE-3_R2_CH32_A 85.5238 85.8753 86.1697 86.416 86.6218 9.82998 9.92998
RE-3_R2_CH33_A 95.2592 95.6272 95.9321 96.1843 96.3928 9.57621 9.67621
RE-3_R2_CH33_B 94.4312 94.7934 95.0819 95.3113 95.4937 9.43574 9.53574
RE-3_R2_CH34_A 96.6477 97.0263 97.3402 97.6002 97.8154 9.6501 9.7501
RE-3_R2_CH34_B 94.8124 95.2083 95.536 95.8069 96.0306 9.67426 9.77426
RE-3_R2_CH35_A 94.1291 94.4919 94.7902 95.0353 95.2365 9.5651 9.6651
RE-3_R2_CH35_B 95.0069 95.3683 95.661 95.8976 96.0887 9.52644 9.62644
RE-3_R2_CH36_A 92.8051 93.1733 93.4769 93.7268 93.9324 9.54892 9.64892
RE-3_R2_CH36_B 94.9046 95.2903 95.599 95.8458 96.0428 9.47519 9.57519
RE-3_R3_CH01_A 92.3163 92.6855 92.996 93.2568 93.4757 9.66758 9.76758
RE-3_R3_CH01_B 94.7007 95.0912 95.4069 95.6618 95.8672 9.54093 9.64093
RE-3_R3_CH01_C 92.2694 92.6499 92.9575 93.2058 93.406 9.5253 9.6253
RE-3_R3_CH02_A 95.2925 95.684 96.012 96.2863 96.5156 9.53511 9.63511
RE-3_R3_CH02_B 96.0465 96.439 96.7443 96.9813 97.1652 9.48088 9.58088
RE-3_R3_CH02_C 97.2159 97.6114 97.9281 98.1812 98.3834 9.42941 9.52941
RE-3_R3_CH03_A 94.312 94.6655 94.9694 95.2302 95.454 9.66523 9.76523
RE-3_R3_CH03_B 95.3608 95.7555 96.0746 96.3323 96.5401 9.54979 9.64979
RE-3_R3_CH03_C 94.7057 95.0928 95.4104 95.6706 95.8836 9.55484 9.65484
RE-3_R3_CH04_A 93.2527 93.6194 93.9356 94.208 94.4424 9.63796 9.73796
RE-3_R3_CH04_B 95.8138 96.1958 96.5108 96.7703 96.9838 9.59599 9.69599
RE-3_R3_CH04_C 96.6972 97.0733 97.3784 97.6255 97.8254 9.53753 9.63753
RE-3_R3_CH05_A 95.0941 95.486 95.8028 96.0585 96.2647 9.47198 9.57198
RE-3_R3_CH05_B 95.6972 96.0723 96.369 96.6033 96.788 9.46893 9.56893
RE-3_R3_CH05_C 92.6066 92.9772 93.2809 93.5292 93.7322 9.54589 9.64589
RE-3_R3_CH06_A 93.9308 94.3114 94.6336 94.9061 95.1363 9.55374 9.65374
RE-3_R3_CH06_B 96.8005 97.1885 97.4929 97.7314 97.918 9.46879 9.56879
RE-3_R3_CH06_C 96.4089 96.7797 97.0752 97.3102 97.4971 9.42524 9.52524
RE-3_R3_CH07_A 93.71 94.0886 94.3942 94.6404 94.8386 9.60037 9.70037
RE-3_R3_CH07_B 95.6939 96.0659 96.3507 96.5684 96.7346 9.49154 9.59154
RE-3_R3_CH07_C 92.9095 93.3 93.6162 93.8718 94.0783 9.54733 9.64733
RE-3_R3_CH08_A 83.6967 84.045 84.3291 84.5604 84.7486 9.5419 9.6419
RE-3_R3_CH08_B 95.7877 96.1589 96.4574 96.6972 96.8896 9.54783 9.64783
RE-3_R3_CH08_C 95.4642 95.8649 96.1919 96.4583 96.6752 9.51167 9.61167
RE-3_R3_CH09_A 94.4352 94.7995 95.1085 95.3703 95.5919 9.55713 9.65713
RE-3_R3_CH09_B 95.2444 95.6102 95.9151 96.1689 96.3799 9.54845 9.64845
RE-3_R3_CH09_C 94.7813 95.1766 95.5015 95.7682 95.9868 9.50173 9.60173
RE-3_R3_CH10_A 96.4953 96.8583 97.1717 97.4421 97.6752 9.69823 9.79823
RE-3_R3_CH10_B 94.0817 94.4632 94.7781 95.0379 95.252 9.58202 9.68202
RE-3_R3_CH10_C 97.4036 97.7984 98.1267 98.3993 98.6253 9.56288 9.66288
RE-3_R3_CH11_A 95.3891 95.7143 96.0048 96.2639 96.495 9.70517 9.80517
RE-3_R3_CH11_B 94.8279 95.2099 95.5274 95.7908 96.0093 9.53598 9.63598
RE-3_R3_CH11_C 93.7239 94.0958 94.3955 94.6366 94.8304 9.50387 9.60387
RE-3_R3_CH12_A 94.1566 94.5162 94.8157 95.0649 95.272 9.47692 9.57692
RE-3_R3_CH12_B 95.1994 95.5867 95.9129 96.1871 96.4176 9.60306 9.70306
RE-3_R3_CH12_C 97.2508 97.6414 97.9614 98.2232 98.4372 9.50381 9.60381
RE-3_R3_CH13_A 97.0202 97.3603 97.6636 97.9339 98.1745 9.8882 9.9882
RE-3_R3_CH13_B 94.0243 94.4064 94.7299 95.0036 95.2349 9.64599 9.74599
RE-3_R3_CH13_C 86.8178 87.1715 87.4637 87.7049 87.9036 9.63878 9.73878
RE-3_R3_CH14_A 91.2928 91.6015 91.877 92.1227 92.3417 9.78972 9.88972
RE-3_R3_CH14_B 94.8353 95.215 95.538 95.8124 96.0453 9.63613 9.73613
RE-3_R3_CH14_C 97.7951 98.2022 98.5342 98.8046 99.0246 9.56264 9.66264
RE-3_R3_CH15_A 94.587 94.9713 95.2888 95.5507 95.7665 9.48918 9.58918
RE-3_R3_CH15_B 96.1608 96.5425 96.8594 97.1221 97.3397 9.50806 9.60806
RE-3_R3_CH15_C 94.2182 94.5884 94.8889 95.1325 95.3297 9.46315 9.56315
RE-3_R3_CH16_A 93.6182 93.9767 94.2881 94.5582 94.7924 9.7219 9.8219
RE-3_R3_CH16_B 94.9022 95.3033 95.6226 95.8763 96.0777 9.50087 9.60087
RE-3_R3_CH16_C 97.4187 97.8296 98.1597 98.4243 98.6363 9.48153 9.58153
RE-3_R3_CH17_A 93.9449 94.3043 94.6162 94.8869 95.1214 9.67206 9.77206
RE-3_R3_CH17_B 93.2452 93.6104 93.9091 94.153 94.352 9.6016 9.7016
RE-3_R3_CH17_C 94.187 94.5561 94.848 95.0784 95.2601 9.54518 9.64518
RE-3_R3_CH18_A 84.3712 84.6906 84.9711 85.2171 85.4328 9.73332 9.83332
RE-3_R3_CH18_B 94.6121 94.9918 95.3006 95.5512 95.7546 9.59673 9.69673
RE-3_R3_CH18_C 96.9498 97.3249 97.6265 97.8687 98.0629 9.49938 9.59938
RE-3_R3_CH19_A 91.3686 91.7308 92.0273 92.2697 92.4676 9.52291 9.62291
RE-3_R3_CH19_B 95.0276 95.3977 95.7064 95.9637 96.1778 9.56612 9.66612
RE-3_R3_CH20_A 93.2462 93.6122 93.9278 94.1995 94.4334 9.75266 9.85266
RE-3_R3_CH20_B 95.542 95.9235 96.2257 96.4646 96.6534 9.65374 9.75374
RE-3_R3_CH20_C 96.2711 96.6752 96.9904 97.2357 97.4264 9.58202 9.68202
RE-3_R3_CH21_A 93.9413 94.3067 94.6152 94.8753 95.0945 9.73657 9.83657
RE-3_R3_CH21_B 95.4941 95.8887 96.2021 96.4508 96.6478 9.58927 9.68927
RE-3_R3_CH21_C 91.5916 91.9596 92.2538 92.4888 92.6762 9.59722 9.69722
RE-3_R3_CH22_A 89.1773 89.5221 89.8129 90.0581 90.2645 9.68675 9.78675
RE-3_R3_CH22_B 94.3132 94.6847 94.9967 95.2585 95.478 9.73814 9.83814
RE-3_R3_CH22_C 95.9036 96.2949 96.6246 96.9019 97.1349 9.6708 9.7708
RE-3_R3_CH23_A 93.9784 94.3452 94.6549 94.9161 95.1362 9.73592 9.83592
RE-3_R3_CH23_B 94.5354 94.9212 95.2301 95.4772 95.6745 9.61693 9.71693
RE-3_R3_CH23_C 88.8548 89.2024 89.4925 89.7342 89.9356 9.72282 9.82282
RE-3_R3_CH24_A 86.368 86.7095 87.0026 87.254 87.4694 9.76761 9.86761
RE-3_R3_CH24_B 96.0619 96.4247 96.7134 96.9427 97.1247 9.65486 9.75486
RE-3_R3_CH24_C 96.2472 96.6181 96.9187 97.1619 97.3586 9.64832 9.74832
RE-3_R3_CH25_A 92.9206 93.2769 93.5864 93.8548 94.0875 9.75466 9.85466
RE-3_R3_CH25_B 94.2083 94.5942 94.9108 95.1703 95.3828 9.71116 9.81116
RE-3_R3_CH25_C 94.8567 95.2337 95.5445 95.8005 96.0111 9.71944 9.81944
RE-3_R3_CH26_A 94.2795 94.6612 94.9741 95.2304 95.4399 9.6107 9.7107
RE-3_R3_CH26_B 94.2067 94.589 94.9026 95.1593 95.3693 9.60066 9.70066
RE-3_R3_CH26_C 96.5797 96.9679 97.286 97.5463 97.759 9.507 9.607
RE-3_R3_CH27_A 96.1406 96.5183 96.8316 97.0911 97.3059 9.66297 9.76297
RE-3_R3_CH27_B 94.6801 95.0703 95.3801 95.6259 95.8205 9.62146 9.72146
RE-3_R3_CH27_C 94.8532 95.2449 95.5689 95.8364 96.0572 9.65023 9.75023
RE-3_R3_CH28_A 94.011 94.3729 94.6705 94.915 95.1157 9.76307 9.86307
RE-3_R3_CH28_B 93.1478 93.5052 93.7948 94.029 94.2183 9.7814 9.8814
RE-3_R3_CH28_C 96.7004 97.0858 97.3909 97.6322 97.8228 9.67531 9.77531
RE-3_R3_CH29_B 95.2799 95.6515 95.9479 96.184 96.3718 9.72785 9.82785
RE-3_R3_CH29_C 95.3294 95.7119 96.0178 96.2621 96.4569 9.69895 9.79895
RE-3_R3_CH31_A 93.7843 94.17 94.4909 94.7577 94.9793 9.55261 9.65261
RE-3_R3_CH31_B 96.8944 97.2771 97.5799 97.8192 98.008 9.51813 9.61813
RE-3_R3_CH31_C 95.9377 96.3162 96.6234 96.8726 97.0744 9.49416 9.59416
RE-3_R3_CH32_A 93.8039 94.177 94.4887 94.7488 94.9656 9.68642 9.78642
RE-3_R3_CH32_B 95.0579 95.4411 95.755 96.012 96.2221 9.71709 9.81709
RE-3_R3_CH32_C 97.3294 97.717 98.0268 98.2739 98.4709 9.55811 9.65811
RE-3_R3_CH33_A 92.38 92.7349 93.0224 93.2551 93.4431 9.61023 9.71023
RE-3_R3_CH33_B 95.7861 96.1504 96.4429 96.6774 96.8653 9.60279 9.70279
RE-3_R3_CH33_C 94.9282 95.3264 95.6561 95.9288 96.1541 9.5932 9.6932
RE-3_R3_CH34_A 88.8624 89.2227 89.5295 89.7904 90.012 9.73627 9.83627
RE-3_R3_CH34_B 95.2935 95.6726 95.9697 96.2024 96.3843 9.54386 9.64386
RE-3_R3_CH34_C 95.6375 96.0381 96.3537 96.6019 96.7968 9.48517 9.58517
RE-3_R3_CH35_A 93.6779 94.0684 94.3759 94.6176 94.8074 9.54432 9.64432
RE-3_R3_CH35_B 96.0984 96.459 96.7373 96.9518 97.1169 9.60977 9.70977
RE-3_R3_CH35_C 95.3675 95.7411 96.0442 96.2899 96.4887 9.64051 9.74051
RE-3_R3_CH36_A 93.1294 93.5006 93.8109 94.0698 94.2858 9.72059 9.82059
RE-3_R3_CH36_B 94.681 95.0649 95.3694 95.6105 95.8012 9.61148 9.71148
RE-3_R3_CH36_C 96.3894 96.7752 97.0913 97.3498 97.5611 9.63418 9.73418
RE+1_R2_CH01_A 96.8217 97.1994 97.5145 97.7771 97.9957 9.3279 9.4279
RE+1_R2_CH01_B 95.7091 96.0796 96.3886 96.6459 96.86 9.4602 9.5602
RE+1_R2_CH01_C 93.8 94.156 94.4593 94.7173 94.9367 9.50365 9.60365
RE+1_R2_CH02_A 96.5001 96.8854 97.2009 97.459 97.6698 9.30915 9.40915
RE+1_R2_CH02_B 96.508 96.883 97.1917 97.4455 97.6538 9.42691 9.52691
RE+1_R2_CH02_C 96.0579 96.4435 96.7571 97.0117 97.2183 9.3838 9.4838
RE+1_R2_CH03_A 97.0655 97.4368 97.7531 98.0225 98.2516 9.41167 9.51167
RE+1_R2_CH03_B 97.4292 97.8082 98.1223 98.3823 98.5972 9.41732 9.51732
RE+1_R2_CH03_C 96.3064 96.6916 97.0094 97.2712 97.4867 9.34844 9.44844
RE+1_R2_CH04_A 97.0047 97.3526 97.6581 97.9262 98.1613 9.34659 9.44659
RE+1_R2_CH04_C 97.193 97.5938 97.9275 98.2049 98.4354 9.31298 9.41298
RE+1_R2_CH05_A 96.8576 97.2424 97.5728 97.8562 98.0992 9.39601 9.49601
RE+1_R2_CH05_B 96.8203 97.1848 97.4936 97.7547 97.9755 9.43958 9.53958
RE+1_R2_CH05_C 95.4436 95.8314 96.158 96.4327 96.6634 9.44093 9.54093
RE+1_R2_CH06_A 97.4874 97.8738 98.1945 98.4603 98.6804 9.39282 9.49282
RE+1_R2_CH06_C 97.615 97.9944 98.3108 98.5744 98.7938 9.36634 9.46634
RE+1_R2_CH07_A 97.6591 98.0496 98.3719 98.6373 98.8558 9.39132 9.49132
RE+1_R2_CH07_B 97.4081 97.7925 98.107 98.364 98.5737 9.38476 9.48476
RE+1_R2_CH07_C 96.9533 97.328 97.6363 97.8896 98.0976 9.38845 9.48845
RE+1_R2_CH08_A 96.2774 96.6513 96.9591 97.2122 97.42 9.36761 9.46761
RE+1_R2_CH08_B 96.4649 96.8354 97.1441 97.4011 97.6149 9.41995 9.51995
RE+1_R2_CH08_C 96.4873 96.8597 97.1701 97.4286 97.6436 9.409 9.509
RE+1_R2_CH09_A 98.5305 98.8131 99.0007 99.125 99.2073 9.29801 9.39801
RE+1_R2_CH09_B 97.0878 97.4692 97.7616 97.9852 98.1561 9.38354 9.48354
RE+1_R2_CH09_C 97.032 97.4378 97.7605 98.0167 98.2199 9.39034 9.49034
RE+1_R2_CH10_A 97.3921 97.7673 98.082 98.3456 98.5662 9.44232 9.54232
RE+1_R2_CH10_B 97.313 97.6946 98.0088 98.2673 98.4798 9.35753 9.45753
RE+1_R2_CH10_C 97.4217 97.8174 98.1342 98.3874 98.5895 9.27657 9.37657
RE+1_R2_CH11_A 97.7745 98.1678 98.4924 98.7599 98.9802 9.42511 9.52511
RE+1_R2_CH12_A 97.3629 97.7415 98.051 98.3035 98.5094 9.30346 9.40346
RE+1_R2_CH12_B 96.6872 97.0654 97.3791 97.6388 97.8537 9.32808 9.42808
RE+1_R2_CH12_C 97.3136 97.7168 98.0505 98.3261 98.5536 9.31688 9.41688
RE+1_R2_CH13_A 97.1551 97.5533 97.8847 98.16 98.3887 9.38163 9.48163
RE+1_R2_CH13_B 96.9768 97.3675 97.6942 97.9671 98.1948 9.37727 9.47727
RE+1_R2_CH13_C 96.2837 96.6721 96.9949 97.2628 97.485 9.35416 9.45416
RE+1_R2_CH14_A 97.5399 97.9102 98.1931 98.4089 98.5732 9.26236 9.36236
RE+1_R2_CH14_B 97.5988 97.9746 98.2838 98.5377 98.7461 9.24421 9.34421
RE+1_R2_CH14_C 96.958 97.3443 97.6727 97.9517 98.1883 9.26374 9.36374
RE+1_R2_CH15_A 96.5802 96.9476 97.2426 97.4792 97.6687 9.36196 9.46196
RE+1_R2_CH15_B 96.9632 97.3588 97.6833 97.9492 98.1667 9.41192 9.51192
RE+1_R2_CH15_C 97.553 97.9342 98.2458 98.5003 98.7078 9.44011 9.54011
RE+1_R2_CH16_A 96.8648 97.2514 97.5656 97.8206 98.0274 9.32732 9.42732
RE+1_R2_CH16_B 95.4464 95.8245 96.1459 96.4187 96.6501 9.50497 9.60497
RE+1_R2_CH16_C 96.0568 96.4411 96.7536 97.0072 97.2129 9.38614 9.48614
RE+1_R2_CH19_A 96.3643 96.7564 97.0731 97.3285 97.5341 9.33179 9.43179
RE+1_R2_CH19_B 96.2611 96.634 96.9387 97.1873 97.3899 9.37374 9.47374
RE+1_R2_CH19_C 93.9192 94.3048 94.6235 94.8867 95.1037 9.41225 9.51225
RE+1_R2_CH20_A 96.6422 97.0187 97.3308 97.5891 97.8028 9.42432 9.52432
RE+1_R2_CH20_B 96.5687 96.961 97.2914 97.5693 97.8027 9.49223 9.59223
RE+1_R2_CH20_C 96.41 96.7975 97.1195 97.3867 97.6082 9.48016 9.58016
RE+1_R2_CH21_A 93.1607 93.5283 93.8371 94.0963 94.3135 9.6196 9.7196
RE+1_R2_CH21_B 97.0388 97.4268 97.7423 97.9983 98.2059 9.56014 9.66014
RE+1_R2_CH22_A 96.4388 96.8393 97.1659 97.4318 97.6481 9.44347 9.54347
RE+1_R2_CH22_B 97.4815 97.8801 98.2072 98.4752 98.6946 9.43017 9.53017
RE+1_R2_CH22_C 96.6266 97.0213 97.3426 97.604 97.8162 9.44786 9.54786
RE+1_R2_CH23_A 97.3058 97.6812 97.9996 98.2694 98.4978 9.68382 9.78382
RE+1_R2_CH23_B 96.8479 97.235 97.5496 97.805 98.012 9.54062 9.64062
RE+1_R2_CH23_C 95.9718 96.3724 96.7063 96.9841 97.215 9.58756 9.68756
RE+1_R2_CH24_A 97.022 97.4111 97.7163 97.9554 98.1425 9.4411 9.5411
RE+1_R2_CH24_B 97.2884 97.6604 97.9538 98.185 98.367 9.41448 9.51448
RE+1_R2_CH24_C 97.0731 97.4535 97.7514 97.9843 98.1662 9.43413 9.53413
RE+1_R2_CH25_B 96.9042 97.2712 97.5837 97.8496 98.0756 9.49139 9.59139
RE+1_R2_CH25_C 96.7746 97.1613 97.4884 97.7647 97.9979 9.4189 9.5189
RE+1_R2_CH26_A 96.9838 97.3516 97.6616 97.9224 98.1418 9.55909 9.65909
RE+1_R2_CH26_B 96.9366 97.3219 97.6457 97.9177 98.1457 9.48693 9.58693
RE+1_R2_CH26_C 96.4954 96.8969 97.2291 97.5037 97.7304 9.42463 9.52463
RE+1_R2_CH27_A 97.8726 98.2474 98.5485 98.7901 98.9838 9.38561 9.48561
RE+1_R2_CH27_B 97.8866 98.2816 98.5885 98.8265 99.0109 9.39974 9.49974
RE+1_R2_CH27_C 96.8458 97.2146 97.5107 97.7481 97.9384 9.43436 9.53436
RE+1_R2_CH28_A 96.9047 97.2979 97.6178 97.8778 98.0889 9.41274 9.51274
RE+1_R2_CH28_B 97.8036 98.1869 98.4978 98.7498 98.9538 9.46678 9.56678
RE+1_R2_CH28_C 97.0598 97.4385 97.7432 97.988 98.1845 9.4564 9.5564
RE+1_R2_CH29_A 97.7974 98.2016 98.536 98.8121 99.04 9.57473 9.67473
RE+1_R2_CH30_A 97.0564 97.4325 97.742 97.9963 98.2052 9.45077 9.55077
RE+1_R2_CH30_B 94.9641 95.3179 95.6204 95.8787 96.0992 9.54302 9.64302
RE+1_R2_CH30_C 96.365 96.752 97.0666 97.3221 97.5293 9.44186 9.54186
RE+1_R2_CH31_A 98.0232 98.4311 98.7489 98.9962 99.1882 9.3498 9.4498
RE+1_R2_CH31_B 97.8103 98.1949 98.493 98.7237 98.9021 9.37332 9.47332
RE+1_R2_CH31_C 97.6621 98.0419 98.342 98.5787 98.7654 9.41919 9.51919
RE+1_R2_CH32_A 94.748 95.1112 95.4222 95.6884 95.916 9.67203 9.77203
RE+1_R2_CH32_B 95.0494 95.4201 95.7294 95.9871 96.2017 9.59445 9.69445
RE+1_R2_CH32_C 93.9737 94.3482 94.6591 94.917 95.1306 9.61283 9.71283
RE+1_R2_CH33_A 93.8524 94.2205 94.5258 94.7787 94.9879 9.71468 9.81468
RE+1_R2_CH33_B 92.7566 93.1099 93.4078 93.6585 93.8695 9.72936 9.82936
RE+1_R2_CH33_C 92.834 93.1953 93.4986 93.7528 93.9657 9.73867 9.83867
RE+1_R2_CH34_A 97.7518 98.1548 98.4749 98.7287 98.9298 9.372 9.472
RE+1_R2_CH34_B 97.7132 98.1263 98.4608 98.7315 98.9501 9.37498 9.47498
RE+1_R2_CH34_C 97.2508 97.6326 97.9425 98.1937 98.3971 9.43224 9.53224
RE+1_R2_CH35_A 96.3985 96.7619 97.0743 97.3427 97.5729 9.54673 9.64673
RE+1_R2_CH35_B 96.8819 97.2507 97.5579 97.8134 98.0257 9.47144 9.57144
RE+1_R2_CH35_C 95.7849 96.1471 96.4571 96.7221 96.9485 9.53699 9.63699
RE+1_R2_CH36_A 96.4053 96.7985 97.1235 97.3916 97.6126 9.38219 9.48219
RE+1_R2_CH36_B 96.4647 96.8626 97.187 97.4509 97.6654 9.44608 9.54608
RE+1_R2_CH36_C 97.0401 97.4419 97.7669 98.0293 98.241 9.41652 9.51652
RE+1_R3_CH01_B 95.2585 95.6516 95.972 96.2327 96.4446 9.44386 9.54386
RE+1_R3_CH01_C 96.5422 96.9135 97.1975 97.4144 97.5798 9.32662 9.42662
RE+1_R3_CH02_B 96.8564 97.2543 97.5832 97.8547 98.0787 9.50221 9.60221
RE+1_R3_CH02_C 97.5471 97.9386 98.2426 98.4783 98.6608 9.35337 9.45337
RE+1_R3_CH03_B 97.6608 98.0446 98.351 98.5951 98.7896 9.47579 9.57579
RE+1_R3_CH03_C 96.6727 97.0701 97.3963 97.6637 97.8827 9.46605 9.56605
RE+1_R3_CH04_B 96.4088 96.7702 97.0808 97.3474 97.5762 9.55729 9.65729
RE+1_R3_CH05_B 95.5666 95.9344 96.2427 96.501 96.7172 9.47006 9.57006
RE+1_R3_CH05_C 97.1685 97.5621 97.8711 98.1134 98.3032 9.3691 9.4691
RE+1_R3_CH06_B 96.8538 97.2472 97.5622 97.8139 98.0149 9.38451 9.48451
RE+1_R3_CH06_C 97.742 98.1067 98.3911 98.6125 98.7846 9.3178 9.4178
RE+1_R3_CH07_B 96.2549 96.6346 96.9403 97.1862 97.3838 9.42876 9.52876
RE+1_R3_CH07_C 96.0401 96.411 96.7092 96.9487 97.1407 9.36771 9.46771
RE+1_R3_CH08_B 96.7017 97.0988 97.4141 97.6641 97.862 9.31926 9.41926
RE+1_R3_CH08_C 97.2064 97.586 97.8964 98.1498 98.3565 9.29131 9.39131
RE+1_R3_CH09_B 97.2891 97.6651 97.9648 98.2034 98.393 9.32017 9.42017
RE+1_R3_CH09_C 97.7094 98.0664 98.3381 98.5446 98.7014 9.23976 9.33976
RE+1_R3_CH10_B 96.3427 96.7352 97.0521 97.3077 97.5136 9.37226 9.47226
RE+1_R3_CH10_C 97.4085 97.7864 98.0878 98.3277 98.5185 9.33553 9.43553
RE+1_R3_CH11_B 95.8365 96.2296 96.5445 96.7964 96.9976 9.30893 9.40893
RE+1_R3_CH11_C 97.2033 97.6097 97.9412 98.2112 98.431 9.25532 9.35532
RE+1_R3_CH12_B 98.0691 98.4434 98.7359 98.9639 99.1417 9.34928 9.44928
RE+1_R3_CH12_C 97.3305 97.6966 97.9823 98.2048 98.378 9.3337 9.4337
RE+1_R3_CH13_B 97.0278 97.4104 97.7185 97.9664 98.1654 9.35854 9.45854
RE+1_R3_CH13_C 97.4628 97.872 98.206 98.4781 98.6997 9.42634 9.52634
RE+1_R3_CH14_B 97.0949 97.4768 97.776 98.0099 98.1927 9.42613 9.52613
RE+1_R3_CH14_C 97.153 97.5351 97.8453 98.0968 98.3004 9.51732 9.61732
RE+1_R3_CH15_B 97.0406 97.412 97.7104 97.9498 98.1416 9.45208 9.55208
RE+1_R3_CH15_C 98.0253 98.4101 98.7083 98.939 99.1173 9.40048 9.50048
RE+1_R3_CH16_B 96.3812 96.7552 97.0608 97.3103 97.5136 9.48427 9.58427
RE+1_R3_CH16_C 97.1403 97.5116 97.8098 98.049 98.2407 9.44187 9.54187
RE+1_R3_CH17_B 96.6604 97.0535 97.3558 97.5879 97.7657 9.38345 9.48345
RE+1_R3_CH17_C 97.105 97.4857 97.7807 98.0089 98.1853 9.35559 9.45559
RE+1_R3_CH18_B 96.1617 96.5664 96.8992 97.1726 97.3969 9.45763 9.55763
RE+1_R3_CH18_C 97.5677 97.9481 98.2487 98.486 98.673 9.40818 9.50818
RE+1_R3_CH19_B 96.2501 96.6399 96.9618 97.2273 97.446 9.52468 9.62468
RE+1_R3_CH19_C 97.4852 97.8436 98.1098 98.3071 98.4532 9.42098 9.52098
RE+1_R3_CH20_B 96.9116 97.2917 97.595 97.8368 98.0292 9.48969 9.58969
RE+1_R3_CH20_C 97.9913 98.3927 98.6979 98.9295 99.105 9.44707 9.54707
RE+1_R3_CH21_B 95.8152 96.1965 96.4985 96.7372 96.9257 9.4596 9.5596
RE+1_R3_CH21_C 97.6735 98.0256 98.2933 98.4965 98.6506 9.39071 9.49071
RE+1_R3_CH22_B 97.2131 97.6193 97.9481 98.2138 98.4283 9.51179 9.61179
RE+1_R3_CH22_C 97.2246 97.6284 97.9462 98.1959 98.3919 9.40314 9.50314
RE+1_R3_CH23_B 96.7634 97.1375 97.4356 97.6729 97.8616 9.54579 9.64579
RE+1_R3_CH23_C 96.7125 97.1007 97.4187 97.6789 97.8915 9.51135 9.61135
RE+1_R3_CH24_B 97.6302 98.0313 98.3467 98.5943 98.7884 9.50198 9.60198
RE+1_R3_CH24_C 96.9702 97.352 97.6619 97.9132 98.1166 9.55583 9.65583
RE+1_R3_CH26_B 97.1074 97.4908 97.794 98.0337 98.2227 9.5268 9.6268
RE+1_R3_CH26_C 95.6436 96.012 96.3081 96.5458 96.7364 9.57275 9.67275
RE+1_R3_CH27_B 96.6562 97.0362 97.3471 97.601 97.8082 9.61413 9.71413
RE+1_R3_CH27_C 97.0416 97.3992 97.6748 97.8868 98.0498 9.52894 9.62894
RE+1_R3_CH28_B 96.5172 96.901 97.1987 97.4293 97.6077 9.49033 9.59033
RE+1_R3_CH28_C 96.6382 97.0456 97.3782 97.6494 97.8701 9.53195 9.63195
RE+1_R3_CH29_B 94.3066 94.6869 94.9883 95.2269 95.4155 9.54515 9.64515
RE+1_R3_CH29_C 96.4367 96.8198 97.1286 97.377 97.5767 9.54068 9.64068
RE+1_R3_CH30_B 92.2353 92.5722 92.8223 93.0075 93.1446 9.50253 9.60253
RE+1_R3_CH30_C 98.2086 98.5641 98.8277 99.0228 99.167 9.48943 9.58943
RE+1_R3_CH31_B 94.2162 94.5748 94.8752 95.1266 95.3369 9.58303 9.68303
RE+1_R3_CH31_C 95.4351 95.811 96.1161 96.3635 96.5639 9.51581 9.61581
RE+1_R3_CH32_B 95.9614 96.3513 96.671 96.9329 97.1471 9.55676 9.65676
RE+1_R3_CH32_C 97.1998 97.5815 97.8804 98.1142 98.2967 9.47225 9.57225
RE+1_R3_CH33_B 94.8636 95.2601 95.5884 95.8598 96.0839 9.68323 9.78323
RE+1_R3_CH33_C 96.4694 96.8567 97.1691 97.4207 97.6232 9.66999 9.76999
RE+1_R3_CH34_B 95.646 96.0227 96.341 96.6096 96.8361 9.61732 9.71732
RE+1_R3_CH34_C 97.3224 97.6892 97.9692 98.1826 98.345 9.48504 9.58504
RE+1_R3_CH35_B 95.7897 96.1622 96.4538 96.6815 96.8593 9.48951 9.58951
RE+1_R3_CH35_C 96.6094 96.9794 97.2896 97.5493 97.7665 9.56675 9.66675
RE+1_R3_CH36_B 97.036 97.4118 97.7165 97.9632 98.1627 9.50262 9.60262
RE+1_R3_CH36_C 97.7222 98.0969 98.3897 98.6183 98.7964 9.42022 9.52022
RE+2_R2_CH01_A 94.8406 95.1855 95.4864 95.7487 95.9772 9.6068 9.7068
RE+2_R2_CH01_B 93.196 93.5535 93.8611 94.1257 94.353 9.72731 9.82731
RE+2_R2_CH01_C 94.8145 95.1866 95.5008 95.766 95.9894 9.59909 9.69909
RE+2_R2_CH02_A 97.6711 98.0442 98.357 98.6188 98.8378 9.49981 9.59981
RE+2_R2_CH02_B 97.1926 97.5895 97.9127 98.1756 98.389 9.39516 9.49516
RE+2_R2_CH02_C 96.879 97.2879 97.6217 97.8939 98.1156 9.4271 9.5271
RE+2_R2_CH03_B 96.1237 96.5243 96.8535 97.1237 97.3452 9.43543 9.53543
RE+2_R2_CH03_C 97.3515 97.7298 98.0389 98.2912 98.4968 9.35688 9.45688
RE+2_R2_CH04_A 95.5903 95.9917 96.3218 96.5928 96.8151 9.39152 9.49152
RE+2_R2_CH04_B 97.4535 97.8266 98.1354 98.3908 98.6016 9.44797 9.54797
RE+2_R2_CH04_C 97.8676 98.2652 98.5806 98.8304 99.0281 9.38388 9.48388
RE+2_R2_CH05_A 94.2112 94.5681 94.8721 95.1307 95.3506 9.48545 9.58545
RE+2_R2_CH05_B 95.8459 96.2296 96.5438 96.8009 97.0109 9.36116 9.46116
RE+2_R2_CH05_C 97.1373 97.5483 97.8813 98.1507 98.3683 9.39709 9.49709
RE+2_R2_CH06_A 94.4982 94.8692 95.1749 95.4264 95.6331 9.41021 9.51021
RE+2_R2_CH06_B 97.7693 98.1685 98.5006 98.7765 99.0055 9.49046 9.59046
RE+2_R2_CH06_C 95.9097 96.2744 96.58 96.8357 97.0495 9.53695 9.63695
RE+2_R2_CH07_A 95.671 96.0518 96.3772 96.655 96.8919 9.55769 9.65769
RE+2_R2_CH07_B 96.5147 96.9006 97.219 97.4813 97.6971 9.4173 9.5173
RE+2_R2_CH07_C 97.228 97.6004 97.9043 98.1521 98.3539 9.39627 9.49627
RE+2_R2_CH08_A 97.0562 97.4328 97.754 98.0277 98.2607 9.51763 9.61763
RE+2_R2_CH08_B 94.9615 95.3377 95.6556 95.924 96.1504 9.59971 9.69971
RE+2_R2_CH08_C 97.3422 97.746 98.0698 98.3291 98.5364 9.34734 9.44734
RE+2_R2_CH09_A 95.5409 95.9319 96.2614 96.5385 96.7715 9.46557 9.56557
RE+2_R2_CH09_B 96.5127 96.8864 97.1869 97.4282 97.6218 9.35448 9.45448
RE+2_R2_CH09_C 97.7307 98.135 98.4531 98.7029 98.899 9.30901 9.40901
RE+2_R2_CH10_A 96.9192 97.3212 97.6537 97.9285 98.1552 9.38934 9.48934
RE+2_R2_CH10_B 97.3807 97.7532 98.0615 98.3165 98.527 9.42238 9.52238
RE+2_R2_CH10_C 97.5594 97.9434 98.2575 98.5141 98.7236 9.40476 9.50476
RE+2_R2_CH11_A 96.3818 96.7635 97.0861 97.3585 97.5882 9.40628 9.50628
RE+2_R2_CH11_B 96.5855 96.9878 97.3183 97.5895 97.8118 9.41534 9.51534
RE+2_R2_CH11_C 97.3629 97.7656 98.0938 98.3609 98.5781 9.37618 9.47618
RE+2_R2_CH12_A 96.2344 96.6305 96.9644 97.2455 97.4818 9.43649 9.53649
RE+2_R2_CH12_B 97.173 97.5673 97.8992 98.1784 98.4128 9.45962 9.55962
RE+2_R2_CH12_C 97.7491 98.1434 98.4667 98.7312 98.9476 9.37019 9.47019
RE+2_R2_CH13_A 94.8145 95.1942 95.5097 95.7713 95.9882 9.37796 9.47796
RE+2_R2_CH13_B 95.3696 95.7699 96.0991 96.3693 96.591 9.35917 9.45917
RE+2_R2_CH13_C 97.0456 97.4209 97.7275 97.9777 98.1815 9.38059 9.48059
RE+2_R2_CH14_A 95.5296 95.9129 96.2406 96.5205 96.7593 9.53533 9.63533
RE+2_R2_CH14_B 97.3325 97.7088 98.0226 98.2839 98.5013 9.4702 9.5702
RE+2_R2_CH14_C 97.2459 97.6224 97.9301 98.181 98.3856 9.43135 9.53135
RE+2_R2_CH15_A 95.4557 95.8268 96.1418 96.4089 96.6351 9.67095 9.77095
RE+2_R2_CH15_B 96.271 96.6441 96.9442 97.1853 97.3786 9.36429 9.46429
RE+2_R2_CH15_C 97.4494 97.8543 98.1697 98.415 98.6055 9.29868 9.39868
RE+2_R2_CH16_A 95.8576 96.2433 96.5658 96.8352 97.06 9.48189 9.58189
RE+2_R2_CH16_B 97.4507 97.8275 98.1354 98.3865 98.5912 9.48339 9.58339
RE+2_R2_CH16_C 97.9744 98.3737 98.6906 98.9417 99.1404 9.39822 9.49822
RE+2_R2_CH17_A 96.2251 96.5947 96.8963 97.1423 97.3427 9.36998 9.46998
RE+2_R2_CH17_B 94.5971 94.9868 95.3018 95.5561 95.7611 9.34478 9.44478
RE+2_R2_CH17_C 96.9093 97.2988 97.6225 97.8911 98.1137 9.41517 9.51517
RE+2_R2_CH18_A 94.0607 94.4149 94.7165 94.973 95.1909 9.63604 9.73604
RE+2_R2_CH18_B 96.3491 96.7493 97.0804 97.354 97.5799 9.61505 9.71505
RE+2_R2_CH18_C 97.3085 97.6976 98.0164 98.2771 98.4901 9.55834 9.65834
RE+2_R2_CH19_A 94.7076 95.0811 95.3909 95.6476 95.8601 9.46716 9.56716
RE+2_R2_CH19_B 94.7826 95.1734 95.4965 95.7634 95.9835 9.43123 9.53123
RE+2_R2_CH19_C 96.3863 96.7698 97.0902 97.3576 97.5806 9.42821 9.52821
RE+2_R2_CH20_B 96.6762 97.0484 97.3717 97.6523 97.8956 9.69362 9.79362
RE+2_R2_CH20_C 96.3594 96.7385 97.055 97.3189 97.5388 9.56463 9.66463
RE+2_R2_CH21_A 95.9807 96.3754 96.7038 96.9769 97.2037 9.43959 9.53959
RE+2_R2_CH21_B 95.9044 96.285 96.6009 96.8627 97.0796 9.43676 9.53676
RE+2_R2_CH21_C 97.3478 97.7499 98.0775 98.3442 98.561 9.40126 9.50126
RE+2_R2_CH22_A 96.4726 96.856 97.1674 97.4201 97.6248 9.49789 9.59789
RE+2_R2_CH22_B 96.3577 96.7627 97.0933 97.3627 97.5821 9.54745 9.64745
RE+2_R2_CH22_C 96.9843 97.3556 97.661 97.9117 98.1173 9.47539 9.57539
RE+2_R2_CH23_B 93.085 93.4394 93.7382 93.9897 94.2013 9.6368 9.7368
RE+2_R2_CH23_C 95.2576 95.6324 95.9569 96.2378 96.4806 9.69334 9.79334
RE+2_R2_CH24_A 96.0735 96.4483 96.7547 97.0048 97.2088 9.53419 9.63419
RE+2_R2_CH24_B 97.9095 98.3189 98.6473 98.9105 99.1211 9.45621 9.55621
RE+2_R2_CH24_C 97.7015 98.0996 98.4154 98.6656 98.8635 9.42849 9.52849
RE+2_R2_CH25_A 93.5599 93.9531 94.2764 94.5419 94.7597 9.44043 9.54043
RE+2_R2_CH25_B 94.5301 94.9184 95.2436 95.5157 95.7431 9.48461 9.58461
RE+2_R2_CH25_C 96.4123 96.7887 97.1029 97.3647 97.5826 9.50397 9.60397
RE+2_R2_CH26_A 95.3062 95.6809 95.9874 96.2378 96.4422 9.55692 9.65692
RE+2_R2_CH26_B 95.8092 96.1966 96.5187 96.7861 97.0078 9.61081 9.71081
RE+2_R2_CH26_C 94.722 95.111 95.4198 95.6647 95.8585 9.52088 9.62088
RE+2_R2_CH27_A 95.8346 96.2001 96.4984 96.7415 96.9394 9.52082 9.62082
RE+2_R2_CH27_B 95.8237 96.1912 96.4993 96.7573 96.9731 9.61003 9.71003
RE+2_R2_CH27_C 97.385 97.7933 98.1239 98.3911 98.6069 9.53667 9.63667
RE+2_R2_CH28_A 97.2047 97.5758 97.8808 98.1312 98.3366 9.4959 9.5959
RE+2_R2_CH28_B 97.5741 97.9802 98.3114 98.5811 98.8005 9.50196 9.60196
RE+2_R2_CH28_C 97.6606 98.0469 98.3674 98.6331 98.853 9.46856 9.56856
RE+2_R2_CH29_A 94.6616 95.0533 95.3701 95.6258 95.832 9.50329 9.60329
RE+2_R2_CH29_B 96.3194 96.701 97.0084 97.2557 97.4545 9.48133 9.58133
RE+2_R2_CH29_C 97.4286 97.8005 98.0911 98.3178 98.4944 9.41558 9.51558
RE+2_R2_CH30_A 97.3615 97.7434 98.0696 98.3477 98.5847 9.57762 9.67762
RE+2_R2_CH30_B 97.5725 97.9477 98.2493 98.4913 98.6853 9.46224 9.56224
RE+2_R2_CH30_C 97.6451 98.0337 98.3413 98.5845 98.7766 9.39011 9.49011
RE+2_R2_CH31_A 96.3558 96.7275 97.041 97.3052 97.5277 9.59883 9.69883
RE+2_R2_CH31_B 96.7368 97.1194 97.4222 97.6615 97.8503 9.43089 9.53089
RE+2_R2_CH31_C 97.5112 97.887 98.1865 98.4248 98.6143 9.39455 9.49455
RE+2_R2_CH32_A 97.4535 97.8359 98.153 98.4157 98.6331 9.58845 9.68845
RE+2_R2_CH32_B 97.6018 97.9991 98.3199 98.5786 98.7869 9.43158 9.53158
RE+2_R2_CH32_C 98.04 98.4121 98.7026 98.9291 99.1054 9.38151 9.48151
RE+2_R2_CH33_A 93.5198 93.8967 94.2138 94.4803 94.7041 9.51954 9.61954
RE+2_R2_CH33_B 95.817 96.1916 96.4931 96.7354 96.93 9.37486 9.47486
RE+2_R2_CH33_C 96.2438 96.6195 96.9135 97.1433 97.3227 9.34813 9.44813
RE+2_R2_CH34_A 95.7533 96.1378 96.4594 96.7279 96.952 9.49626 9.59626
RE+2_R2_CH34_B 97.5132 97.8912 98.2023 98.4579 98.6678 9.47801 9.57801
RE+2_R2_CH34_C 97.7251 98.0946 98.3886 98.6223 98.8077 9.40109 9.50109
RE+2_R2_CH35_A 94.2428 94.5956 94.8973 95.155 95.3751 9.57994 9.67994
RE+2_R2_CH35_B 96.532 96.9403 97.2653 97.5236 97.7286 9.42719 9.52719
RE+2_R2_CH35_C 97.1821 97.5901 97.9204 98.1874 98.403 9.382 9.482
RE+2_R2_CH36_A 94.4386 94.7946 95.1048 95.3747 95.6094 9.73083 9.83083
RE+2_R2_CH36_B 95.278 95.6527 95.971 96.2411 96.4701 9.68681 9.78681
RE+2_R2_CH36_C 93.7929 94.1682 94.4756 94.7271 94.9325 9.58644 9.68644
RE+2_R3_CH01_B 93.9639 94.3423 94.6588 94.9232 95.1438 9.48604 9.58604
RE+2_R3_CH01_C 93.5357 93.8894 94.1906 94.4468 94.6646 9.52912 9.62912
RE+2_R3_CH02_B 96.7588 97.1331 97.4555 97.7329 97.9714 9.64049 9.74049
RE+2_R3_CH02_C 97.2994 97.7052 98.0362 98.3058 98.5251 9.45925 9.55925
RE+2_R3_CH03_B 91.2508 91.6027 91.9085 92.1738 92.4039 9.61902 9.71902
RE+2_R3_CH03_C 95.1922 95.5615 95.8766 96.1451 96.3736 9.5661 9.6661
RE+2_R3_CH04_B 97.4669 97.8422 98.1438 98.3859 98.5801 9.38252 9.48252
RE+2_R3_CH04_C 97.3152 97.6951 97.9954 98.2324 98.4193 9.28732 9.38732
RE+2_R3_CH05_B 93.4261 93.7734 94.0743 94.3349 94.5604 9.67135 9.77135
RE+2_R3_CH05_C 94.6361 95.0025 95.3166 95.5856 95.8157 9.55584 9.65584
RE+2_R3_CH06_B 95.527 95.9071 96.2227 96.4843 96.7011 9.51047 9.61047
RE+2_R3_CH06_C 96.9424 97.3511 97.6847 97.9567 98.1782 9.45526 9.55526
RE+2_R3_CH07_B 94.4877 94.8498 95.1568 95.4169 95.6369 9.47556 9.57556
RE+2_R3_CH07_C 95.0227 95.3991 95.7048 95.9527 96.1536 9.35989 9.45989
RE+2_R3_CH08_C 96.7997 97.1746 97.491 97.7578 97.9823 9.3991 9.4991
RE+2_R3_CH09_B 95.5413 95.9191 96.2234 96.4681 96.6648 9.41837 9.51837
RE+2_R3_CH09_C 92.4439 92.8103 93.1249 93.3948 93.626 9.48563 9.58563
RE+2_R3_CH10_B 97.0557 97.4553 97.7808 98.0457 98.2609 9.42658 9.52658
RE+2_R3_CH10_C 97.5097 97.8852 98.1919 98.442 98.6458 9.41543 9.51543
RE+2_R3_CH11_C 89.8475 90.1931 90.4893 90.7428 90.9596 9.5279 9.6279
RE+2_R3_CH12_B 97.6289 97.9878 98.2644 98.4771 98.6406 9.29988 9.39988
RE+2_R3_CH12_C 97.4429 97.8517 98.1737 98.427 98.6259 9.26039 9.36039
RE+2_R3_CH13_B 96.3293 96.6883 96.9952 97.2574 97.4811 9.45592 9.55592
RE+2_R3_CH13_C 94.1725 94.5331 94.8335 95.0836 95.2915 9.37185 9.47185
RE+2_R3_CH14_B 95.7825 96.1332 96.4381 96.703 96.9329 9.56551 9.66551
RE+2_R3_CH14_C 96.917 97.2998 97.6175 97.8808 98.0987 9.43351 9.53351
RE+2_R3_CH15_B 94.975 95.3666 95.6857 95.9453 96.1564 9.37524 9.47524
RE+2_R3_CH15_C 92.8872 93.2642 93.5817 93.8486 94.0729 9.46824 9.56824
RE+2_R3_CH16_B 97.0014 97.4001 97.7298 98.0019 98.2264 9.42388 9.52388
RE+2_R3_CH16_C 97.0921 97.496 97.8279 98.1003 98.3235 9.3662 9.4662
RE+2_R3_CH17_C 95.3893 95.7732 96.098 96.3725 96.6044 9.49762 9.59762
RE+2_R3_CH18_B 95.9611 96.3359 96.6466 96.904 97.1168 9.52601 9.62601
RE+2_R3_CH18_C 96.6508 97.056 97.3891 97.6626 97.8869 9.44227 9.54227
RE+2_R3_CH19_B 94.7657 95.132 95.4312 95.6753 95.8742 9.51167 9.61167
RE+2_R3_CH19_C 94.5433 94.9232 95.2389 95.5008 95.718 9.44196 9.54196
RE+2_R3_CH20_B 96.9399 97.318 97.614 97.8453 98.0259 9.41059 9.51059
RE+2_R3_CH20_C 96.4993 96.8745 97.1874 97.4482 97.6652 9.50054 9.60054
RE+2_R3_CH21_B 96.5785 96.9773 97.3047 97.5732 97.7932 9.46317 9.56317
RE+2_R3_CH21_C 94.8013 95.1734 95.4755 95.7203 95.9185 9.43439 9.53439
RE+2_R3_CH22_B 96.3175 96.7008 97.0097 97.2583 97.4581 9.50661 9.60661
RE+2_R3_CH22_C 97.4066 97.8117 98.1394 98.4042 98.6177 9.42228 9.52228
RE+2_R3_CH23_B 95.4451 95.8119 96.1135 96.3612 96.5645 9.60907 9.70907
RE+2_R3_CH23_C 87.0349 87.3886 87.6897 87.9458 88.1634 9.6388 9.7388
RE+2_R3_CH24_B 97.4876 97.8688 98.1941 98.4715 98.7078 9.58585 9.68585
RE+2_R3_CH24_C 97.0409 97.4508 97.7855 98.0584 98.2806 9.48604 9.58604
RE+2_R3_CH25_B 95.1908 95.5522 95.8584 96.1176 96.3368 9.57544 9.67544
RE+2_R3_CH25_C 94.5606 94.9413 95.2577 95.5202 95.7379 9.4732 9.5732
RE+2_R3_CH26_B 95.7574 96.1218 96.4271 96.6826 96.8962 9.67572 9.77572
RE+2_R3_CH26_C 93.1619 93.508 93.8053 94.0604 94.279 9.66475 9.76475
RE+2_R3_CH27_B 94.5019 94.884 95.184 95.4192 95.6033 9.4965 9.5965
RE+2_R3_CH27_C 94.3284 94.6924 95.0012 95.2628 95.4843 9.61241 9.71241
RE+2_R3_CH28_B 96.938 97.3203 97.6255 97.8688 98.0626 9.49952 9.59952
RE+2_R3_CH28_C 97.3831 97.7946 98.1251 98.3902 98.6025 9.45603 9.55603
RE+2_R3_CH29_B 89.1659 89.4862 89.7675 90.0145 90.2311 10.0187 10.1187
RE+2_R3_CH29_C 94.9132 95.2866 95.5963 95.8529 96.0652 9.51758 9.61758
RE+2_R3_CH30_B 97.2033 97.5714 97.8491 98.0584 98.2158 9.4234 9.5234
RE+2_R3_CH30_C 97.1075 97.5006 97.8333 98.1147 98.3524 9.55151 9.65151
RE+2_R3_CH31_B 93.7635 94.1339 94.4452 94.7063 94.9253 9.54527 9.64527
RE+2_R3_CH31_C 92.724 93.09 93.3957 93.6507 93.8632 9.55001 9.65001
RE+2_R3_CH32_B 95.4114 95.807 96.1343 96.4047 96.6279 9.61203 9.71203
RE+2_R3_CH32_C 96.7533 97.1217 97.4303 97.6886 97.9046 9.52932 9.62932
RE+2_R3_CH33_B 86.5261 86.8809 87.1699 87.405 87.596 9.73302 9.83302
RE+2_R3_CH34_B 96.9434 97.3397 97.6446 97.8788 98.0583 9.38544 9.48544
RE+2_R3_CH34_C 97.5424 97.9177 98.2167 98.4547 98.6438 9.42603 9.52603
RE+2_R3_CH35_B 93.8083 94.1788 94.4881 94.7462 94.9612 9.50903 9.60903
RE+2_R3_CH35_C 93.8499 94.2193 94.5363 94.8081 95.0409 9.57528 9.67528
RE+2_R3_CH36_B 96.7801 97.1726 97.4945 97.758 97.9736 9.47324 9.57324
RE+2_R3_CH36_C 96.8801 97.274 97.5946 97.8553 98.0669 9.46755 9.56755
RE+3_R2_CH01_A 94.7371 95.0984 95.4048 95.6641 95.8835 9.64767 9.74767
RE+3_R2_CH01_B 92.2924 92.6485 92.9393 93.1766 93.3699 9.58441 9.68441
RE+3_R2_CH02_A 92.7088 93.0906 93.4123 93.6832 93.9109 9.48136 9.58136
RE+3_R2_CH02_B 94.4777 94.8516 95.1528 95.3952 95.5899 9.47437 9.57437
RE+3_R2_CH03_A 93.302 93.6925 94.0157 94.283 94.5038 9.46946 9.56946
RE+3_R2_CH03_B 93.4335 93.7944 94.0869 94.3237 94.5152 9.49866 9.59866
RE+3_R2_CH04_A 90.2511 90.5924 90.8814 91.126 91.3328 9.67875 9.77875
RE+3_R2_CH04_B 92.6642 93.039 93.3562 93.6245 93.8511 9.67697 9.77697
RE+3_R2_CH05_A 94.3583 94.7433 95.0675 95.3403 95.5696 9.61163 9.71163
RE+3_R2_CH05_B 95.0824 95.4699 95.7803 96.0284 96.2266 9.46623 9.56623
RE+3_R2_CH06_A 94.3862 94.7797 95.1075 95.3803 95.6071 9.41813 9.51813
RE+3_R2_CH06_B 94.7268 95.0905 95.3973 95.6557 95.8731 9.62515 9.72515
RE+3_R2_CH07_A 92.9622 93.3398 93.6595 93.9299 94.1584 9.61229 9.71229
RE+3_R2_CH07_B 93.2585 93.6161 93.9057 94.14 94.3293 9.60107 9.70107
RE+3_R2_CH08_A 88.6793 89.0205 89.3114 89.5592 89.77 9.57696 9.67696
RE+3_R2_CH08_B 91.9223 92.2896 92.5965 92.8528 93.0665 9.56796 9.66796
RE+3_R2_CH09_A 94.7691 95.1325 95.4389 95.697 95.9142 9.61018 9.71018
RE+3_R2_CH09_B 94.1264 94.487 94.7835 95.027 95.2267 9.58319 9.68319
RE+3_R2_CH10_A 95.919 96.2886 96.6069 96.8806 97.1159 9.45751 9.55751
RE+3_R2_CH10_B 94.8652 95.2441 95.5587 95.8196 96.0358 9.41986 9.51986
RE+3_R2_CH11_A 94.9274 95.2961 95.6106 95.8787 96.1069 9.64301 9.74301
RE+3_R2_CH11_B 92.43 92.8148 93.1287 93.3843 93.5923 9.5704 9.6704
RE+3_R2_CH12_A 96.952 97.3256 97.6284 97.8734 98.0715 9.3768 9.4768
RE+3_R2_CH12_B 93.4918 93.8491 94.1469 94.3946 94.6005 9.47965 9.57965
RE+3_R2_CH13_A 94.7685 95.131 95.433 95.6843 95.8932 9.46839 9.56839
RE+3_R2_CH13_B 94.0417 94.4203 94.7305 94.9845 95.192 9.50967 9.60967
RE+3_R2_CH14_A 93.5321 93.9134 94.2325 94.4994 94.7223 9.53297 9.63297
RE+3_R2_CH14_B 94.3981 94.7588 95.0532 95.2931 95.4884 9.51812 9.61812
RE+3_R2_CH15_A 96.1778 96.5383 96.8451 97.106 97.3275 9.59014 9.69014
RE+3_R2_CH15_B 94.0692 94.4364 94.7465 95.008 95.2284 9.58189 9.68189
RE+3_R2_CH16_A 94.5747 94.936 95.2351 95.4823 95.6864 9.54522 9.64522
RE+3_R2_CH16_B 95.0099 95.3797 95.6862 95.94 96.1498 9.51247 9.61247
RE+3_R2_CH17_A 93.9834 94.3566 94.6642 94.9176 95.126 9.51841 9.61841
RE+3_R2_CH17_B 92.1763 92.5588 92.8656 93.1112 93.3077 9.4753 9.5753
RE+3_R2_CH18_A 94.2847 94.6576 94.9649 95.2179 95.4259 9.55051 9.65051
RE+3_R2_CH18_B 94.5896 94.9628 95.2609 95.4985 95.6877 9.50075 9.60075
RE+3_R2_CH19_A 94.674 95.0459 95.3524 95.6045 95.8117 9.57401 9.67401
RE+3_R2_CH19_B 94.2209 94.5894 94.8884 95.1307 95.3268 9.49867 9.59867
RE+3_R2_CH20_A 92.2963 92.6573 92.9525 93.1936 93.3902 9.56244 9.66244
RE+3_R2_CH20_B 95.9257 96.3026 96.6131 96.8686 97.0786 9.66608 9.76608
RE+3_R2_CH21_A 95.0779 95.4505 95.7614 96.0207 96.2366 9.60036 9.70036
RE+3_R2_CH21_B 94.8368 95.2067 95.5067 95.7498 95.9465 9.61371 9.71371
RE+3_R2_CH22_A 95.2458 95.6099 95.9092 96.155 96.3566 9.64766 9.74766
RE+3_R2_CH22_B 95.085 95.4728 95.7833 96.0315 96.2298 9.56487 9.66487
RE+3_R2_CH23_A 95.7745 96.1638 96.4916 96.7673 96.9989 9.72626 9.82626
RE+3_R2_CH23_B 94.0431 94.4201 94.7241 94.969 95.1659 9.59268 9.69268
RE+3_R2_CH24_A 92.6859 93.0593 93.3654 93.6159 93.8207 9.54429 9.64429
RE+3_R2_CH24_B 95.9247 96.2951 96.6058 96.8661 97.084 9.80972 9.90972
RE+3_R2_CH25_A 92.191 92.5643 92.8803 93.1475 93.3733 9.67944 9.77944
RE+3_R2_CH25_B 93.3474 93.7307 94.0321 94.2687 94.4543 9.61968 9.71968
RE+3_R2_CH26_A 94.4266 94.8193 95.1396 95.4004 95.6125 9.55222 9.65222
RE+3_R2_CH26_B 94.5403 94.9268 95.2391 95.491 95.694 9.63919 9.73919
RE+3_R2_CH27_A 94.4685 94.8393 95.1402 95.3842 95.5817 9.52999 9.62999
RE+3_R2_CH27_B 94.4983 94.8669 95.1635 95.4019 95.5932 9.60571 9.70571
RE+3_R2_CH28_A 96.6853 97.0828 97.4115 97.6829 97.9067 9.47487 9.57487
RE+3_R2_CH28_B 96.2347 96.6031 96.9015 97.1429 97.3379 9.46284 9.56284
RE+3_R2_CH29_A 94.6579 95.0187 95.3245 95.5834 95.8024 9.58091 9.68091
RE+3_R2_CH29_B 93.7347 94.1077 94.413 94.6626 94.8665 9.49911 9.59911
RE+3_R2_CH30_A 90.4202 90.7812 91.077 91.3188 91.5164 9.68919 9.78919
RE+3_R2_CH30_B 96.1702 96.5552 96.8707 97.1287 97.3395 9.65482 9.75482
RE+3_R2_CH31_A 95.3525 95.7264 96.0439 96.3133 96.5416 9.55668 9.65668
RE+3_R2_CH31_B 94.1113 94.4761 94.7763 95.0231 95.2257 9.5739 9.6739
RE+3_R2_CH32_A 94.086 94.4721 94.7954 95.0659 95.2919 9.60979 9.70979
RE+3_R2_CH32_B 95.5806 95.9652 96.2728 96.5185 96.7144 9.52319 9.62319
RE+3_R2_CH33_A 93.6754 94.0389 94.3456 94.6042 94.8221 9.56321 9.66321
RE+3_R2_CH33_B 93.9636 94.3516 94.6703 94.9316 95.1456 9.50308 9.60308
RE+3_R2_CH34_A 93.9552 94.3236 94.6347 94.8972 95.1185 9.6629 9.7629
RE+3_R2_CH34_B 95.1314 95.5204 95.8441 96.1131 96.3364 9.56833 9.66833
RE+3_R2_CH35_A 93.0534 93.4139 93.7272 93.9992 94.2351 9.60248 9.70248
RE+3_R2_CH35_B 94.1688 94.5576 94.8769 95.1388 95.3532 9.52859 9.62859
RE+3_R2_CH36_A 91.2297 91.5848 91.8921 92.1579 92.3875 9.65258 9.75258
RE+3_R2_CH36_B 95.3341 95.7078 96.0134 96.2629 96.4665 9.56131 9.66131
RE+3_R3_CH01_A 92.9286 93.2469 93.5303 93.7825 94.0067 9.79104 9.89104
RE+3_R3_CH01_B 93.9308 94.3024 94.6148 94.8769 95.0967 9.53247 9.63247
RE+3_R3_CH01_C 94.351 94.7186 95.0213 95.2702 95.4746 9.42066 9.52066
RE+3_R3_CH02_A 95.3617 95.7392 96.0616 96.3368 96.5714 9.47311 9.57311
RE+3_R3_CH02_B 96.0062 96.3844 96.7058 96.9785 97.2097 9.56759 9.66759
RE+3_R3_CH02_C 97.4905 97.8848 98.203 98.4595 98.6659 9.42664 9.52664
RE+3_R3_CH03_A 93.9296 94.2905 94.5948 94.8512 95.067 9.45348 9.55348
RE+3_R3_CH03_B 94.0682 94.4378 94.7463 95.0036 95.2178 9.50089 9.60089
RE+3_R3_CH03_C 95.5471 95.9228 96.2345 96.4928 96.7065 9.41817 9.51817
RE+3_R3_CH04_A 96.3025 96.6647 96.979 97.2512 97.487 9.52724 9.62724
RE+3_R3_CH04_B 94.6704 95.0386 95.3493 95.6113 95.8321 9.50084 9.60084
RE+3_R3_CH04_C 97.2836 97.6726 97.9997 98.2745 98.505 9.45202 9.55202
RE+3_R3_CH05_A 94.4628 94.8148 95.1157 95.3728 95.5921 9.48051 9.58051
RE+3_R3_CH05_B 95.1587 95.543 95.8624 96.1275 96.3473 9.4592 9.5592
RE+3_R3_CH05_C 94.1804 94.5663 94.8895 95.1598 95.3857 9.43439 9.53439
RE+3_R3_CH06_A 95.5913 95.9853 96.3155 96.5917 96.8227 9.38597 9.48597
RE+3_R3_CH06_B 95.9077 96.2814 96.5891 96.842 97.0498 9.42223 9.52223
RE+3_R3_CH06_C 97.5004 97.902 98.2292 98.4954 98.7117 9.3879 9.4879
RE+3_R3_CH07_B 94.6773 95.0745 95.4034 95.6753 95.9 9.48306 9.58306
RE+3_R3_CH07_C 96.2397 96.6166 96.9311 97.1933 97.4117 9.46802 9.56802
RE+3_R3_CH08_A 95.4124 95.7706 96.0826 96.354 96.5899 9.51642 9.61642
RE+3_R3_CH08_B 96.1606 96.5542 96.8859 97.1649 97.3995 9.4571 9.5571
RE+3_R3_CH08_C 96.8321 97.2402 97.5734 97.845 98.0661 9.3564 9.4564
RE+3_R3_CH09_A 95.4097 95.7807 96.0791 96.3188 96.5112 9.28041 9.38041
RE+3_R3_CH09_B 95.5835 95.9569 96.2549 96.4923 96.6811 9.32706 9.42706
RE+3_R3_CH09_C 96.4519 96.8482 97.1657 97.4197 97.6227 9.32013 9.42013
RE+3_R3_CH10_A 94.9822 95.359 95.6826 95.9602 96.198 9.41505 9.51505
RE+3_R3_CH10_B 94.5132 94.8947 95.2097 95.4694 95.6832 9.48374 9.58374
RE+3_R3_CH10_C 97.4118 97.7971 98.1147 98.3761 98.5911 9.41127 9.51127
RE+3_R3_CH11_A 94.6829 95.0545 95.3733 95.6466 95.8806 9.48069 9.58069
RE+3_R3_CH11_B 93.7449 94.0939 94.3965 94.6585 94.8852 9.57118 9.67118
RE+3_R3_CH11_C 95.2327 95.592 95.9008 96.1662 96.3939 9.48702 9.58702
RE+3_R3_CH12_A 96.5971 96.9884 97.3177 97.5946 97.8272 9.37378 9.47378
RE+3_R3_CH12_B 95.7627 96.1286 96.4333 96.6869 96.8977 9.43335 9.53335
RE+3_R3_CH12_C 97.6119 97.991 98.3008 98.5536 98.7597 9.36781 9.46781
RE+3_R3_CH13_A 95.3158 95.7082 96.0348 96.3064 96.5319 9.35341 9.45341
RE+3_R3_CH13_B 93.5692 93.9143 94.2169 94.4818 94.7138 9.66946 9.76946
RE+3_R3_CH13_C 95.4178 95.7793 96.0857 96.3449 96.5642 9.4561 9.5561
RE+3_R3_CH14_A 96.9493 97.3345 97.6653 97.9491 98.1923 9.57463 9.67463
RE+3_R3_CH14_B 96.0145 96.4007 96.7237 96.9935 97.2186 9.54194 9.64194
RE+3_R3_CH14_C 97.7695 98.175 98.5055 98.7747 98.9935 9.40219 9.50219
RE+3_R3_CH15_A 94.7288 95.1213 95.4481 95.72 95.9459 9.45076 9.55076
RE+3_R3_CH15_B 94.7195 95.1019 95.4256 95.6992 95.9303 9.55662 9.65662
RE+3_R3_CH15_C 95.853 96.2272 96.5467 96.819 97.0509 9.55938 9.65938
RE+3_R3_CH16_A 96.0741 96.4409 96.7424 96.9899 97.1929 9.35976 9.45976
RE+3_R3_CH16_B 96.4929 96.8687 97.1822 97.4435 97.6609 9.5326 9.6326
RE+3_R3_CH16_C 97.4531 97.8263 98.1262 98.3668 98.5596 9.43568 9.53568
RE+3_R3_CH17_A 95.7137 96.0844 96.38 96.6153 96.8025 9.47574 9.57574
RE+3_R3_CH17_B 95.5359 95.9271 96.2457 96.5049 96.7154 9.4286 9.5286
RE+3_R3_CH17_C 96.62 96.9904 97.2971 97.5506 97.76 9.4511 9.5511
RE+3_R3_CH18_A 94.6634 95.0362 95.3495 95.6123 95.8326 9.54981 9.64981
RE+3_R3_CH18_B 95.1915 95.567 95.8825 96.1472 96.3691 9.57477 9.67477
RE+3_R3_CH18_C 97.5957 98.0055 98.3399 98.6124 98.8342 9.48818 9.58818
RE+3_R3_CH19_A 89.593 89.9434 90.2467 90.5091 90.7359 9.67974 9.77974
RE+3_R3_CH19_C 78.9295 79.2169 79.4688 79.6892 79.882 9.83885 9.93885
RE+3_R3_CH20_A 95.735 96.0959 96.4061 96.6726 96.9013 9.63735 9.73735
RE+3_R3_CH20_B 95.3086 95.6933 96.0037 96.2538 96.4551 9.54057 9.64057
RE+3_R3_CH20_C 96.9621 97.3604 97.6848 97.9487 98.1632 9.50907 9.60907
RE+3_R3_CH21_A 95.4269 95.8117 96.1373 96.4126 96.6451 9.58373 9.68373
RE+3_R3_CH21_B 95.524 95.9018 96.2132 96.4695 96.6803 9.59186 9.69186
RE+3_R3_CH21_C 96.2557 96.6268 96.9415 97.2083 97.434 9.62014 9.72014
RE+3_R3_CH22_A 95.9253 96.2863 96.6007 96.8743 97.1122 9.69642 9.79642
RE+3_R3_CH22_B 96.7489 97.1389 97.463 97.7321 97.9551 9.5853 9.6853
RE+3_R3_CH22_C 97.6065 98.0145 98.3522 98.6314 98.862 9.54088 9.64088
RE+3_R3_CH23_A 96.0193 96.4103 96.7375 97.0111 97.2396 9.55096 9.65096
RE+3_R3_CH23_B 95.3924 95.7644 96.0662 96.3107 96.5085 9.57018 9.67018
RE+3_R3_CH23_C 96.2533 96.6205 96.9364 97.208 97.4412 9.64517 9.74517
RE+3_R3_CH24_A 91.0128 91.384 91.6947 91.9545 92.1716 9.74118 9.84118
RE+3_R3_CH24_B 96.7543 97.1412 97.4446 97.6823 97.8682 9.51032 9.61032
RE+3_R3_CH24_C 97.3013 97.6875 97.9987 98.2491 98.4504 9.50554 9.60554
RE+3_R3_CH25_A 94.1012 94.4439 94.7418 95.0005 95.2249 9.63923 9.73923
RE+3_R3_CH25_B 95.6588 96.0289 96.3312 96.5779 96.7789 9.606 9.706
RE+3_R3_CH25_C 94.8343 95.2187 95.5339 95.7919 96.003 9.62661 9.72661
RE+3_R3_CH26_A 96.4587 96.8522 97.1837 97.4626 97.6969 9.77586 9.87586
RE+3_R3_CH26_B 96.5463 96.9164 97.2207 97.4706 97.6757 9.60378 9.70378
RE+3_R3_CH26_C 97.535 97.9478 98.2823 98.5529 98.7715 9.50483 9.60483
RE+3_R3_CH27_A 94.7895 95.1618 95.4707 95.7266 95.9383 9.58222 9.68222
RE+3_R3_CH27_B 95.3155 95.7148 96.0379 96.2991 96.5099 9.59839 9.69839
RE+3_R3_CH27_C 95.7644 96.1506 96.4695 96.7324 96.9489 9.58803 9.68803
RE+3_R3_CH28_A 88.2897 88.6154 88.9021 89.1541 89.3755 9.83943 9.93943
RE+3_R3_CH28_B 93.9029 94.272 94.5802 94.8371 95.0511 9.62355 9.72355
RE+3_R3_CH28_C 96.0203 96.4124 96.7342 96.9978 97.2136 9.55809 9.65809
RE+3_R3_CH29_A 95.437 95.8082 96.128 96.4032 96.6399 9.6699 9.7699
RE+3_R3_CH29_B 96.4406 96.8268 97.1408 97.3958 97.6025 9.59232 9.69232
RE+3_R3_CH29_C 95.1635 95.5357 95.8518 96.1199 96.347 9.64783 9.74783
RE+3_R3_CH30_A 95.9296 96.3087 96.6272 96.8945 97.1187 9.64783 9.74783
RE+3_R3_CH30_B 96.1093 96.4727 96.7821 97.0453 97.269 9.69999 9.79999
RE+3_R3_CH30_C 97.3087 97.6866 97.9906 98.2348 98.4307 9.51615 9.61615
RE+3_R3_CH31_A 93.3811 93.7461 94.0488 94.2994 94.5068 9.62919 9.72919
RE+3_R3_CH32_A 96.3085 96.6482 96.9502 97.2186 97.457 9.74709 9.84709
RE+3_R3_CH32_B 95.635 96.0081 96.3213 96.5839 96.8039 9.62966 9.72966
RE+3_R3_CH32_C 97.0536 97.4277 97.7395 97.9991 98.2151 9.51706 9.61706
RE+3_R3_CH33_B 90.3474 90.6843 90.975 91.2257 91.4417 9.58592 9.68592
RE+3_R3_CH33_C 93.1945 93.5492 93.853 94.1128 94.3349 9.59972 9.69972
RE+3_R3_CH34_A 88.8452 89.1874 89.4807 89.7318 89.9465 9.60856 9.70856
RE+3_R3_CH34_B 95.557 95.9533 96.2813 96.5522 96.7758 9.58529 9.68529
RE+3_R3_CH34_C 97.1703 97.5489 97.8606 98.117 98.3275 9.49172 9.59172
RE+3_R3_CH35_A 93.4023 93.7489 94.048 94.3058 94.5278 9.46832 9.56832
RE+3_R3_CH35_B 94.2513 94.6279 94.9406 95.2 95.415 9.4684 9.5684
RE+3_R3_CH35_C 96.6928 97.0691 97.3963 97.6804 97.927 9.60971 9.70971
RE+3_R3_CH36_A 89.3758 89.7019 89.9865 90.2346 90.4508 9.72072 9.82072
RE+3_R3_CH36_B 87.9687 88.307 88.5968 88.8449 89.057 9.58495 9.68495
RE+3_R3_CH36_C 94.8876 95.2433 95.5503 95.8151 96.0434 9.57594 9.67594
