RE-1_R2_CH01_A 99.588 99.5939 99.5988 99.6027 99.6059 9.44027 9.54027
RE-1_R2_CH01_B 99.7465 99.7494 99.7516 99.7534 99.7548 9.42596 9.52596
RE-1_R2_CH01_C 98.9834 98.9903 98.996 99.0007 99.0045 9.50342 9.60342
RE-1_R2_CH02_A 98.5583 98.5664 98.5732 98.5787 98.5832 9.48311 9.58311
RE-1_R2_CH02_B 98.8186 98.829 98.8377 98.8449 98.8509 9.47334 9.57334
RE-1_R2_CH02_C 98.37 98.3787 98.3858 98.3917 98.3966 9.49174 9.59174
RE-1_R2_CH03_A 99.2839 99.2923 99.2992 99.3048 99.3095 9.43894 9.53894
RE-1_R2_CH03_B 99.4715 99.4784 99.4841 99.4887 99.4925 9.51574 9.61574
RE-1_R2_CH03_C 97.6203 97.6266 97.6318 97.6359 97.6393 9.5621 9.6621
RE-1_R2_CH04_A 98.6529 98.6641 98.6736 98.6815 98.6881 9.51776 9.61776
RE-1_R2_CH04_B 99.8663 99.8769 99.8858 99.8932 99.8993 9.55231 9.65231
RE-1_R2_CH04_C 98.0956 98.1054 98.1136 98.1204 98.1261 9.55183 9.65183
RE-1_R2_CH05_A 98.6576 98.6615 98.6646 98.6671 98.669 9.28554 9.38554
RE-1_R2_CH05_B 98.7277 98.7315 98.7345 98.7368 98.7387 9.30597 9.40597
RE-1_R2_CH05_C 98.3558 98.3608 98.3648 98.3681 98.3707 9.31258 9.41258
RE-1_R2_CH06_A 98.3225 98.3325 98.3409 98.3478 98.3536 9.43975 9.53975
RE-1_R2_CH06_B 99.6445 99.6527 99.6594 99.6649 99.6695 9.43763 9.53763
RE-1_R2_CH06_C 98.7114 98.7264 98.7391 98.7499 98.759 9.44666 9.54666
RE-1_R2_CH07_A 99.5508 99.5601 99.5677 99.5741 99.5793 9.37317 9.47317
RE-1_R2_CH07_B 98.801 98.8082 98.814 98.8188 98.8227 9.36932 9.46932
RE-1_R2_CH07_C 98.8732 98.8828 98.8908 98.8975 98.903 9.44321 9.54321
RE-1_R2_CH08_A 99.2165 99.2265 99.2349 99.2419 99.2477 9.35942 9.45942
RE-1_R2_CH08_B 99.3455 99.3561 99.3649 99.3722 99.3783 9.31442 9.41442
RE-1_R2_CH08_C 99.2506 99.2578 99.2637 99.2686 99.2725 9.28909 9.38909
RE-1_R2_CH09_A 99.4426 99.4492 99.4545 99.4589 99.4624 9.32167 9.42167
RE-1_R2_CH09_B 99.3828 99.385 99.3867 99.3879 99.3889 9.28418 9.38418
RE-1_R2_CH09_C 99.1842 99.191 99.1966 99.2011 99.2048 9.38587 9.48587
RE-1_R2_CH10_A 99.5917 99.5953 99.5981 99.6003 99.6021 9.32682 9.42682
RE-1_R2_CH10_B 99.5369 99.5393 99.5413 99.5427 99.5439 9.31723 9.41723
RE-1_R2_CH10_C 99.4846 99.4919 99.4978 99.5027 99.5066 9.46546 9.56546
RE-1_R2_CH11_A 99.172 99.1825 99.1912 99.1985 99.2045 9.38538 9.48538
RE-1_R2_CH11_B 99.3594 99.3637 99.3672 99.3699 99.3721 9.33654 9.43654
RE-1_R2_CH11_C 98.8655 98.8709 98.8753 98.8787 98.8815 9.36317 9.46317
RE-1_R2_CH12_A 99.7681 99.772 99.775 99.7774 99.7794 9.28135 9.38135
RE-1_R2_CH12_B 99.8752 99.8813 99.8863 99.8903 99.8936 9.37742 9.47742
RE-1_R2_CH12_C 99.5437 99.5495 99.5541 99.5579 99.561 9.33208 9.43208
RE-1_R2_CH13_A 99.6175 99.6199 99.6216 99.623 99.6241 9.27961 9.37961
RE-1_R2_CH13_B 99.4855 99.4885 99.4909 99.4928 99.4943 9.2846 9.3846
RE-1_R2_CH13_C 99.5263 99.5294 99.5318 99.5337 99.5352 9.30952 9.40952
RE-1_R2_CH14_A 99.8449 99.8586 99.8701 99.8798 99.888 9.49632 9.59632
RE-1_R2_CH14_B 99.8557 99.8593 99.8621 99.8643 99.8661 9.36397 9.46397
RE-1_R2_CH14_C 99.4028 99.4083 99.4127 99.4162 99.4191 9.42303 9.52303
RE-1_R2_CH15_A 99.2675 99.2856 99.3012 99.3145 99.3258 9.47071 9.57071
RE-1_R2_CH15_B 99.7361 99.7435 99.7496 99.7546 99.7587 9.33896 9.43896
RE-1_R2_CH15_C 99.5811 99.5916 99.6003 99.6075 99.6136 9.36527 9.46527
RE-1_R2_CH16_A 99.6318 99.636 99.6394 99.6421 99.6443 9.42834 9.52834
RE-1_R2_CH16_B 99.9227 99.9255 99.9277 99.9293 99.9307 9.40607 9.50607
RE-1_R2_CH16_C 99.4932 99.4985 99.5027 99.5062 99.5089 9.45349 9.55349
RE-1_R2_CH17_A 99.4354 99.4392 99.4422 99.4445 99.4464 9.31609 9.41609
RE-1_R2_CH17_B 98.7465 98.7487 98.7504 98.7517 98.7527 9.29203 9.39203
RE-1_R2_CH17_C 99.2207 99.2244 99.2274 99.2297 99.2316 9.37687 9.47687
RE-1_R2_CH18_A 98.551 98.5604 98.5682 98.5747 98.5801 9.48002 9.58002
RE-1_R2_CH18_B 99.3615 99.3694 99.3758 99.3811 99.3855 9.45422 9.55422
RE-1_R2_CH18_C 98.6992 98.7101 98.7191 98.7267 98.733 9.49079 9.59079
RE-1_R2_CH19_A 99.7029 99.7057 99.7078 99.7094 99.7107 9.2611 9.3611
RE-1_R2_CH19_B 99.1867 99.1895 99.1916 99.1933 99.1947 9.28123 9.38123
RE-1_R2_CH19_C 99.4365 99.4408 99.4442 99.447 99.4492 9.30219 9.40219
RE-1_R2_CH20_A 99.1698 99.1816 99.1916 99.1999 99.2069 9.4431 9.5431
RE-1_R2_CH20_B 99.3899 99.4031 99.4143 99.4237 99.4316 9.49282 9.59282
RE-1_R2_CH20_C 99.5631 99.5826 99.5993 99.6138 99.6262 9.50165 9.60165
RE-1_R2_CH21_A 99.8644 99.8674 99.8698 99.8717 99.8731 9.37116 9.47116
RE-1_R2_CH21_B 99.2837 99.2876 99.2906 99.2931 99.295 9.42889 9.52889
RE-1_R2_CH21_C 99.4404 99.4458 99.4502 99.4537 99.4565 9.4589 9.5589
RE-1_R2_CH22_A 99.4158 99.4228 99.4286 99.4333 99.4372 9.50547 9.60547
RE-1_R2_CH22_B 99.4922 99.4989 99.5043 99.5088 99.5124 9.46527 9.56527
RE-1_R2_CH22_C 99.3903 99.3939 99.3968 99.3991 99.4009 9.39979 9.49979
RE-1_R2_CH23_A 99.1259 99.1301 99.1335 99.1362 99.1383 9.48419 9.58419
RE-1_R2_CH23_B 99.3217 99.3241 99.326 99.3275 99.3286 9.34597 9.44597
RE-1_R2_CH23_C 99.1478 99.1543 99.1596 99.164 99.1675 9.41788 9.51788
RE-1_R2_CH24_A 98.6609 98.6712 98.6798 98.6869 98.6928 9.63479 9.73479
RE-1_R2_CH24_B 99.9697 99.9767 99.9824 99.9871 99.9909 9.59703 9.69703
RE-1_R2_CH24_C 98.7614 98.7672 98.7719 98.7757 98.7788 9.58069 9.68069
RE-1_R2_CH25_A 99.6328 99.6364 99.6392 99.6414 99.6432 9.4089 9.5089
RE-1_R2_CH25_B 99.1248 99.1274 99.1294 99.131 99.1322 9.31809 9.41809
RE-1_R2_CH25_C 99.1904 99.1984 99.205 99.2105 99.2149 9.42394 9.52394
RE-1_R2_CH26_A 99.5092 99.5107 99.5118 99.5127 99.5134 9.52926 9.62926
RE-1_R2_CH26_B 98.4856 98.4891 98.4918 98.494 98.4957 9.55509 9.65509
RE-1_R2_CH26_C 99.3349 99.3401 99.3444 99.3477 99.3505 9.58911 9.68911
RE-1_R2_CH27_A 99.9835 99.9906 99.9964 100.001 100.005 9.42856 9.52856
RE-1_R2_CH27_B 99.5506 99.5554 99.5591 99.5622 99.5646 9.4073 9.5073
RE-1_R2_CH27_C 99.4553 99.464 99.4712 99.4771 99.4821 9.43516 9.53516
RE-1_R2_CH28_A 99.6094 99.6124 99.6147 99.6166 99.618 9.47823 9.57823
RE-1_R2_CH28_B 99.62 99.6269 99.6326 99.6372 99.641 9.51703 9.61703
RE-1_R2_CH28_C 98.4493 98.4549 98.4595 98.4632 98.4662 9.46251 9.56251
RE-1_R2_CH29_A 99.9513 99.9547 99.9573 99.9594 99.961 9.38386 9.48386
RE-1_R2_CH29_B 99.9752 99.9785 99.9811 99.9832 99.9848 9.42863 9.52863
RE-1_R2_CH29_C 99.5068 99.5123 99.5166 99.5201 99.5229 9.46705 9.56705
RE-1_R2_CH30_A 99.7079 99.711 99.7134 99.7153 99.7168 9.52591 9.62591
RE-1_R2_CH30_B 99.8664 99.8701 99.873 99.8753 99.8771 9.44845 9.54845
RE-1_R2_CH30_C 99.6969 99.702 99.7061 99.7094 99.7121 9.48754 9.58754
RE-1_R2_CH31_A 99.8447 99.8474 99.8494 99.8511 99.8523 9.40404 9.50404
RE-1_R2_CH31_B 99.7649 99.7691 99.7723 99.7749 99.777 9.44064 9.54064
RE-1_R2_CH31_C 99.0878 99.0925 99.0962 99.0991 99.1015 9.45572 9.55572
RE-1_R2_CH32_A 98.9134 98.9243 98.9334 98.941 98.9474 9.48565 9.58565
RE-1_R2_CH32_B 98.3816 98.3886 98.3943 98.3989 98.4027 9.43917 9.53917
RE-1_R2_CH32_C 99.0518 99.0576 99.0622 99.066 99.0691 9.44069 9.54069
RE-1_R2_CH33_A 98.4253 98.4407 98.4537 98.4647 98.4741 9.64125 9.74125
RE-1_R2_CH33_B 100.072 100.083 100.092 100.1 100.107 9.54569 9.64569
RE-1_R2_CH33_C 97.9448 97.956 97.9654 97.9732 97.9797 9.5337 9.6337
RE-1_R2_CH34_A 98.7725 98.7765 98.7797 98.7822 98.7842 9.46627 9.56627
RE-1_R2_CH34_B 99.9742 99.9786 99.9821 99.9849 99.9871 9.46922 9.56922
RE-1_R2_CH34_C 99.2413 99.2476 99.2528 99.257 99.2604 9.55214 9.65214
RE-1_R2_CH35_A 99.2562 99.265 99.2723 99.2783 99.2833 9.47538 9.57538
RE-1_R2_CH35_B 98.8405 98.8449 98.8485 98.8514 98.8536 9.39135 9.49135
RE-1_R2_CH35_C 98.6734 98.6799 98.6852 98.6895 98.693 9.44217 9.54217
RE-1_R2_CH36_A 99.2639 99.2723 99.2793 99.285 99.2897 9.48167 9.58167
RE-1_R2_CH36_B 99.3903 99.3963 99.4012 99.4051 99.4083 9.50018 9.60018
RE-1_R2_CH36_C 98.3591 98.3657 98.3712 98.3756 98.3792 9.51007 9.61007
RE-1_R3_CH01_B 97.6728 97.6785 97.6831 97.6869 97.6899 9.50956 9.60956
RE-1_R3_CH01_C 98.9293 98.9313 98.9328 98.934 98.9349 9.3822 9.4822
RE-1_R3_CH02_B 101.191 101.207 101.222 101.234 101.244 9.83828 9.93828
RE-1_R3_CH02_C 96.1695 96.1761 96.1814 96.1858 96.1894 9.65373 9.75373
RE-1_R3_CH03_B 98.8969 98.9003 98.903 98.9051 98.9068 9.44684 9.54684
RE-1_R3_CH03_C 97.9457 97.9464 97.9469 97.9473 97.9475 9.37042 9.47042
RE-1_R3_CH04_B 98.5763 98.5794 98.5818 98.5837 98.5851 9.42697 9.52697
RE-1_R3_CH04_C 99.4262 99.4296 99.4324 99.4345 99.4362 9.42367 9.52367
RE-1_R3_CH05_B 98.2491 98.2539 98.2578 98.2609 98.2634 9.4628 9.5628
RE-1_R3_CH05_C 99.3199 99.3237 99.3267 99.3291 99.331 9.44335 9.54335
RE-1_R3_CH06_B 98.8436 98.8471 98.8499 98.8521 98.8538 9.39198 9.49198
RE-1_R3_CH06_C 98.7862 98.7883 98.7899 98.7912 98.7921 9.34774 9.44774
RE-1_R3_CH07_B 98.3975 98.4054 98.4119 98.4172 98.4216 9.42873 9.52873
RE-1_R3_CH07_C 99.3842 99.3877 99.3904 99.3925 99.3942 9.35627 9.45627
RE-1_R3_CH08_B 98.8763 98.8801 98.8832 98.8856 98.8875 9.34671 9.44671
RE-1_R3_CH08_C 99.1825 99.187 99.1906 99.1935 99.1958 9.3451 9.4451
RE-1_R3_CH09_B 98.927 98.9514 98.9727 98.9913 99.0076 9.48346 9.58346
RE-1_R3_CH09_C 98.3684 98.3741 98.3788 98.3825 98.3856 9.3265 9.4265
RE-1_R3_CH10_B 98.878 98.8827 98.8865 98.8895 98.8919 9.34435 9.44435
RE-1_R3_CH10_C 99.0887 99.1066 99.1219 99.135 99.1462 9.49647 9.59647
RE-1_R3_CH11_B 98.0096 98.0252 98.0384 98.0496 98.0592 9.55687 9.65687
RE-1_R3_CH11_C 98.6545 98.6554 98.6561 98.6566 98.657 9.36142 9.46142
RE-1_R3_CH12_B 99.8145 99.8288 99.8409 99.8511 99.8597 9.48178 9.58178
RE-1_R3_CH12_C 98.8019 98.8077 98.8124 98.8161 98.8192 9.4647 9.5647
RE-1_R3_CH13_B 96.2371 96.2454 96.2522 96.2578 96.2625 9.44867 9.54867
RE-1_R3_CH13_C 99.0822 99.0867 99.0902 99.0931 99.0954 9.42504 9.52504
RE-1_R3_CH14_B 98.0096 98.0154 98.0201 98.024 98.0271 9.39424 9.49424
RE-1_R3_CH14_C 98.7262 98.7319 98.7365 98.7403 98.7433 9.40929 9.50929
RE-1_R3_CH15_B 98.5575 98.5608 98.5634 98.5654 98.567 9.43114 9.53114
RE-1_R3_CH15_C 98.3369 98.3387 98.3401 98.3411 98.3419 9.36446 9.46446
RE-1_R3_CH16_B 98.874 98.8819 98.8884 98.8937 98.8981 9.44541 9.54541
RE-1_R3_CH16_C 99.046 99.0488 99.051 99.0527 99.0541 9.35626 9.45626
RE-1_R3_CH17_B 98.9541 98.9677 98.9792 98.989 98.9972 9.7787 9.8787
RE-1_R3_CH17_C 100.315 100.331 100.346 100.358 100.369 9.77143 9.87143
RE-1_R3_CH18_B 99.2636 99.2771 99.2886 99.2982 99.3063 9.52655 9.62655
RE-1_R3_CH18_C 99.5201 99.5303 99.5389 99.546 99.5519 9.44969 9.54969
RE-1_R3_CH19_B 97.5385 97.5415 97.5439 97.5457 97.5472 9.49488 9.59488
RE-1_R3_CH19_C 99.5536 99.556 99.5579 99.5594 99.5605 9.44123 9.54123
RE-1_R3_CH20_B 99.0551 99.0639 99.0712 99.0773 99.0823 9.53505 9.63505
RE-1_R3_CH20_C 99.208 99.2128 99.2166 99.2197 99.2222 9.50236 9.60236
RE-1_R3_CH21_B 99.475 99.4795 99.4831 99.486 99.4883 9.51313 9.61313
RE-1_R3_CH21_C 98.8218 98.8237 98.8252 98.8263 98.8272 9.40052 9.50052
RE-1_R3_CH22_B 98.478 98.48 98.4816 98.4828 98.4837 9.50684 9.60684
RE-1_R3_CH22_C 99.0262 99.0292 99.0316 99.0334 99.0349 9.5053 9.6053
RE-1_R3_CH23_B 99.2889 99.301 99.3111 99.3196 99.3268 9.73436 9.83436
RE-1_R3_CH23_C 98.2351 98.246 98.2552 98.2628 98.2692 9.67569 9.77569
RE-1_R3_CH24_B 99.6869 99.6895 99.6915 99.693 99.6943 9.55019 9.65019
RE-1_R3_CH24_C 98.9055 98.9062 98.9067 98.907 98.9073 9.43908 9.53908
RE-1_R3_CH25_B 98.3941 98.3976 98.4003 98.4025 98.4042 9.55431 9.65431
RE-1_R3_CH25_C 99.1012 99.1033 99.1049 99.1061 99.107 9.46528 9.56528
RE-1_R3_CH26_B 99.6366 99.6449 99.6516 99.6572 99.6617 9.65062 9.75062
RE-1_R3_CH26_C 98.1938 98.1971 98.1998 98.2019 98.2035 9.52708 9.62708
RE-1_R3_CH27_B 99.8421 99.8475 99.8519 99.8554 99.8583 9.55112 9.65112
RE-1_R3_CH27_C 99.1948 99.2015 99.207 99.2115 99.2152 9.46443 9.56443
RE-1_R3_CH28_B 98.9328 98.9348 98.9363 98.9375 98.9384 9.55664 9.65664
RE-1_R3_CH28_C 98.4918 98.4943 98.4962 98.4976 98.4988 9.52325 9.62325
RE-1_R3_CH29_B 99.0266 99.0318 99.036 99.0394 99.0421 9.61303 9.71303
RE-1_R3_CH29_C 97.9547 97.9581 97.9608 97.9629 97.9646 9.50925 9.60925
RE-1_R3_CH30_B 99.3926 99.3978 99.402 99.4053 99.4081 9.64515 9.74515
RE-1_R3_CH30_C 99.2485 99.251 99.2529 99.2544 99.2555 9.52489 9.62489
RE-1_R3_CH31_B 97.9653 97.9672 97.9686 97.9696 97.9705 9.5245 9.6245
RE-1_R3_CH31_C 99.1876 99.1887 99.1894 99.19 99.1904 9.50036 9.60036
RE-1_R3_CH32_C 99.5111 99.5202 99.5277 99.5339 99.5391 9.6368 9.7368
RE-1_R3_CH33_B 98.8991 98.9001 98.9009 98.9015 98.9019 9.46436 9.56436
RE-1_R3_CH33_C 99.238 99.239 99.2397 99.2403 99.2407 9.42804 9.52804
RE-1_R3_CH34_B 98.6008 98.6049 98.6081 98.6108 98.6128 9.59955 9.69955
RE-1_R3_CH34_C 98.2279 98.237 98.2444 98.2506 98.2557 9.64102 9.74102
RE-1_R3_CH35_B 98.9988 99.0088 99.017 99.0239 99.0296 9.53087 9.63087
RE-1_R3_CH35_C 98.7963 98.8005 98.8039 98.8066 98.8088 9.43414 9.53414
RE-1_R3_CH36_B 99.2789 99.2814 99.2833 99.2848 99.286 9.50528 9.60528
RE-1_R3_CH36_C 99.5208 99.5239 99.5263 99.5282 99.5296 9.50192 9.60192
RE-2_R2_CH01_A 97.9017 97.9103 97.9173 97.9232 97.928 9.41392 9.51392
RE-2_R2_CH01_B 97.5737 97.5787 97.5828 97.586 97.5886 9.39351 9.49351
RE-2_R2_CH01_C 99.3564 99.3633 99.369 99.3737 99.3775 9.31273 9.41273
RE-2_R2_CH02_A 99.2188 99.225 99.23 99.2341 99.2374 9.43131 9.53131
RE-2_R2_CH02_B 99.3464 99.3529 99.3582 99.3625 99.366 9.47478 9.57478
RE-2_R2_CH02_C 99.8719 99.8814 99.8894 99.896 99.9015 9.41633 9.51633
RE-2_R2_CH03_A 97.7614 97.7687 97.7746 97.7795 97.7836 9.40816 9.50816
RE-2_R2_CH03_B 98.1472 98.1535 98.1586 98.1628 98.1661 9.44182 9.54182
RE-2_R2_CH03_C 98.6375 98.6427 98.6469 98.6503 98.653 9.35196 9.45196
RE-2_R2_CH04_A 99.4144 99.4191 99.4229 99.426 99.4284 9.45617 9.55617
RE-2_R2_CH04_B 99.4064 99.4122 99.4168 99.4206 99.4237 9.48763 9.58763
RE-2_R2_CH04_C 99.2355 99.2372 99.2386 99.2396 99.2404 9.36375 9.46375
RE-2_R2_CH05_A 97.8779 97.8867 97.894 97.8999 97.9049 9.45712 9.55712
RE-2_R2_CH05_B 97.8576 97.8642 97.8695 97.8738 97.8773 9.4683 9.5683
RE-2_R2_CH05_C 98.9085 98.917 98.924 98.9298 98.9346 9.49333 9.59333
RE-2_R2_CH06_A 98.6685 98.6755 98.6813 98.686 98.6898 9.40841 9.50841
RE-2_R2_CH06_B 99.4491 99.4543 99.4585 99.4618 99.4645 9.41433 9.51433
RE-2_R2_CH06_C 99.3229 99.3265 99.3293 99.3315 99.3333 9.35053 9.45053
RE-2_R2_CH07_A 98.4699 98.4801 98.4886 98.4957 98.5016 9.39706 9.49706
RE-2_R2_CH07_B 97.872 97.877 97.881 97.8842 97.8867 9.43689 9.53689
RE-2_R2_CH07_C 99.4086 99.4141 99.4186 99.4222 99.4251 9.33682 9.43682
RE-2_R2_CH08_A 99.1112 99.12 99.1273 99.1332 99.1382 9.45052 9.55052
RE-2_R2_CH08_B 99.247 99.2543 99.2603 99.2652 99.2693 9.55104 9.65104
RE-2_R2_CH08_C 99.1881 99.1912 99.1936 99.1955 99.1969 9.46769 9.56769
RE-2_R2_CH09_A 98.4796 98.494 98.5063 98.5166 98.5254 9.44371 9.54371
RE-2_R2_CH09_B 97.592 97.6017 97.6098 97.6164 97.622 9.42799 9.52799
RE-2_R2_CH09_C 99.3103 99.3229 99.3335 99.3424 99.3499 9.44504 9.54504
RE-2_R2_CH10_A 99.4666 99.4785 99.4885 99.4969 99.504 9.48364 9.58364
RE-2_R2_CH10_B 98.9365 98.9456 98.9531 98.9593 98.9645 9.44934 9.54934
RE-2_R2_CH10_C 98.9947 98.9987 99.0019 99.0045 99.0065 9.33975 9.43975
RE-2_R2_CH11_A 97.1795 97.1963 97.2107 97.223 97.2335 9.52111 9.62111
RE-2_R2_CH11_B 97.205 97.2131 97.2198 97.2253 97.2298 9.4862 9.5862
RE-2_R2_CH11_C 99.4464 99.4542 99.4607 99.4659 99.4703 9.45697 9.55697
RE-2_R2_CH12_A 97.2935 97.3073 97.3189 97.3287 97.337 9.45988 9.55988
RE-2_R2_CH12_B 98.9993 99.0108 99.0204 99.0285 99.0353 9.44252 9.54252
RE-2_R2_CH12_C 99.5048 99.5169 99.527 99.5356 99.5428 9.32271 9.42271
RE-2_R2_CH13_A 97.0592 97.0688 97.0767 97.0833 97.0887 9.42954 9.52954
RE-2_R2_CH13_B 97.9871 97.992 97.9959 97.9991 98.0016 9.41112 9.51112
RE-2_R2_CH13_C 98.8904 98.8958 98.9002 98.9037 98.9066 9.41966 9.51966
RE-2_R2_CH14_A 99.063 99.0675 99.071 99.0738 99.0761 9.43516 9.53516
RE-2_R2_CH14_B 98.6654 98.6714 98.6762 98.6801 98.6833 9.44838 9.54838
RE-2_R2_CH14_C 99.0426 99.0517 99.0592 99.0655 99.0706 9.44029 9.54029
RE-2_R2_CH15_A 97.6627 97.6718 97.6793 97.6856 97.6907 9.49328 9.59328
RE-2_R2_CH15_B 97.8588 97.8671 97.8739 97.8796 97.8842 9.52733 9.62733
RE-2_R2_CH15_C 99.653 99.6634 99.672 99.6792 99.6852 9.56024 9.66024
RE-2_R2_CH16_A 98.6914 98.6955 98.6988 98.7015 98.7036 9.42587 9.52587
RE-2_R2_CH16_B 99.416 99.4205 99.4241 99.427 99.4293 9.48216 9.58216
RE-2_R2_CH16_C 99.5613 99.5643 99.5667 99.5685 99.5699 9.35776 9.45776
RE-2_R2_CH17_A 97.3873 97.3982 97.4073 97.4149 97.4212 9.5433 9.6433
RE-2_R2_CH17_B 95.1842 95.1902 95.1951 95.1991 95.2024 9.47701 9.57701
RE-2_R2_CH17_C 96.6931 96.7047 96.7144 96.7226 96.7294 9.58366 9.68366
RE-2_R2_CH18_A 98.4287 98.4377 98.4453 98.4515 98.4566 9.44698 9.54698
RE-2_R2_CH18_B 99.308 99.3122 99.3155 99.3182 99.3203 9.41422 9.51422
RE-2_R2_CH18_C 99.5025 99.5125 99.5209 99.5278 99.5336 9.3445 9.4445
RE-2_R2_CH19_A 98.1127 98.1204 98.1268 98.1321 98.1364 9.43247 9.53247
RE-2_R2_CH19_B 97.6765 97.6816 97.6856 97.6889 97.6915 9.39244 9.49244
RE-2_R2_CH19_C 99.7295 99.739 99.747 99.7535 99.759 9.40012 9.50012
RE-2_R2_CH20_A 97.0954 97.1046 97.1122 97.1185 97.1236 9.55587 9.65587
RE-2_R2_CH20_B 98.0466 98.0525 98.0573 98.0611 98.0643 9.52433 9.62433
RE-2_R2_CH20_C 98.8996 98.9058 98.9109 98.9149 98.9182 9.51911 9.61911
RE-2_R2_CH21_A 97.4119 97.4216 97.4296 97.4363 97.4418 9.50139 9.60139
RE-2_R2_CH21_B 96.7678 96.7736 96.7784 96.7822 96.7853 9.44987 9.54987
RE-2_R2_CH21_C 99.6377 99.6493 99.659 99.6671 99.6739 9.44125 9.54125
RE-2_R2_CH22_A 99.527 99.532 99.536 99.5392 99.5419 9.46232 9.56232
RE-2_R2_CH22_B 99.0762 99.0815 99.0857 99.0891 99.0918 9.41484 9.51484
RE-2_R2_CH22_C 99.4183 99.4241 99.4288 99.4325 99.4355 9.36447 9.46447
RE-2_R2_CH23_A 97.38 97.3877 97.394 97.3992 97.4034 9.44003 9.54003
RE-2_R2_CH23_B 99.3005 99.3114 99.3205 99.3281 99.3345 9.54151 9.64151
RE-2_R2_CH23_C 99.2649 99.2774 99.2879 99.2968 99.3043 9.57221 9.67221
RE-2_R2_CH24_A 99.2413 99.2484 99.2542 99.2589 99.2628 9.4783 9.5783
RE-2_R2_CH24_B 99.3918 99.3978 99.4026 99.4066 99.4098 9.44758 9.54758
RE-2_R2_CH24_C 99.6489 99.6561 99.6619 99.6667 99.6706 9.38721 9.48721
RE-2_R2_CH25_A 98.1023 98.115 98.1257 98.1347 98.1423 9.52673 9.62673
RE-2_R2_CH25_B 98.6242 98.6281 98.6311 98.6335 98.6354 9.44089 9.54089
RE-2_R2_CH25_C 99.8074 99.8214 99.8332 99.8432 99.8517 9.51054 9.61054
RE-2_R2_CH26_A 99.5787 99.5855 99.5911 99.5956 99.5993 9.48096 9.58096
RE-2_R2_CH26_B 98.5981 98.6015 98.6042 98.6063 98.608 9.45935 9.55935
RE-2_R2_CH26_C 99.0679 99.0704 99.0723 99.0738 99.075 9.33367 9.43367
RE-2_R2_CH27_A 98.9293 98.9417 98.9522 98.9609 98.9683 9.54468 9.64468
RE-2_R2_CH27_B 97.8362 97.8439 97.8502 97.8553 97.8596 9.51134 9.61134
RE-2_R2_CH27_C 99.1431 99.1524 99.1601 99.1665 99.1717 9.29421 9.39421
RE-2_R2_CH28_A 100.041 100.054 100.065 100.075 100.083 9.55858 9.65858
RE-2_R2_CH28_B 98.8491 98.8555 98.8607 98.8649 98.8684 9.50305 9.60305
RE-2_R2_CH28_C 99.1643 99.1681 99.1711 99.1735 99.1754 9.41808 9.51808
RE-2_R2_CH29_A 99.1344 99.1469 99.1575 99.1663 99.1738 9.48136 9.58136
RE-2_R2_CH29_B 98.5129 98.5226 98.5307 98.5375 98.5431 9.45229 9.55229
RE-2_R2_CH29_C 99.677 99.689 99.6992 99.7077 99.7148 9.40384 9.50384
RE-2_R2_CH30_A 99.1899 99.2042 99.2164 99.2267 99.2354 9.54189 9.64189
RE-2_R2_CH30_B 99.92 99.9319 99.9418 99.9501 99.957 9.51459 9.61459
RE-2_R2_CH30_C 98.7093 98.7173 98.7239 98.7292 98.7337 9.288 9.388
RE-2_R2_CH31_A 97.546 97.5553 97.563 97.5694 97.5747 9.5339 9.6339
RE-2_R2_CH31_B 97.7964 97.8052 97.8124 97.8184 97.8234 9.48751 9.58751
RE-2_R2_CH31_C 99.2715 99.2836 99.2938 99.3023 99.3095 9.50558 9.60558
RE-2_R2_CH32_A 99.0703 99.0807 99.0893 99.0966 99.1026 9.52081 9.62081
RE-2_R2_CH32_C 99.2573 99.2611 99.2641 99.2665 99.2684 9.31606 9.41606
RE-2_R2_CH33_A 97.8897 97.9017 97.9118 97.9203 97.9274 9.52922 9.62922
RE-2_R2_CH33_B 97.9369 97.9451 97.9519 97.9574 97.962 9.50265 9.60265
RE-2_R2_CH33_C 98.896 98.9022 98.9072 98.9113 98.9146 9.49088 9.59088
RE-2_R2_CH34_A 98.6201 98.6247 98.6284 98.6314 98.6338 9.45321 9.55321
RE-2_R2_CH34_B 98.9227 98.9308 98.9374 98.9429 98.9474 9.48368 9.58368
RE-2_R2_CH34_C 99.3832 99.3891 99.3939 99.3978 99.4009 9.34916 9.44916
RE-2_R2_CH35_A 98.0996 98.1089 98.1166 98.123 98.1283 9.5023 9.6023
RE-2_R2_CH35_B 98.44 98.4507 98.4596 98.467 98.4732 9.50245 9.60245
RE-2_R2_CH35_C 99.2372 99.2465 99.2543 99.2607 99.266 9.46372 9.56372
RE-2_R2_CH36_A 95.9012 95.9096 95.9166 95.9224 95.9272 9.40533 9.50533
RE-2_R2_CH36_B 99.158 99.1641 99.169 99.1729 99.1762 9.44132 9.54132
RE-2_R2_CH36_C 99.2909 99.297 99.3018 99.3058 99.309 9.38625 9.48625
RE-2_R3_CH01_B 97.8115 97.8236 97.8338 97.8424 97.8496 9.50124 9.60124
RE-2_R3_CH01_C 97.2388 97.2513 97.2617 97.2705 97.2779 9.48347 9.58347
RE-2_R3_CH02_B 99.5901 99.6061 99.6198 99.6314 99.6413 9.58811 9.68811
RE-2_R3_CH02_C 99.0777 99.0901 99.1006 99.1094 99.1168 9.60578 9.70578
RE-2_R3_CH03_B 96.75 96.7587 96.7659 96.7719 96.7768 9.5209 9.6209
RE-2_R3_CH03_C 97.3221 97.3267 97.3303 97.3332 97.3356 9.43051 9.53051
RE-2_R3_CH04_B 99.4787 99.487 99.4939 99.4995 99.5041 9.57115 9.67115
RE-2_R3_CH04_C 98.6958 98.7051 98.7128 98.7191 98.7244 9.57189 9.67189
RE-2_R3_CH05_B 96.9726 96.9784 96.983 96.9868 96.9898 9.46392 9.56392
RE-2_R3_CH05_C 98.4251 98.4489 98.4697 98.4878 98.5036 9.5858 9.6858
RE-2_R3_CH06_B 99.0445 99.0557 99.065 99.0729 99.0795 9.57533 9.67533
RE-2_R3_CH06_C 99.3323 99.3389 99.3444 99.3488 99.3524 9.50539 9.60539
RE-2_R3_CH07_B 96.5329 96.5373 96.5409 96.5437 96.546 9.4038 9.5038
RE-2_R3_CH07_C 97.8195 97.8256 97.8305 97.8345 97.8377 9.34274 9.44274
RE-2_R3_CH08_B 99.3864 99.3909 99.3944 99.3972 99.3995 9.48661 9.58661
RE-2_R3_CH08_C 99.2939 99.3003 99.3056 99.3099 99.3134 9.45794 9.55794
RE-2_R3_CH09_B 97.2106 97.2156 97.2197 97.223 97.2256 9.44792 9.54792
RE-2_R3_CH09_C 98.5292 98.5364 98.5424 98.5472 98.5512 9.4534 9.5534
RE-2_R3_CH10_B 98.8087 98.8177 98.8251 98.8313 98.8364 9.47986 9.57986
RE-2_R3_CH10_C 99.4424 99.4472 99.4511 99.4541 99.4566 9.39402 9.49402
RE-2_R3_CH11_B 98.3593 98.3647 98.369 98.3725 98.3753 9.43345 9.53345
RE-2_R3_CH11_C 97.049 97.061 97.0712 97.0797 97.0868 9.47341 9.57341
RE-2_R3_CH12_B 99.3491 99.3528 99.3557 99.3581 99.3599 9.47682 9.57682
RE-2_R3_CH12_C 98.9257 98.9303 98.934 98.937 98.9394 9.44348 9.54348
RE-2_R3_CH13_B 97.245 97.2547 97.2628 97.2695 97.2751 9.58789 9.68789
RE-2_R3_CH13_C 95.6294 95.6427 95.6539 95.6633 95.6713 9.59898 9.69898
RE-2_R3_CH14_B 98.8359 98.8396 98.8425 98.8448 98.8467 9.49009 9.59009
RE-2_R3_CH14_C 98.3514 98.357 98.3616 98.3653 98.3683 9.51831 9.61831
RE-2_R3_CH15_B 96.9566 96.962 96.9663 96.9698 96.9726 9.51665 9.61665
RE-2_R3_CH15_C 97.34 97.3547 97.3673 97.3779 97.387 9.65156 9.75156
RE-2_R3_CH16_B 98.0666 98.0746 98.0813 98.0867 98.0912 9.52121 9.62121
RE-2_R3_CH16_C 99.2606 99.27 99.2777 99.2841 99.2893 9.48096 9.58096
RE-2_R3_CH17_B 96.2776 96.2836 96.2885 96.2925 96.2957 9.43251 9.53251
RE-2_R3_CH17_C 96.8168 96.8235 96.829 96.8335 96.8371 9.42492 9.52492
RE-2_R3_CH18_B 98.8981 98.902 98.905 98.9074 98.9094 9.53339 9.63339
RE-2_R3_CH18_C 99.4244 99.4276 99.4301 99.4321 99.4336 9.47289 9.57289
RE-2_R3_CH19_B 96.7993 96.8054 96.8104 96.8144 96.8177 9.50794 9.60794
RE-2_R3_CH19_C 95.5107 95.5192 95.5263 95.5321 95.537 9.46489 9.56489
RE-2_R3_CH20_B 99.0104 99.0155 99.0195 99.0228 99.0254 9.51722 9.61722
RE-2_R3_CH20_C 99.348 99.3543 99.3595 99.3637 99.3671 9.49522 9.59522
RE-2_R3_CH21_B 98.0065 98.0101 98.0129 98.0152 98.0169 9.4575 9.5575
RE-2_R3_CH21_C 97.2179 97.2249 97.2306 97.2353 97.2392 9.5625 9.6625
RE-2_R3_CH22_B 98.8377 98.8451 98.8511 98.8561 98.8601 9.62789 9.72789
RE-2_R3_CH22_C 99.1896 99.2002 99.209 99.2163 99.2224 9.59322 9.69322
RE-2_R3_CH23_B 98.4918 98.499 98.5049 98.5098 98.5138 9.59319 9.69319
RE-2_R3_CH23_C 96.755 96.7654 96.774 96.7812 96.7873 9.56257 9.66257
RE-2_R3_CH24_B 98.8722 98.8764 98.8797 98.8824 98.8845 9.58897 9.68897
RE-2_R3_CH24_C 99.3669 99.3688 99.3702 99.3713 99.3721 9.45697 9.55697
RE-2_R3_CH25_B 94.9155 94.9234 94.9298 94.9351 94.9395 9.57258 9.67258
RE-2_R3_CH25_C 97.9179 97.9235 97.9281 97.9318 97.9348 9.51999 9.61999
RE-2_R3_CH26_B 98.2902 98.2939 98.2969 98.2992 98.3011 9.5167 9.6167
RE-2_R3_CH26_C 98.7224 98.7275 98.7316 98.7349 98.7375 9.54018 9.64018
RE-2_R3_CH27_B 96.9468 96.9496 96.9517 96.9535 96.9548 9.47959 9.57959
RE-2_R3_CH27_C 97.4132 97.4174 97.4207 97.4233 97.4254 9.50395 9.60395
RE-2_R3_CH28_B 98.0016 98.0038 98.0056 98.0069 98.008 9.55077 9.65077
RE-2_R3_CH28_C 99.664 99.6698 99.6744 99.6781 99.6812 9.54551 9.64551
RE-2_R3_CH30_B 98.6746 98.6816 98.6874 98.692 98.6959 9.54428 9.64428
RE-2_R3_CH30_C 99.2785 99.2831 99.2867 99.2896 99.2919 9.4436 9.5436
RE-2_R3_CH31_B 98.2481 98.2541 98.2589 98.2628 98.2659 9.48798 9.58798
RE-2_R3_CH31_C 96.8515 96.8585 96.8642 96.8689 96.8728 9.46158 9.56158
RE-2_R3_CH32_B 50.1307 50.1365 50.1413 50.1454 50.1488 9.67239 9.77239
RE-2_R3_CH32_C 99.344 99.3478 99.3507 99.3531 99.3549 9.4846 9.5846
RE-2_R3_CH33_B 96.5937 96.5987 96.6027 96.606 96.6086 9.51155 9.61155
RE-2_R3_CH33_C 58.0225 58.0339 58.0438 58.0523 58.0597 9.69365 9.79365
RE-2_R3_CH34_B 99.0916 99.0982 99.1036 99.1081 99.1117 9.53825 9.63825
RE-2_R3_CH34_C 99.5647 99.573 99.5799 99.5856 99.5903 9.52551 9.62551
RE-2_R3_CH35_B 96.8799 96.8865 96.892 96.8964 96.9 9.61636 9.71636
RE-2_R3_CH35_C 97.496 97.5079 97.5178 97.5262 97.5333 9.61649 9.71649
RE-2_R3_CH36_B 98.6768 98.6844 98.6907 98.6959 98.7001 9.59439 9.69439
RE-2_R3_CH36_C 99.356 99.3658 99.3739 99.3807 99.3863 9.57449 9.67449
RE-3_R2_CH01_A 94.062 94.0704 94.0774 94.0831 94.0879 9.47774 9.57774
RE-3_R2_CH01_B 95.2346 95.2375 95.2397 95.2415 95.2428 9.43819 9.53819
RE-3_R2_CH02_A 96.739 96.7461 96.7519 96.7567 96.7606 9.57768 9.67768
RE-3_R2_CH02_B 96.6833 96.6876 96.691 96.6937 96.6958 9.52496 9.62496
RE-3_R2_CH03_A 96.29 96.2954 96.2998 96.3033 96.3061 9.45078 9.55078
RE-3_R2_CH03_B 95.3662 95.3718 95.3764 95.3801 95.3831 9.4549 9.5549
RE-3_R2_CH04_A 96.6987 96.7072 96.7142 96.72 96.7248 9.56381 9.66381
RE-3_R2_CH04_B 97.2656 97.2735 97.2801 97.2854 97.2898 9.64176 9.74176
RE-3_R2_CH05_A 97.115 97.1211 97.1261 97.1301 97.1334 9.53324 9.63324
RE-3_R2_CH05_B 95.0566 95.0653 95.0725 95.0785 95.0834 9.57291 9.67291
RE-3_R2_CH06_A 97.6559 97.6652 97.673 97.6794 97.6847 9.62731 9.72731
RE-3_R2_CH06_B 95.6553 95.662 95.6675 95.6719 95.6756 9.61124 9.71124
RE-3_R2_CH07_A 96.858 96.8652 96.871 96.8757 96.8796 9.43112 9.53112
RE-3_R2_CH07_B 96.3406 96.3457 96.3498 96.3531 96.3558 9.47387 9.57387
RE-3_R2_CH08_A 98.4773 98.4871 98.4953 98.5021 98.5078 9.59966 9.69966
RE-3_R2_CH08_B 96.9273 96.9336 96.9386 96.9428 96.9461 9.54892 9.64892
RE-3_R2_CH09_A 95.0777 95.0829 95.0871 95.0905 95.0932 9.50082 9.60082
RE-3_R2_CH09_B 96.2809 96.2865 96.291 96.2946 96.2976 9.52509 9.62509
RE-3_R2_CH10_A 95.7446 95.7549 95.7636 95.7708 95.7768 9.53243 9.63243
RE-3_R2_CH10_B 96.3318 96.3388 96.3444 96.3491 96.3529 9.58179 9.68179
RE-3_R2_CH11_A 96.9402 96.9526 96.9632 96.972 96.9795 9.61123 9.71123
RE-3_R2_CH11_B 94.1508 94.1564 94.1608 94.1645 94.1674 9.48729 9.58729
RE-3_R2_CH12_A 96.9991 97.009 97.0172 97.0241 97.0297 9.5724 9.6724
RE-3_R2_CH12_B 97.6767 97.6818 97.6859 97.6893 97.6919 9.53738 9.63738
RE-3_R2_CH13_A 94.9776 94.9859 94.9928 94.9985 95.0032 9.56002 9.66002
RE-3_R2_CH13_B 96.6551 96.6637 96.6709 96.6769 96.6818 9.55048 9.65048
RE-3_R2_CH14_A 95.6783 95.6893 95.6986 95.7063 95.7128 9.58178 9.68178
RE-3_R2_CH14_B 97.0275 97.0361 97.0432 97.049 97.0538 9.64993 9.74993
RE-3_R2_CH15_A 97.1536 97.1614 97.1679 97.1732 97.1775 9.49961 9.59961
RE-3_R2_CH15_B 95.7144 95.7196 95.7239 95.7273 95.73 9.49195 9.59195
RE-3_R2_CH16_A 86.8852 86.8938 86.9009 86.9069 86.9118 9.65443 9.75443
RE-3_R2_CH16_B 95.5878 95.5968 95.6042 95.6104 95.6155 9.48254 9.58254
RE-3_R2_CH17_B 92.8829 92.8879 92.892 92.8953 92.8979 9.69574 9.79574
RE-3_R2_CH18_A 93.1486 93.1671 93.1831 93.197 93.2089 9.69908 9.79908
RE-3_R2_CH18_B 90.0601 90.0794 90.0961 90.1105 90.123 9.70607 9.80607
RE-3_R2_CH19_A 94.2455 94.2539 94.2608 94.2666 94.2713 9.6305 9.7305
RE-3_R2_CH19_B 95.9451 95.956 95.965 95.9727 95.979 9.62456 9.72456
RE-3_R2_CH20_A 97.9913 98.0016 98.0103 98.0175 98.0235 9.48711 9.58711
RE-3_R2_CH20_B 95.7646 95.7726 95.7791 95.7845 95.7889 9.49993 9.59993
RE-3_R2_CH21_A 97.1049 97.1172 97.1275 97.1362 97.1436 9.63354 9.73354
RE-3_R2_CH21_B 95.4587 95.4686 95.4769 95.4837 95.4895 9.64426 9.74426
RE-3_R2_CH22_A 94.3038 94.3126 94.3199 94.326 94.331 9.63488 9.73488
RE-3_R2_CH22_B 94.155 94.1617 94.1671 94.1716 94.1752 9.58186 9.68186
RE-3_R2_CH23_A 94.5904 94.6021 94.612 94.6202 94.6272 9.64648 9.74648
RE-3_R2_CH23_B 95.5544 95.5627 95.5697 95.5754 95.5801 9.51059 9.61059
RE-3_R2_CH24_A 93.846 93.8578 93.8678 93.8762 93.8833 9.63433 9.73433
RE-3_R2_CH24_B 97.2283 97.2318 97.2345 97.2367 97.2384 9.54216 9.64216
RE-3_R2_CH25_A 96.0757 96.0831 96.0892 96.0942 96.0983 9.66562 9.76562
RE-3_R2_CH25_B 95.2407 95.249 95.2558 95.2615 95.2661 9.62209 9.72209
RE-3_R2_CH26_A 92.1335 92.139 92.1434 92.147 92.1498 9.6113 9.7113
RE-3_R2_CH26_B 97.5555 97.56 97.5636 97.5664 97.5687 9.52949 9.62949
RE-3_R2_CH27_A 96.4768 96.4835 96.489 96.4934 96.4971 9.59222 9.69222
RE-3_R2_CH27_B 96.5694 96.5733 96.5764 96.5788 96.5808 9.54416 9.64416
RE-3_R2_CH28_A 96.4901 96.4961 96.501 96.505 96.5082 9.67645 9.77645
RE-3_R2_CH28_B 96.14 96.1494 96.1572 96.1638 96.1692 9.6371 9.7371
RE-3_R2_CH29_A 97.4453 97.45 97.4537 97.4567 97.4591 9.60937 9.70937
RE-3_R2_CH29_B 94.8457 94.8516 94.8564 94.8603 94.8634 9.71212 9.81212
RE-3_R2_CH30_A 96.8048 96.8108 96.8156 96.8195 96.8226 9.69498 9.79498
RE-3_R2_CH30_B 95.5865 95.5913 95.5951 95.5982 95.6007 9.69485 9.79485
RE-3_R2_CH31_A 95.2716 95.2764 95.2803 95.2834 95.2858 9.54799 9.64799
RE-3_R2_CH31_B 96.248 96.2536 96.2581 96.2617 96.2647 9.52995 9.62995
RE-3_R2_CH32_A 87.5968 87.6059 87.6135 87.6199 87.6251 9.82998 9.92998
RE-3_R2_CH33_A 97.3277 97.3354 97.3417 97.3469 97.3512 9.57621 9.67621
RE-3_R2_CH33_B 96.1742 96.1776 96.1804 96.1825 96.1842 9.43574 9.53574
RE-3_R2_CH34_A 98.7849 98.7929 98.7996 98.8051 98.8096 9.6501 9.7501
RE-3_R2_CH34_B 97.0285 97.0365 97.0432 97.0487 97.0531 9.67426 9.77426
RE-3_R2_CH35_A 96.108 96.1146 96.12 96.1244 96.128 9.5651 9.6651
RE-3_R2_CH35_B 96.8564 96.8612 96.8651 96.8681 96.8706 9.52644 9.62644
RE-3_R2_CH36_A 94.8326 94.8396 94.8453 94.85 94.8538 9.54892 9.64892
RE-3_R2_CH36_B 96.7936 96.7976 96.8008 96.8033 96.8054 9.47519 9.57519
RE-3_R3_CH01_A 94.5349 94.5453 94.554 94.5613 94.5674 9.66758 9.76758
RE-3_R3_CH01_B 96.6857 96.6906 96.6946 96.6978 96.7004 9.54093 9.64093
RE-3_R3_CH01_C 94.2033 94.2082 94.212 94.2152 94.2177 9.5253 9.6253
RE-3_R3_CH02_A 97.6015 97.6116 97.6201 97.6271 97.633 9.53511 9.63511
RE-3_R3_CH02_B 97.7836 97.7859 97.7877 97.789 97.7901 9.48088 9.58088
RE-3_R3_CH02_C 99.1538 99.1579 99.1612 99.1639 99.1659 9.42941 9.52941
RE-3_R3_CH03_A 96.6726 96.6882 96.7015 96.7128 96.7225 9.66523 9.76523
RE-3_R3_CH03_B 97.3689 97.374 97.378 97.3813 97.3839 9.54979 9.64979
RE-3_R3_CH03_C 96.7939 96.8006 96.806 96.8104 96.814 9.55484 9.65484
RE-3_R3_CH04_A 95.7405 95.7576 95.7723 95.7849 95.7957 9.63796 9.73796
RE-3_R3_CH04_B 97.9203 97.9275 97.9335 97.9384 97.9424 9.59599 9.69599
RE-3_R3_CH04_C 98.6348 98.6399 98.6441 98.6474 98.6501 9.53753 9.63753
RE-3_R3_CH05_A 97.0856 97.0906 97.0946 97.0978 97.1004 9.47198 9.57198
RE-3_R3_CH05_B 97.4554 97.4584 97.4609 97.4628 97.4642 9.46893 9.56893
RE-3_R3_CH05_C 94.593 94.5992 94.6042 94.6083 94.6116 9.54589 9.64589
RE-3_R3_CH06_A 96.2898 96.3021 96.3125 96.3211 96.3284 9.55374 9.65374
RE-3_R3_CH06_B 98.5691 98.5718 98.5739 98.5756 98.5769 9.46879 9.56879
RE-3_R3_CH06_C 98.1951 98.1986 98.2014 98.2037 98.2054 9.42524 9.52524
RE-3_R3_CH07_A 95.6223 95.6269 95.6307 95.6336 95.636 9.60037 9.70037
RE-3_R3_CH07_B 97.2591 97.2607 97.2619 97.2629 97.2636 9.49154 9.59154
RE-3_R3_CH07_C 94.9063 94.9114 94.9155 94.9188 94.9214 9.54733 9.64733
RE-3_R3_CH08_A 85.5293 85.5346 85.5389 85.5423 85.5451 9.5419 9.6419
RE-3_R3_CH08_B 97.6387 97.643 97.6464 97.6492 97.6513 9.54783 9.64783
RE-3_R3_CH08_C 97.578 97.5841 97.5891 97.5931 97.5964 9.51167 9.61167
RE-3_R3_CH09_A 96.7154 96.7277 96.738 96.7468 96.7541 9.55713 9.65713
RE-3_R3_CH09_B 97.3555 97.3641 97.3713 97.3772 97.3821 9.54845 9.64845
RE-3_R3_CH09_C 96.9281 96.9351 96.9408 96.9454 96.9492 9.50173 9.60173
RE-3_R3_CH10_A 98.9787 98.9963 99.0114 99.0243 99.0355 9.69823 9.79823
RE-3_R3_CH10_B 96.1964 96.2038 96.21 96.215 96.2191 9.58202 9.68202
RE-3_R3_CH10_C 99.6569 99.6658 99.6731 99.6791 99.6841 9.56288 9.66288
RE-3_R3_CH11_A 98.0734 98.1047 98.1324 98.1571 98.1789 9.70517 9.80517
RE-3_R3_CH11_B 97.0037 97.0122 97.0192 97.025 97.0297 9.53598 9.63598
RE-3_R3_CH11_C 95.5916 95.5961 95.5997 95.6025 95.6048 9.50387 9.60387
RE-3_R3_CH12_A 96.2276 96.2361 96.243 96.2488 96.2536 9.47692 9.57692
RE-3_R3_CH12_B 97.5397 97.5509 97.5603 97.5681 97.5747 9.60306 9.70306
RE-3_R3_CH12_C 99.346 99.3526 99.3579 99.3622 99.3657 9.50381 9.60381
RE-3_R3_CH13_A 99.8034 99.8351 99.8632 99.8882 99.9103 9.8882 9.9882
RE-3_R3_CH13_B 96.3948 96.4072 96.4177 96.4264 96.4338 9.64599 9.74599
RE-3_R3_CH13_C 88.782 88.789 88.7947 88.7994 88.8033 9.63878 9.73878
RE-3_R3_CH14_A 93.8335 93.8629 93.889 93.9121 93.9327 9.78972 9.88972
RE-3_R3_CH14_B 97.2418 97.2553 97.2666 97.2762 97.2844 9.63613 9.73613
RE-3_R3_CH14_C 99.9373 99.9435 99.9485 99.9525 99.9558 9.56264 9.66264
RE-3_R3_CH15_A 96.7194 96.7269 96.7331 96.7382 96.7424 9.48918 9.58918
RE-3_R3_CH15_B 98.3251 98.3334 98.3402 98.3459 98.3505 9.50806 9.60806
RE-3_R3_CH15_C 96.1312 96.1364 96.1405 96.1438 96.1465 9.46315 9.56315
RE-3_R3_CH16_A 96.1429 96.1623 96.1791 96.1935 96.206 9.7219 9.8219
RE-3_R3_CH16_B 96.8252 96.8289 96.8318 96.8342 96.836 9.50087 9.60087
RE-3_R3_CH16_C 99.4549 99.4595 99.4631 99.466 99.4683 9.48153 9.58153
RE-3_R3_CH17_A 96.4737 96.4931 96.5098 96.5243 96.5367 9.67206 9.77206
RE-3_R3_CH17_B 95.1894 95.1953 95.2001 95.204 95.2071 9.6016 9.7016
RE-3_R3_CH17_C 95.9164 95.9194 95.9218 95.9237 95.9251 9.54518 9.64518
RE-3_R3_CH18_A 86.7609 86.7826 86.8015 86.8181 86.8325 9.73332 9.83332
RE-3_R3_CH18_B 96.5872 96.5926 96.597 96.6006 96.6034 9.59673 9.69673
RE-3_R3_CH18_C 98.8191 98.8234 98.8268 98.8296 98.8318 9.49938 9.59938
RE-3_R3_CH19_A 93.3041 93.31 93.3149 93.3188 93.322 9.52291 9.62291
RE-3_R3_CH19_B 97.1726 97.1815 97.1889 97.195 97.2 9.56612 9.66612
RE-3_R3_CH20_A 95.7275 95.7446 95.7592 95.7717 95.7825 9.75266 9.85266
RE-3_R3_CH20_B 97.3396 97.3428 97.3454 97.3474 97.3489 9.65374 9.75374
RE-3_R3_CH20_C 98.0742 98.0767 98.0786 98.0801 98.0813 9.58202 9.68202
RE-3_R3_CH21_A 96.1766 96.1877 96.1971 96.2049 96.2115 9.73657 9.83657
RE-3_R3_CH21_B 97.3728 97.3763 97.3791 97.3813 97.383 9.58927 9.68927
RE-3_R3_CH21_C 93.3873 93.391 93.394 93.3964 93.3983 9.59722 9.69722
RE-3_R3_CH22_A 91.2816 91.292 91.3008 91.3081 91.3142 9.68675 9.78675
RE-3_R3_CH22_B 96.5341 96.5443 96.5529 96.5601 96.566 9.73814 9.83814
RE-3_R3_CH22_C 98.2708 98.2822 98.2917 98.2997 98.3063 9.6708 9.7708
RE-3_R3_CH23_A 96.2243 96.2356 96.245 96.2529 96.2596 9.73592 9.83592
RE-3_R3_CH23_B 96.4274 96.4314 96.4347 96.4372 96.4393 9.61693 9.71693
RE-3_R3_CH23_C 90.8723 90.8808 90.8877 90.8935 90.8983 9.72282 9.82282
RE-3_R3_CH24_A 88.6335 88.6481 88.6606 88.6712 88.6803 9.76761 9.86761
RE-3_R3_CH24_B 97.8003 97.8037 97.8063 97.8085 97.8101 9.65486 9.75486
RE-3_R3_CH24_C 98.1523 98.1573 98.1613 98.1646 98.1672 9.64832 9.74832
RE-3_R3_CH25_A 95.4305 95.4498 95.4664 95.4808 95.4932 9.75466 9.85466
RE-3_R3_CH25_B 96.2914 96.298 96.3034 96.3078 96.3114 9.71116 9.81116
RE-3_R3_CH25_C 96.9335 96.9407 96.9465 96.9513 96.9553 9.71944 9.81944
RE-3_R3_CH26_A 96.3325 96.339 96.3442 96.3485 96.352 9.6107 9.7107
RE-3_R3_CH26_B 96.2647 96.2712 96.2765 96.2808 96.2843 9.60066 9.70066
RE-3_R3_CH26_C 98.6628 98.6693 98.6746 98.6789 98.6824 9.507 9.607
RE-3_R3_CH27_A 98.2749 98.283 98.2897 98.2952 98.2997 9.66297 9.76297
RE-3_R3_CH27_B 96.5361 96.5395 96.5423 96.5445 96.5462 9.62146 9.72146
RE-3_R3_CH27_C 97.0379 97.0458 97.0523 97.0576 97.0619 9.65023 9.75023
RE-3_R3_CH28_A 95.9846 95.9911 95.9965 96.0009 96.0045 9.76307 9.86307
RE-3_R3_CH28_B 94.9812 94.986 94.9899 94.993 94.9955 9.7814 9.8814
RE-3_R3_CH28_C 98.5152 98.5184 98.521 98.523 98.5246 9.67531 9.77531
RE-3_R3_CH29_B 97.0771 97.0807 97.0836 97.0859 97.0877 9.72785 9.82785
RE-3_R3_CH29_C 97.1958 97.1997 97.2028 97.2053 97.2072 9.69895 9.79895
RE-3_R3_CH31_A 95.9954 96.0043 96.0116 96.0176 96.0226 9.55261 9.65261
RE-3_R3_CH31_B 98.6919 98.695 98.6975 98.6995 98.701 9.51813 9.61813
RE-3_R3_CH31_C 97.8957 97.9009 97.9052 97.9086 97.9114 9.49416 9.59416
RE-3_R3_CH32_A 95.9806 95.9899 95.9975 96.0039 96.0092 9.68642 9.78642
RE-3_R3_CH32_B 97.1156 97.122 97.1272 97.1315 97.135 9.71709 9.81709
RE-3_R3_CH32_C 99.2161 99.22 99.2231 99.2256 99.2276 9.55811 9.65811
RE-3_R3_CH33_A 94.2012 94.2059 94.2097 94.2128 94.2153 9.61023 9.71023
RE-3_R3_CH33_B 97.5922 97.5962 97.5995 97.6021 97.6041 9.60279 9.70279
RE-3_R3_CH33_C 97.1605 97.1687 97.1754 97.181 97.1855 9.5932 9.6932
RE-3_R3_CH34_A 91.1557 91.1687 91.1797 91.189 91.1969 9.73627 9.83627
RE-3_R3_CH34_B 97.0174 97.02 97.022 97.0236 97.0249 9.54386 9.64386
RE-3_R3_CH34_C 97.488 97.491 97.4933 97.4952 97.4966 9.48517 9.58517
RE-3_R3_CH35_A 95.4791 95.4821 95.4843 95.4861 95.4875 9.54432 9.64432
RE-3_R3_CH35_B 97.6556 97.6574 97.6588 97.6599 97.6607 9.60977 9.70977
RE-3_R3_CH35_C 97.296 97.3011 97.3053 97.3086 97.3113 9.64051 9.74051
RE-3_R3_CH36_A 95.2973 95.3066 95.3142 95.3206 95.3259 9.72059 9.82059
RE-3_R3_CH36_B 96.4983 96.5017 96.5043 96.5064 96.508 9.61148 9.71148
RE-3_R3_CH36_C 98.4573 98.4637 98.4689 98.4731 98.4766 9.63418 9.73418
RE+1_R2_CH01_A 99.0118 99.021 99.0285 99.0348 99.04 9.3279 9.4279
RE+1_R2_CH01_B 97.8526 97.8615 97.8688 97.8749 97.8799 9.4602 9.5602
RE+1_R2_CH01_C 96.0737 96.0868 96.0978 96.1072 96.1151 9.50365 9.60365
RE+1_R2_CH02_A 98.5632 98.5696 98.5747 98.579 98.5824 9.30915 9.40915
RE+1_R2_CH02_B 98.5594 98.5662 98.5719 98.5765 98.5803 9.42691 9.52691
RE+1_R2_CH02_C 98.0641 98.0696 98.0741 98.0777 98.0806 9.3838 9.4838
RE+1_R2_CH03_A 99.4423 99.4561 99.4678 99.4776 99.486 9.41167 9.51167
RE+1_R2_CH03_B 99.5638 99.5718 99.5784 99.5838 99.5883 9.41732 9.51732
RE+1_R2_CH03_C 98.4329 98.4403 98.4463 98.4513 98.4553 9.34844 9.44844
RE+1_R2_CH04_A 99.6134 99.6373 99.6582 99.6764 99.6923 9.34659 9.44659
RE+1_R2_CH04_C 99.4934 99.5026 99.5102 99.5165 99.5217 9.31298 9.41298
RE+1_R2_CH05_A 99.4143 99.4309 99.445 99.4571 99.4673 9.39601 9.49601
RE+1_R2_CH05_B 99.0848 99.0967 99.1067 99.1152 99.1223 9.43958 9.53958
RE+1_R2_CH05_C 97.7864 97.7976 97.807 97.8148 97.8214 9.44093 9.54093
RE+1_R2_CH06_A 99.6767 99.685 99.692 99.6976 99.7023 9.39282 9.49282
RE+1_R2_CH06_C 99.8123 99.8214 99.8289 99.8352 99.8403 9.36634 9.46634
RE+1_R2_CH07_A 99.8151 99.8226 99.8287 99.8338 99.8379 9.39132 9.49132
RE+1_R2_CH07_B 99.4589 99.4651 99.4702 99.4743 99.4777 9.38476 9.48476
RE+1_R2_CH07_C 98.9995 99.0064 99.012 99.0165 99.0203 9.38845 9.48845
RE+1_R2_CH08_A 98.3228 98.3297 98.3353 98.3399 98.3436 9.36761 9.46761
RE+1_R2_CH08_B 98.6028 98.6116 98.6188 98.6248 98.6298 9.41995 9.51995
RE+1_R2_CH08_C 98.6393 98.6481 98.6554 98.6615 98.6665 9.409 9.509
RE+1_R2_CH09_A 99.3676 99.3677 99.3677 99.3677 99.3678 9.29801 9.39801
RE+1_R2_CH09_B 98.6976 98.6993 98.7006 98.7015 98.7023 9.38354 9.48354
RE+1_R2_CH09_C 98.9711 98.9748 98.9777 98.9801 98.9819 9.39034 9.49034
RE+1_R2_CH10_A 99.6196 99.6296 99.638 99.645 99.6508 9.44232 9.54232
RE+1_R2_CH10_B 99.4059 99.413 99.4188 99.4236 99.4274 9.35753 9.45753
RE+1_R2_CH10_C 99.3596 99.3637 99.367 99.3696 99.3717 9.27657 9.37657
RE+1_R2_CH11_A 99.9494 99.957 99.9632 99.9683 99.9725 9.42511 9.52511
RE+1_R2_CH12_A 99.3737 99.3797 99.3846 99.3886 99.3918 9.30346 9.40346
RE+1_R2_CH12_B 98.8217 98.8298 98.8364 98.8419 98.8464 9.32808 9.42808
RE+1_R2_CH12_C 99.5653 99.5735 99.5802 99.5857 99.5902 9.31688 9.41688
RE+1_R2_CH13_A 99.436 99.4451 99.4525 99.4587 99.4638 9.38163 9.48163
RE+1_R2_CH13_B 99.2658 99.2756 99.2838 99.2906 99.2963 9.37727 9.47727
RE+1_R2_CH13_C 98.497 98.5056 98.5128 98.5186 98.5235 9.35416 9.45416
RE+1_R2_CH14_A 99.0878 99.0893 99.0905 99.0913 99.092 9.26236 9.36236
RE+1_R2_CH14_B 99.6487 99.6555 99.6611 99.6656 99.6693 9.24421 9.34421
RE+1_R2_CH14_C 99.4019 99.4155 99.427 99.4367 99.4449 9.26374 9.36374
RE+1_R2_CH15_A 98.4019 98.406 98.4093 98.4119 98.414 9.36196 9.46196
RE+1_R2_CH15_B 99.096 99.1027 99.1082 99.1127 99.1164 9.41192 9.51192
RE+1_R2_CH15_C 99.5805 99.5866 99.5916 99.5956 99.5989 9.44011 9.54011
RE+1_R2_CH16_A 98.8723 98.8778 98.8822 98.8858 98.8886 9.32732 9.42732
RE+1_R2_CH16_B 97.8343 97.8475 97.8587 97.8681 97.876 9.50497 9.60497
RE+1_R2_CH16_C 98.0541 98.0596 98.064 98.0676 98.0705 9.38614 9.48614
RE+1_R2_CH19_A 98.3494 98.3543 98.3582 98.3613 98.3638 9.33179 9.43179
RE+1_R2_CH19_B 98.2393 98.2452 98.25 98.2539 98.257 9.37374 9.47374
RE+1_R2_CH19_C 96.0658 96.0735 96.0798 96.0849 96.0892 9.41225 9.51225
RE+1_R2_CH20_A 98.764 98.7719 98.7785 98.7839 98.7883 9.42432 9.52432
RE+1_R2_CH20_B 98.9388 98.9501 98.9596 98.9675 98.9741 9.49223 9.59223
RE+1_R2_CH20_C 98.6158 98.6244 98.6315 98.6373 98.6421 9.48016 9.58016
RE+1_R2_CH21_A 95.3596 95.3698 95.3783 95.3854 95.3913 9.6196 9.7196
RE+1_R2_CH21_B 99.0551 99.0606 99.065 99.0686 99.0715 9.56014 9.66014
RE+1_R2_CH22_A 98.5447 98.5507 98.5556 98.5596 98.5628 9.44347 9.54347
RE+1_R2_CH22_B 99.6324 99.6393 99.6448 99.6494 99.6531 9.43017 9.53017
RE+1_R2_CH22_C 98.6909 98.6967 98.7014 98.7052 98.7083 9.44786 9.54786
RE+1_R2_CH23_A 99.6556 99.6683 99.6789 99.6879 99.6955 9.68382 9.78382
RE+1_R2_CH23_B 98.8586 98.8641 98.8685 98.8721 98.875 9.54062 9.64062
RE+1_R2_CH23_C 98.2802 98.2896 98.2974 98.3038 98.3091 9.58756 9.68756
RE+1_R2_CH24_A 98.7956 98.7983 98.8004 98.8021 98.8034 9.4411 9.5411
RE+1_R2_CH24_B 99.0184 99.0213 99.0236 99.0254 99.0268 9.41448 9.51448
RE+1_R2_CH24_C 98.7959 98.7984 98.8004 98.802 98.8032 9.43413 9.53413
RE+1_R2_CH25_B 99.2461 99.2596 99.2709 99.2805 99.2887 9.49139 9.59139
RE+1_R2_CH25_C 99.1606 99.1729 99.1832 99.1918 99.1991 9.4189 9.5189
RE+1_R2_CH26_A 99.2152 99.2261 99.2352 99.2428 99.2492 9.55909 9.65909
RE+1_R2_CH26_B 99.247 99.2577 99.2668 99.2743 99.2805 9.48693 9.58693
RE+1_R2_CH26_C 98.7401 98.7483 98.755 98.7605 98.765 9.42463 9.52463
RE+1_R2_CH27_A 99.7347 99.7389 99.7423 99.745 99.7472 9.38561 9.48561
RE+1_R2_CH27_B 99.6283 99.6305 99.6323 99.6336 99.6347 9.39974 9.49974
RE+1_R2_CH27_C 98.6747 98.6788 98.6821 98.6847 98.6868 9.43436 9.53436
RE+1_R2_CH28_A 98.9566 98.9623 98.9669 98.9707 98.9737 9.41274 9.51274
RE+1_R2_CH28_B 99.7821 99.7873 99.7916 99.795 99.7978 9.46678 9.56678
RE+1_R2_CH28_C 98.9517 98.9562 98.9597 98.9625 98.9647 9.4564 9.5564
RE+1_R2_CH29_A 100.053 100.061 100.067 100.073 100.077 9.57473 9.67473
RE+1_R2_CH30_A 99.1118 99.1187 99.1243 99.1289 99.1327 9.45077 9.55077
RE+1_R2_CH30_B 97.266 97.28 97.2919 97.3021 97.3107 9.54302 9.64302
RE+1_R2_CH30_C 98.3781 98.3837 98.3881 98.3918 98.3947 9.44186 9.54186
RE+1_R2_CH31_A 99.8384 99.8409 99.8428 99.8443 99.8454 9.3498 9.4498
RE+1_R2_CH31_B 99.4936 99.4957 99.4974 99.4986 99.4996 9.37332 9.47332
RE+1_R2_CH31_C 99.4374 99.4405 99.4429 99.4448 99.4463 9.41919 9.51919
RE+1_R2_CH32_A 97.1325 97.1474 97.1602 97.171 97.1802 9.67203 9.77203
RE+1_R2_CH32_B 97.199 97.208 97.2154 97.2215 97.2266 9.59445 9.69445
RE+1_R2_CH32_C 96.0993 96.1075 96.1142 96.1198 96.1244 9.61283 9.71283
RE+1_R2_CH33_A 95.9314 95.9393 95.9458 95.9511 95.9555 9.71468 9.81468
RE+1_R2_CH33_B 94.9033 94.9138 94.9226 94.9299 94.9361 9.72936 9.82936
RE+1_R2_CH33_C 94.9861 94.9959 95.0041 95.0109 95.0166 9.73867 9.83867
RE+1_R2_CH34_A 99.6692 99.6728 99.6756 99.6779 99.6796 9.372 9.472
RE+1_R2_CH34_B 99.8289 99.8343 99.8387 99.8422 99.8451 9.37498 9.47498
RE+1_R2_CH34_C 99.2234 99.2286 99.2329 99.2363 99.2391 9.43224 9.53224
RE+1_R2_CH35_A 98.8293 98.8454 98.8591 98.8709 98.8809 9.54673 9.64673
RE+1_R2_CH35_B 99.0042 99.0128 99.02 99.0258 99.0307 9.47144 9.57144
RE+1_R2_CH35_C 98.1528 98.1675 98.1799 98.1905 98.1995 9.53699 9.63699
RE+1_R2_CH36_A 98.5899 98.5977 98.6041 98.6093 98.6136 9.38219 9.48219
RE+1_R2_CH36_B 98.5528 98.5587 98.5635 98.5674 98.5706 9.44608 9.54608
RE+1_R2_CH36_C 99.0852 99.0904 99.0945 99.0978 99.1005 9.41652 9.51652
RE+1_R3_CH01_B 97.3212 97.3271 97.3319 97.3357 97.3388 9.44386 9.54386
RE+1_R3_CH01_C 98.0999 98.1014 98.1026 98.1035 98.1042 9.32662 9.42662
RE+1_R3_CH02_B 99.0716 99.0795 99.086 99.0914 99.0957 9.50221 9.60221
RE+1_R3_CH02_C 99.2707 99.2729 99.2746 99.2759 99.277 9.35337 9.45337
RE+1_R3_CH03_B 99.5215 99.5253 99.5283 99.5307 99.5326 9.47579 9.57579
RE+1_R3_CH03_C 98.8205 98.8274 98.833 98.8375 98.8412 9.46605 9.56605
RE+1_R3_CH04_B 98.8218 98.8377 98.8513 98.8629 98.8728 9.55729 9.65729
RE+1_R3_CH05_B 97.7488 97.7586 97.7668 97.7737 97.7794 9.47006 9.57006
RE+1_R3_CH05_C 98.9679 98.9707 98.9729 98.9746 98.9759 9.3691 9.4691
RE+1_R3_CH06_B 98.7807 98.7848 98.788 98.7906 98.7927 9.38451 9.48451
RE+1_R3_CH06_C 99.3705 99.3727 99.3745 99.3758 99.3769 9.3178 9.4178
RE+1_R3_CH07_B 98.158 98.1625 98.1661 98.169 98.1713 9.42876 9.52876
RE+1_R3_CH07_C 97.8876 97.8918 97.8952 97.898 97.9001 9.36771 9.46771
RE+1_R3_CH08_B 98.5889 98.5924 98.5952 98.5974 98.5991 9.31926 9.41926
RE+1_R3_CH08_C 99.2254 99.2315 99.2364 99.2404 99.2437 9.29131 9.39131
RE+1_R3_CH09_B 99.1029 99.1065 99.1094 99.1117 99.1135 9.32017 9.42017
RE+1_R3_CH09_C 99.1857 99.187 99.1881 99.1889 99.1895 9.23976 9.33976
RE+1_R3_CH10_B 98.33 98.3349 98.3388 98.342 98.3445 9.37226 9.47226
RE+1_R3_CH10_C 99.2336 99.2372 99.2401 99.2424 99.2443 9.33553 9.43553
RE+1_R3_CH11_B 97.767 97.7712 97.7745 97.7772 97.7792 9.30893 9.40893
RE+1_R3_CH11_C 99.3442 99.3504 99.3555 99.3595 99.3628 9.25532 9.35532
RE+1_R3_CH12_B 99.7512 99.7536 99.7555 99.757 99.7581 9.34928 9.44928
RE+1_R3_CH12_C 98.969 98.9713 98.973 98.9744 98.9755 9.3337 9.4337
RE+1_R3_CH13_B 98.9457 98.9502 98.9538 98.9567 98.959 9.35854 9.45854
RE+1_R3_CH13_C 99.6218 99.6281 99.6332 99.6373 99.6407 9.42634 9.52634
RE+1_R3_CH14_B 98.8263 98.8289 98.8309 98.8325 98.8337 9.42613 9.52613
RE+1_R3_CH14_C 99.1282 99.1335 99.1378 99.1413 99.144 9.51732 9.61732
RE+1_R3_CH15_B 98.8855 98.8897 98.8931 98.8957 98.8979 9.45208 9.55208
RE+1_R3_CH15_C 99.7085 99.7106 99.7122 99.7134 99.7144 9.40048 9.50048
RE+1_R3_CH16_B 98.3664 98.3724 98.3772 98.3811 98.3843 9.48427 9.58427
RE+1_R3_CH16_C 98.9837 98.9879 98.9912 98.9939 98.996 9.44187 9.54187
RE+1_R3_CH17_B 98.3363 98.3381 98.3395 98.3406 98.3414 9.38345 9.48345
RE+1_R3_CH17_C 98.7697 98.7718 98.7734 98.7746 98.7755 9.35559 9.45559
RE+1_R3_CH18_B 98.3657 98.373 98.3789 98.3837 98.3877 9.45763 9.55763
RE+1_R3_CH18_C 99.3471 99.3502 99.3526 99.3545 99.356 9.40818 9.50818
RE+1_R3_CH19_B 98.4106 98.4182 98.4244 98.4295 98.4337 9.52468 9.62468
RE+1_R3_CH19_C 98.8635 98.8643 98.865 98.8654 98.8658 9.42098 9.52098
RE+1_R3_CH20_B 98.7531 98.7569 98.7598 98.7622 98.7641 9.48969 9.58969
RE+1_R3_CH20_C 99.6431 99.6446 99.6457 99.6466 99.6472 9.44707 9.54707
RE+1_R3_CH21_B 97.6103 97.6135 97.616 97.618 97.6196 9.4596 9.5596
RE+1_R3_CH21_C 99.1243 99.1256 99.1266 99.1274 99.1279 9.39071 9.49071
RE+1_R3_CH22_B 99.2866 99.2919 99.2961 99.2995 99.3022 9.51179 9.61179
RE+1_R3_CH22_C 99.0848 99.0878 99.0901 99.092 99.0934 9.40314 9.50314
RE+1_R3_CH23_B 98.5678 98.5714 98.5742 98.5765 98.5783 9.54579 9.64579
RE+1_R3_CH23_C 98.7945 98.801 98.8062 98.8105 98.814 9.51135 9.61135
RE+1_R3_CH24_B 99.4721 99.475 99.4773 99.4791 99.4804 9.50198 9.60198
RE+1_R3_CH24_C 98.9441 98.9494 98.9537 98.9572 98.9599 9.55583 9.65583
RE+1_R3_CH26_B 98.9074 98.9105 98.913 98.915 98.9165 9.5268 9.6268
RE+1_R3_CH26_C 97.477 97.4812 97.4846 97.4873 97.4894 9.57275 9.67275
RE+1_R3_CH27_B 98.6814 98.6875 98.6925 98.6966 98.6999 9.61413 9.71413
RE+1_R3_CH27_C 98.5782 98.58 98.5813 98.5823 98.5831 9.52894 9.62894
RE+1_R3_CH28_B 98.2019 98.2041 98.2057 98.207 98.208 9.49033 9.59033
RE+1_R3_CH28_C 98.7906 98.7969 98.802 98.8062 98.8095 9.53195 9.63195
RE+1_R3_CH29_B 96.1037 96.1069 96.1095 96.1115 96.1131 9.54515 9.64515
RE+1_R3_CH29_C 98.3614 98.366 98.3697 98.3726 98.375 9.54068 9.64068
RE+1_R3_CH30_B 93.5287 93.5295 93.5301 93.5305 93.5308 9.50253 9.60253
RE+1_R3_CH30_C 99.5699 99.5707 99.5713 99.5718 99.5721 9.48943 9.58943
RE+1_R3_CH31_B 96.3363 96.3458 96.3537 96.3602 96.3657 9.58303 9.68303
RE+1_R3_CH31_C 97.3788 97.384 97.3883 97.3917 97.3944 9.51581 9.61581
RE+1_R3_CH32_B 98.0607 98.0673 98.0727 98.0771 98.0806 9.55676 9.65676
RE+1_R3_CH32_C 98.9293 98.9319 98.9339 98.9354 98.9367 9.47225 9.57225
RE+1_R3_CH33_B 97.084 97.0921 97.0988 97.1043 97.1088 9.68323 9.78323
RE+1_R3_CH33_C 98.4216 98.4263 98.4301 98.4331 98.4356 9.66999 9.76999
RE+1_R3_CH34_B 97.9593 97.971 97.9809 97.9891 97.996 9.61732 9.71732
RE+1_R3_CH34_C 98.8522 98.8537 98.8548 98.8557 98.8564 9.48504 9.58504
RE+1_R3_CH35_B 97.473 97.4755 97.4774 97.4789 97.48 9.48951 9.58951
RE+1_R3_CH35_C 98.8016 98.8115 98.8197 98.8265 98.8322 9.56675 9.66675
RE+1_R3_CH36_B 98.9694 98.9745 98.9786 98.9819 98.9846 9.50262 9.60262
RE+1_R3_CH36_C 99.4083 99.4108 99.4126 99.4141 99.4152 9.42022 9.52022
RE+2_R2_CH01_A 97.3338 97.3545 97.3724 97.388 97.4015 9.6068 9.7068
RE+2_R2_CH01_B 95.6007 95.6169 95.6307 95.6426 95.6527 9.72731 9.82731
RE+2_R2_CH01_C 97.0964 97.1079 97.1175 97.1256 97.1324 9.59909 9.69909
RE+2_R2_CH02_A 99.8802 99.8901 99.8983 99.9052 99.9109 9.49981 9.59981
RE+2_R2_CH02_B 99.2686 99.2745 99.2792 99.283 99.2861 9.39516 9.49516
RE+2_R2_CH02_C 99.0401 99.0465 99.0516 99.0558 99.0591 9.4271 9.5271
RE+2_R2_CH03_B 98.2985 98.3056 98.3114 98.3161 98.3199 9.43543 9.53543
RE+2_R2_CH03_C 99.3599 99.3659 99.3708 99.3748 99.378 9.35688 9.45688
RE+2_R2_CH04_A 97.7747 97.7819 97.7877 97.7925 97.7964 9.39152 9.49152
RE+2_R2_CH04_B 99.5444 99.5521 99.5584 99.5637 99.5679 9.44797 9.54797
RE+2_R2_CH04_C 99.751 99.7545 99.7572 99.7593 99.761 9.38388 9.48388
RE+2_R2_CH05_A 96.4894 96.5025 96.5136 96.5229 96.5309 9.48545 9.58545
RE+2_R2_CH05_B 97.9019 97.9082 97.9134 97.9176 97.9211 9.36116 9.46116
RE+2_R2_CH05_C 99.2434 99.2489 99.2533 99.2568 99.2596 9.39709 9.49709
RE+2_R2_CH06_A 96.5346 96.5416 96.5472 96.5519 96.5557 9.41021 9.51021
RE+2_R2_CH06_B 100.053 100.062 100.07 100.076 100.081 9.49046 9.59046
RE+2_R2_CH06_C 98.0658 98.0755 98.0835 98.0901 98.0956 9.53695 9.63695
RE+2_R2_CH07_A 98.141 98.1559 98.1686 98.1793 98.1884 9.55769 9.65769
RE+2_R2_CH07_B 98.6449 98.6523 98.6584 98.6633 98.6674 9.4173 9.5173
RE+2_R2_CH07_C 99.1963 99.2021 99.2068 99.2106 99.2137 9.39627 9.49627
RE+2_R2_CH08_A 99.4782 99.4924 99.5045 99.5147 99.5234 9.51763 9.61763
RE+2_R2_CH08_B 97.2757 97.2875 97.2974 97.3057 97.3127 9.59971 9.69971
RE+2_R2_CH08_C 99.3324 99.3368 99.3402 99.343 99.3452 9.34734 9.44734
RE+2_R2_CH09_A 97.9085 97.9199 97.9295 97.9375 97.9441 9.46557 9.56557
RE+2_R2_CH09_B 98.3755 98.3798 98.3833 98.386 98.3882 9.35448 9.45448
RE+2_R2_CH09_C 99.591 99.594 99.5963 99.5981 99.5995 9.30901 9.40901
RE+2_R2_CH10_A 99.1641 99.1723 99.1789 99.1844 99.1889 9.38934 9.48934
RE+2_R2_CH10_B 99.4679 99.4756 99.4819 99.4871 99.4914 9.42238 9.52238
RE+2_R2_CH10_C 99.6065 99.6128 99.6178 99.6219 99.6253 9.40476 9.50476
RE+2_R2_CH11_A 98.73 98.7419 98.752 98.7604 98.7674 9.40628 9.50628
RE+2_R2_CH11_B 98.7685 98.7756 98.7814 98.7861 98.79 9.41534 9.51534
RE+2_R2_CH11_C 99.4773 99.4833 99.4882 99.4921 99.4953 9.37618 9.47618
RE+2_R2_CH12_A 98.6376 98.6492 98.659 98.6672 98.674 9.43649 9.53649
RE+2_R2_CH12_B 99.5534 99.5648 99.5743 99.5822 99.5888 9.45962 9.55962
RE+2_R2_CH12_C 99.8678 99.8744 99.8798 99.8842 99.8878 9.37019 9.47019
RE+2_R2_CH13_A 96.9735 96.9819 96.9888 96.9944 96.9991 9.37796 9.47796
RE+2_R2_CH13_B 97.5476 97.5547 97.5605 97.5653 97.5692 9.35917 9.45917
RE+2_R2_CH13_C 99.0356 99.0415 99.0463 99.0502 99.0534 9.38059 9.48059
RE+2_R2_CH14_A 98.0222 98.0373 98.0502 98.0611 98.0704 9.53533 9.63533
RE+2_R2_CH14_B 99.5085 99.5175 99.5249 99.5311 99.5362 9.4702 9.5702
RE+2_R2_CH14_C 99.2429 99.2489 99.2537 99.2577 99.2608 9.43135 9.53135
RE+2_R2_CH15_A 97.785 97.7977 97.8084 97.8174 97.8249 9.67095 9.77095
RE+2_R2_CH15_B 98.1317 98.136 98.1395 98.1422 98.1444 9.36429 9.46429
RE+2_R2_CH15_C 99.2501 99.2526 99.2545 99.2559 99.257 9.29868 9.39868
RE+2_R2_CH16_A 98.1166 98.1263 98.1344 98.1411 98.1467 9.48189 9.58189
RE+2_R2_CH16_B 99.4486 99.4545 99.4594 99.4633 99.4665 9.48339 9.58339
RE+2_R2_CH16_C 99.868 99.8715 99.8743 99.8765 99.8782 9.39822 9.49822
RE+2_R2_CH17_A 98.18 98.1858 98.1904 98.1942 98.1973 9.36998 9.46998
RE+2_R2_CH17_B 96.5773 96.5822 96.5862 96.5894 96.5919 9.34478 9.44478
RE+2_R2_CH17_C 99.1266 99.1352 99.1423 99.1482 99.153 9.41517 9.51517
RE+2_R2_CH18_A 96.3175 96.3304 96.3413 96.3505 96.3583 9.63604 9.73604
RE+2_R2_CH18_B 98.5853 98.5934 98.6001 98.6056 98.61 9.61505 9.71505
RE+2_R2_CH18_C 99.3934 99.3999 99.4051 99.4094 99.4129 9.55834 9.65834
RE+2_R2_CH19_A 96.82 96.828 96.8346 96.8401 96.8446 9.46716 9.56716
RE+2_R2_CH19_B 96.9608 96.9686 96.975 96.9803 96.9847 9.43123 9.53123
RE+2_R2_CH19_C 98.6243 98.6339 98.6418 98.6483 98.6537 9.42821 9.52821
RE+2_R2_CH20_B 99.3015 99.3218 99.3393 99.3544 99.3674 9.69362 9.79362
RE+2_R2_CH20_C 98.5638 98.573 98.5807 98.5871 98.5923 9.56463 9.66463
RE+2_R2_CH21_A 98.2437 98.2527 98.2601 98.2663 98.2714 9.43959 9.53959
RE+2_R2_CH21_B 98.0617 98.0699 98.0768 98.0824 98.087 9.43676 9.53676
RE+2_R2_CH21_C 99.4579 99.4639 99.4688 99.4727 99.4759 9.40126 9.50126
RE+2_R2_CH22_A 98.4603 98.4657 98.4701 98.4736 98.4765 9.49789 9.59789
RE+2_R2_CH22_B 98.4956 98.5018 98.5069 98.511 98.5143 9.54745 9.64745
RE+2_R2_CH22_C 99.0064 99.0131 99.0185 99.023 99.0266 9.47539 9.57539
RE+2_R2_CH23_B 95.2382 95.2487 95.2575 95.2649 95.2711 9.6368 9.7368
RE+2_R2_CH23_C 97.86 97.8792 97.8957 97.91 97.9222 9.69334 9.79334
RE+2_R2_CH24_A 98.0662 98.0721 98.077 98.081 98.0842 9.53419 9.63419
RE+2_R2_CH24_B 99.9319 99.9364 99.9399 99.9428 99.945 9.45621 9.55621
RE+2_R2_CH24_C 99.5884 99.5919 99.5946 99.5968 99.5985 9.42849 9.52849
RE+2_R2_CH25_A 95.7 95.707 95.7127 95.7174 95.7212 9.44043 9.54043
RE+2_R2_CH25_B 96.8199 96.83 96.8384 96.8453 96.8511 9.48461 9.58461
RE+2_R2_CH25_C 98.5962 98.6053 98.6129 98.6191 98.6243 9.50397 9.60397
RE+2_R2_CH26_A 97.3033 97.3094 97.3143 97.3183 97.3215 9.55692 9.65692
RE+2_R2_CH26_B 98.0188 98.0274 98.0346 98.0405 98.0453 9.61081 9.71081
RE+2_R2_CH26_C 96.5705 96.574 96.5767 96.5788 96.5805 9.52088 9.62088
RE+2_R2_CH27_A 97.7644 97.77 97.7746 97.7783 97.7813 9.52082 9.62082
RE+2_R2_CH27_B 98.002 98.0118 98.0199 98.0267 98.0324 9.61003 9.71003
RE+2_R2_CH27_C 99.4715 99.4768 99.4811 99.4845 99.4873 9.53667 9.63667
RE+2_R2_CH28_A 99.2234 99.2301 99.2355 99.2399 99.2435 9.4959 9.5959
RE+2_R2_CH28_B 99.7109 99.7171 99.722 99.7261 99.7293 9.50196 9.60196
RE+2_R2_CH28_C 99.8478 99.8561 99.863 99.8687 99.8733 9.46856 9.56856
RE+2_R2_CH29_A 96.6545 96.6595 96.6636 96.6668 96.6694 9.50329 9.60329
RE+2_R2_CH29_B 98.2347 98.2393 98.2429 98.2458 98.2482 9.48133 9.58133
RE+2_R2_CH29_C 99.1002 99.1026 99.1045 99.1059 99.107 9.41558 9.51558
RE+2_R2_CH30_A 99.8276 99.8422 99.8546 99.8652 99.8741 9.57762 9.67762
RE+2_R2_CH30_B 99.439 99.4433 99.4467 99.4494 99.4516 9.46224 9.56224
RE+2_R2_CH30_C 99.4739 99.4772 99.4798 99.4818 99.4834 9.39011 9.49011
RE+2_R2_CH31_A 98.6227 98.6339 98.6433 98.6512 98.6578 9.59883 9.69883
RE+2_R2_CH31_B 98.5346 98.5378 98.5403 98.5423 98.5438 9.43089 9.53089
RE+2_R2_CH31_C 99.3225 99.3261 99.329 99.3312 99.333 9.39455 9.49455
RE+2_R2_CH32_A 99.6134 99.6215 99.6283 99.6338 99.6384 9.58845 9.68845
RE+2_R2_CH32_B 99.6129 99.6178 99.6218 99.625 99.6275 9.43158 9.53158
RE+2_R2_CH32_C 99.7092 99.7116 99.7134 99.7149 99.716 9.38151 9.48151
RE+2_R2_CH33_A 95.79 95.8008 95.8098 95.8173 95.8236 9.51954 9.61954
RE+2_R2_CH33_B 97.69 97.6944 97.6979 97.7007 97.7029 9.37486 9.47486
RE+2_R2_CH33_C 97.9429 97.9454 97.9474 97.9489 97.9501 9.34813 9.44813
RE+2_R2_CH34_A 98.0044 98.014 98.0221 98.0287 98.0343 9.49626 9.59626
RE+2_R2_CH34_B 99.5792 99.5861 99.5918 99.5964 99.6002 9.47801 9.57801
RE+2_R2_CH34_C 99.4962 99.4996 99.5023 99.5045 99.5062 9.40109 9.50109
RE+2_R2_CH35_A 96.5415 96.5556 96.5676 96.5777 96.5864 9.57994 9.67994
RE+2_R2_CH35_B 98.4898 98.4936 98.4966 98.499 98.5009 9.42719 9.52719
RE+2_R2_CH35_C 99.2675 99.2728 99.2771 99.2805 99.2833 9.382 9.482
RE+2_R2_CH36_A 96.9883 97.0088 97.0266 97.042 97.0554 9.73083 9.83083
RE+2_R2_CH36_B 97.6388 97.6517 97.6627 97.6719 97.6797 9.68681 9.78681
RE+2_R2_CH36_C 95.8039 95.8102 95.8152 95.8193 95.8227 9.58644 9.68644
RE+2_R3_CH01_B 96.1811 96.1906 96.1986 96.2052 96.2106 9.48604 9.58604
RE+2_R3_CH01_C 95.7919 95.8048 95.8157 95.825 95.8328 9.52912 9.62912
RE+2_R3_CH02_B 99.2844 99.3016 99.3163 99.3288 99.3396 9.64049 9.74049
RE+2_R3_CH02_C 99.436 99.4422 99.4472 99.4512 99.4545 9.45925 9.55925
RE+2_R3_CH03_B 93.7343 93.7535 93.7701 93.7844 93.7968 9.61902 9.71902
RE+2_R3_CH03_C 97.5678 97.5817 97.5936 97.6036 97.6121 9.5661 9.6661
RE+2_R3_CH04_B 99.3345 99.3387 99.3422 99.3449 99.3471 9.38252 9.48252
RE+2_R3_CH04_C 99.0933 99.0964 99.0988 99.1007 99.1022 9.28732 9.38732
RE+2_R3_CH05_B 95.8472 95.8654 95.881 95.8944 95.906 9.67135 9.77135
RE+2_R3_CH05_C 97.0502 97.0655 97.0785 97.0896 97.099 9.55584 9.65584
RE+2_R3_CH06_B 97.6834 97.6917 97.6985 97.7042 97.7088 9.51047 9.61047
RE+2_R3_CH06_C 99.1015 99.1078 99.113 99.1171 99.1205 9.45526 9.55526
RE+2_R3_CH07_B 96.7496 96.7617 96.7719 96.7805 96.7877 9.47556 9.57556
RE+2_R3_CH07_C 96.9723 96.9776 96.9818 96.9853 96.9881 9.35989 9.45989
RE+2_R3_CH08_C 99.0897 99.1011 99.1106 99.1186 99.1253 9.3991 9.4991
RE+2_R3_CH09_B 97.4363 97.4408 97.4444 97.4473 97.4496 9.41837 9.51837
RE+2_R3_CH09_C 94.8769 94.8927 94.9061 94.9176 94.9273 9.48563 9.58563
RE+2_R3_CH10_B 99.1505 99.1564 99.1612 99.1651 99.1683 9.42658 9.52658
RE+2_R3_CH10_C 99.4983 99.5042 99.509 99.5129 99.516 9.41543 9.51543
RE+2_R3_CH11_C 92.1198 92.1341 92.1463 92.1566 92.1655 9.5279 9.6279
RE+2_R3_CH12_B 99.1702 99.172 99.1733 99.1743 99.1751 9.29988 9.39988
RE+2_R3_CH12_C 99.3318 99.3349 99.3373 99.3392 99.3407 9.26039 9.36039
RE+2_R3_CH13_B 98.6651 98.6793 98.6914 98.7017 98.7104 9.45592 9.55592
RE+2_R3_CH13_C 96.2514 96.2599 96.2669 96.2728 96.2776 9.37185 9.47185
RE+2_R3_CH14_B 98.27 98.2896 98.3065 98.3211 98.3337 9.56551 9.66551
RE+2_R3_CH14_C 99.0841 99.0923 99.0991 99.1048 99.1094 9.43351 9.53351
RE+2_R3_CH15_B 97.029 97.0349 97.0396 97.0434 97.0465 9.37524 9.47524
RE+2_R3_CH15_C 95.164 95.1748 95.1839 95.1915 95.1979 9.46824 9.56824
RE+2_R3_CH16_B 99.2218 99.2298 99.2363 99.2417 99.2461 9.42388 9.52388
RE+2_R3_CH16_C 99.2837 99.2908 99.2966 99.3014 99.3052 9.3662 9.4662
RE+2_R3_CH17_C 97.7632 97.7755 97.7858 97.7945 97.8017 9.49762 9.59762
RE+2_R3_CH18_B 98.0751 98.083 98.0896 98.095 98.0994 9.52601 9.62601
RE+2_R3_CH18_C 98.8545 98.8617 98.8676 98.8724 98.8763 9.44227 9.54227
RE+2_R3_CH19_B 96.7073 96.7131 96.7178 96.7216 96.7247 9.51167 9.61167
RE+2_R3_CH19_C 96.7056 96.714 96.7209 96.7267 96.7314 9.44196 9.54196
RE+2_R3_CH20_B 98.6499 98.6525 98.6544 98.656 98.6572 9.41059 9.51059
RE+2_R3_CH20_C 98.6727 98.6817 98.6892 98.6954 98.7005 9.50054 9.60054
RE+2_R3_CH21_B 98.7367 98.7437 98.7493 98.754 98.7577 9.46317 9.56317
RE+2_R3_CH21_C 96.7238 96.729 96.7332 96.7365 96.7392 9.43439 9.53439
RE+2_R3_CH22_B 98.2439 98.2485 98.2522 98.2552 98.2575 9.50661 9.60661
RE+2_R3_CH22_C 99.4711 99.4763 99.4805 99.4839 99.4866 9.42228 9.52228
RE+2_R3_CH23_B 97.4444 97.451 97.4565 97.4609 97.4645 9.60907 9.70907
RE+2_R3_CH23_C 89.2873 89.3001 89.3109 89.32 89.3278 9.6388 9.7388
RE+2_R3_CH24_B 99.9455 99.9601 99.9724 99.9829 99.9917 9.58585 9.68585
RE+2_R3_CH24_C 99.2078 99.2142 99.2193 99.2235 99.2269 9.48604 9.58604
RE+2_R3_CH25_B 97.4416 97.4536 97.4636 97.4721 97.4792 9.57544 9.67544
RE+2_R3_CH25_C 96.7286 96.7371 96.7441 96.7498 96.7545 9.4732 9.5732
RE+2_R3_CH26_B 97.9117 97.9214 97.9294 97.936 97.9415 9.67572 9.77572
RE+2_R3_CH26_C 95.4661 95.4811 95.494 95.505 95.5143 9.66475 9.76475
RE+2_R3_CH27_B 96.248 96.2507 96.2528 96.2545 96.2558 9.4965 9.5965
RE+2_R3_CH27_C 96.6072 96.6195 96.6298 96.6386 96.6459 9.61241 9.71241
RE+2_R3_CH28_B 98.7931 98.7969 98.7999 98.8023 98.8042 9.49952 9.59952
RE+2_R3_CH28_C 99.423 99.4276 99.4312 99.4342 99.4365 9.45603 9.55603
RE+2_R3_CH29_B 91.5695 91.5915 91.6107 91.6275 91.6422 10.0187 10.1187
RE+2_R3_CH29_C 97.0237 97.0317 97.0383 97.0437 97.0482 9.51758 9.61758
RE+2_R3_CH30_B 98.6852 98.6864 98.6872 98.6879 98.6884 9.4234 9.5234
RE+2_R3_CH30_C 99.543 99.5556 99.5663 99.5752 99.5828 9.55151 9.65151
RE+2_R3_CH31_B 95.9803 95.9906 95.9992 96.0064 96.0123 9.54527 9.64527
RE+2_R3_CH31_C 94.8551 94.8641 94.8715 94.8777 94.8828 9.55001 9.65001
RE+2_R3_CH32_B 97.6208 97.6288 97.6353 97.6407 97.6452 9.61203 9.71203
RE+2_R3_CH32_C 98.9316 98.9413 98.9494 98.9561 98.9617 9.52932 9.62932
RE+2_R3_CH33_B 88.3843 88.3895 88.3938 88.3972 88.4 9.73302 9.83302
RE+2_R3_CH34_B 98.6353 98.6372 98.6386 98.6397 98.6405 9.38544 9.48544
RE+2_R3_CH34_C 99.3504 99.354 99.3568 99.3591 99.3608 9.42603 9.52603
RE+2_R3_CH35_B 95.9651 95.9742 95.9818 95.988 95.9932 9.50903 9.60903
RE+2_R3_CH35_C 96.2971 96.3128 96.3262 96.3377 96.3474 9.57528 9.67528
RE+2_R3_CH36_B 98.8924 98.8991 98.9045 98.9089 98.9125 9.47324 9.57324
RE+2_R3_CH36_C 98.9374 98.9432 98.9478 98.9516 98.9546 9.46755 9.56755
RE+3_R2_CH01_A 96.9912 97.0032 97.0134 97.0219 97.029 9.64767 9.74767
RE+3_R2_CH01_B 94.179 94.1846 94.1892 94.1929 94.1959 9.58441 9.68441
RE+3_R2_CH02_A 95.0249 95.0361 95.0455 95.0534 95.0599 9.48136 9.58136
RE+3_R2_CH02_B 96.354 96.3585 96.3621 96.3649 96.3672 9.47437 9.57437
RE+3_R2_CH03_A 95.4893 95.4973 95.5039 95.5093 95.5137 9.46946 9.56946
RE+3_R2_CH03_B 95.2885 95.2934 95.2973 95.3005 95.303 9.49866 9.59866
RE+3_R2_CH04_A 92.3735 92.3847 92.3942 92.4021 92.4088 9.67875 9.77875
RE+3_R2_CH04_B 94.9858 94.9979 95.0081 95.0166 95.0238 9.67697 9.77697
RE+3_R2_CH05_A 96.687 96.6981 96.7075 96.7153 96.7219 9.61163 9.71163
RE+3_R2_CH05_B 96.9824 96.9865 96.9898 96.9923 96.9944 9.46623 9.56623
RE+3_R2_CH06_A 96.6523 96.6615 96.6691 96.6754 96.6806 9.41813 9.51813
RE+3_R2_CH06_B 96.942 96.9529 96.9621 96.9697 96.9761 9.62515 9.72515
RE+3_R2_CH07_A 95.3043 95.3166 95.3269 95.3355 95.3428 9.61229 9.71229
RE+3_R2_CH07_B 95.0921 95.0968 95.1007 95.1038 95.1063 9.60107 9.70107
RE+3_R2_CH08_A 90.8682 90.8809 90.8917 90.9009 90.9086 9.57696 9.67696
RE+3_R2_CH08_B 94.0686 94.0778 94.0854 94.0917 94.0969 9.56796 9.66796
RE+3_R2_CH09_A 96.9813 96.9922 97.0013 97.009 97.0154 9.61018 9.71018
RE+3_R2_CH09_B 96.0903 96.0968 96.1021 96.1064 96.11 9.58319 9.68319
RE+3_R2_CH10_A 98.4094 98.4262 98.4407 98.453 98.4635 9.45751 9.55751
RE+3_R2_CH10_B 97.0171 97.0254 97.0322 97.0379 97.0425 9.41986 9.51986
RE+3_R2_CH11_A 97.2998 97.3137 97.3255 97.3356 97.3441 9.64301 9.74301
RE+3_R2_CH11_B 94.4552 94.461 94.4657 94.4696 94.4727 9.5704 9.6704
RE+3_R2_CH12_A 98.871 98.8761 98.8801 98.8834 98.886 9.3768 9.4768
RE+3_R2_CH12_B 95.5508 95.5592 95.5662 95.5719 95.5766 9.47965 9.57965
RE+3_R2_CH13_A 96.8575 96.866 96.873 96.8789 96.8837 9.46839 9.56839
RE+3_R2_CH13_B 96.0744 96.0807 96.0859 96.0901 96.0935 9.50967 9.60967
RE+3_R2_CH14_A 95.7748 95.7846 95.7928 95.7995 95.8052 9.53297 9.63297
RE+3_R2_CH14_B 96.3033 96.3089 96.3134 96.3171 96.3201 9.51812 9.61812
RE+3_R2_CH15_A 98.471 98.484 98.495 98.5043 98.5122 9.59014 9.69014
RE+3_R2_CH15_B 96.3178 96.3291 96.3385 96.3465 96.3531 9.58189 9.68189
RE+3_R2_CH16_A 96.5983 96.6058 96.6119 96.6169 96.621 9.54522 9.64522
RE+3_R2_CH16_B 97.0934 97.1012 97.1077 97.113 97.1173 9.51247 9.61247
RE+3_R2_CH17_A 96.0386 96.0456 96.0514 96.0562 96.0601 9.51841 9.61841
RE+3_R2_CH17_B 94.0619 94.0661 94.0693 94.072 94.0741 9.4753 9.5753
RE+3_R2_CH18_A 96.3357 96.3427 96.3485 96.3532 96.357 9.55051 9.65051
RE+3_R2_CH18_B 96.4012 96.4049 96.4079 96.4102 96.4121 9.50075 9.60075
RE+3_R2_CH19_A 96.7156 96.7226 96.7283 96.7329 96.7367 9.57401 9.67401
RE+3_R2_CH19_B 96.1224 96.1275 96.1315 96.1348 96.1375 9.49867 9.59867
RE+3_R2_CH20_A 94.2173 94.2231 94.2278 94.2316 94.2347 9.56244 9.66244
RE+3_R2_CH20_B 97.9947 98.0017 98.0075 98.0122 98.0161 9.66608 9.76608
RE+3_R2_CH21_A 97.2417 97.2508 97.2583 97.2645 97.2697 9.60036 9.70036
RE+3_R2_CH21_B 96.7436 96.7487 96.7528 96.7561 96.7587 9.61371 9.71371
RE+3_R2_CH22_A 97.2274 97.2339 97.2393 97.2436 97.2472 9.64766 9.74766
RE+3_R2_CH22_B 96.9861 96.9902 96.9934 96.996 96.9981 9.56487 9.66487
RE+3_R2_CH23_A 98.1263 98.1375 98.1469 98.1548 98.1613 9.72626 9.82626
RE+3_R2_CH23_B 95.9424 95.947 95.9507 95.9536 95.9559 9.59268 9.69268
RE+3_R2_CH24_A 94.6916 94.6978 94.7029 94.7071 94.7105 9.54429 9.64429
RE+3_R2_CH24_B 98.1251 98.1351 98.1434 98.1503 98.1561 9.80972 9.90972
RE+3_R2_CH25_A 94.5042 94.5162 94.5264 94.5349 94.542 9.67944 9.77944
RE+3_R2_CH25_B 95.1075 95.1103 95.1124 95.1141 95.1155 9.61968 9.71968
RE+3_R2_CH26_A 96.4925 96.4985 96.5033 96.5072 96.5103 9.55222 9.65222
RE+3_R2_CH26_B 96.4998 96.5047 96.5086 96.5117 96.5142 9.63919 9.73919
RE+3_R2_CH27_A 96.3839 96.3891 96.3932 96.3966 96.3992 9.52999 9.62999
RE+3_R2_CH27_B 96.3401 96.3444 96.3479 96.3506 96.3528 9.60571 9.70571
RE+3_R2_CH28_A 98.8993 98.9073 98.9138 98.9191 98.9235 9.47487 9.57487
RE+3_R2_CH28_B 98.1231 98.128 98.132 98.1351 98.1377 9.46284 9.56284
RE+3_R2_CH29_A 96.9078 96.9198 96.9299 96.9384 96.9456 9.58091 9.68091
RE+3_R2_CH29_B 95.7296 95.7357 95.7407 95.7448 95.7481 9.49911 9.59911
RE+3_R2_CH30_A 92.3538 92.3598 92.3646 92.3686 92.3718 9.68919 9.78919
RE+3_R2_CH30_B 98.2339 98.2403 98.2455 98.2498 98.2532 9.65482 9.75482
RE+3_R2_CH31_A 97.7055 97.7184 97.7293 97.7384 97.7462 9.55668 9.65668
RE+3_R2_CH31_B 96.1053 96.112 96.1175 96.1219 96.1256 9.5739 9.6739
RE+3_R2_CH32_A 96.3619 96.3719 96.3803 96.3872 96.3929 9.60979 9.70979
RE+3_R2_CH32_B 97.4585 97.4624 97.4656 97.4681 97.4701 9.52319 9.62319
RE+3_R2_CH33_A 95.8966 95.9077 95.917 95.9248 95.9313 9.56321 9.66321
RE+3_R2_CH33_B 96.0638 96.0705 96.076 96.0805 96.0842 9.50308 9.60308
RE+3_R2_CH34_A 96.214 96.2254 96.2349 96.2429 96.2496 9.6629 9.7629
RE+3_R2_CH34_B 97.3585 97.3673 97.3746 97.3806 97.3856 9.56833 9.66833
RE+3_R2_CH35_A 95.6014 95.6212 95.6382 95.653 95.6657 9.60248 9.70248
RE+3_R2_CH35_B 96.2733 96.2801 96.2856 96.2901 96.2937 9.52859 9.62859
RE+3_R2_CH36_A 93.6869 93.7049 93.7203 93.7336 93.745 9.65258 9.75258
RE+3_R2_CH36_B 97.3237 97.3297 97.3346 97.3386 97.3418 9.56131 9.66131
RE+3_R3_CH01_A 95.5131 95.5421 95.5677 95.5904 95.6105 9.79104 9.89104
RE+3_R3_CH01_B 96.1562 96.1666 96.1752 96.1824 96.1884 9.53247 9.63247
RE+3_R3_CH01_C 96.3637 96.3705 96.376 96.3806 96.3843 9.42066 9.52066
RE+3_R3_CH02_A 97.8059 97.8205 97.833 97.8435 97.8524 9.47311 9.57311
RE+3_R3_CH02_B 98.3904 98.4036 98.4147 98.424 98.4319 9.56759 9.66759
RE+3_R3_CH02_C 99.4824 99.4873 99.4912 99.4943 99.4968 9.42664 9.52664
RE+3_R3_CH03_A 96.1278 96.1386 96.1477 96.1553 96.1617 9.45348 9.55348
RE+3_R3_CH03_B 96.2163 96.2253 96.2328 96.239 96.2441 9.50089 9.60089
RE+3_R3_CH03_C 97.671 97.6791 97.6857 97.6912 97.6957 9.41817 9.51817
RE+3_R3_CH04_A 98.8382 98.8574 98.8739 98.8882 98.9004 9.52724 9.62724
RE+3_R3_CH04_B 96.9218 96.933 96.9425 96.9504 96.957 9.50084 9.60084
RE+3_R3_CH04_C 99.6207 99.6317 99.6409 99.6486 99.655 9.45202 9.55202
RE+3_R3_CH05_A 96.7529 96.7669 96.7788 96.7889 96.7974 9.48051 9.58051
RE+3_R3_CH05_B 97.3491 97.3577 97.3648 97.3706 97.3754 9.4592 9.5592
RE+3_R3_CH05_C 96.4544 96.4644 96.4727 96.4796 96.4853 9.43439 9.53439
RE+3_R3_CH06_A 97.9177 97.928 97.9366 97.9437 97.9496 9.38597 9.48597
RE+3_R3_CH06_B 97.9537 97.9606 97.9662 97.9708 97.9746 9.42223 9.52223
RE+3_R3_CH06_C 99.6061 99.6121 99.6169 99.6208 99.624 9.3879 9.4879
RE+3_R3_CH07_B 96.9037 96.9119 96.9186 96.9241 96.9287 9.48306 9.58306
RE+3_R3_CH07_C 98.428 98.4371 98.4447 98.451 98.4562 9.46802 9.56802
RE+3_R3_CH08_A 97.9741 97.9946 98.0125 98.0279 98.0412 9.51642 9.61642
RE+3_R3_CH08_B 98.5441 98.5556 98.5652 98.5733 98.58 9.4571 9.5571
RE+3_R3_CH08_C 98.988 98.9943 98.9994 99.0035 99.0069 9.3564 9.4564
RE+3_R3_CH09_A 97.2612 97.2655 97.269 97.2717 97.2739 9.28041 9.38041
RE+3_R3_CH09_B 97.3907 97.3944 97.3973 97.3996 97.4014 9.32706 9.42706
RE+3_R3_CH09_C 98.3993 98.4035 98.4069 98.4095 98.4116 9.32013 9.42013
RE+3_R3_CH10_A 97.4851 97.5013 97.5152 97.527 97.537 9.41505 9.51505
RE+3_R3_CH10_B 96.6254 96.6328 96.6389 96.6439 96.648 9.48374 9.58374
RE+3_R3_CH10_C 99.5314 99.5386 99.5446 99.5495 99.5534 9.41127 9.51127
RE+3_R3_CH11_A 97.1419 97.1577 97.1711 97.1826 97.1923 9.48069 9.58069
RE+3_R3_CH11_B 96.1799 96.1982 96.2139 96.2274 96.2391 9.57118 9.67118
RE+3_R3_CH11_C 97.6365 97.6524 97.666 97.6777 97.6876 9.48702 9.58702
RE+3_R3_CH12_A 98.9578 98.9691 98.9785 98.9864 98.9929 9.37378 9.47378
RE+3_R3_CH12_B 97.8701 97.8787 97.8858 97.8917 97.8965 9.43335 9.53335
RE+3_R3_CH12_C 99.6244 99.6304 99.6353 99.6392 99.6425 9.36781 9.46781
RE+3_R3_CH13_A 97.5667 97.5757 97.5832 97.5893 97.5944 9.35341 9.45341
RE+3_R3_CH13_B 96.1289 96.1516 96.1714 96.1887 96.2037 9.66946 9.76946
RE+3_R3_CH13_C 97.6683 97.6802 97.6903 97.6987 97.7058 9.4561 9.5561
RE+3_R3_CH14_A 99.509 99.5256 99.5398 99.5519 99.5622 9.57463 9.67463
RE+3_R3_CH14_B 98.2765 98.2863 98.2944 98.3011 98.3067 9.54194 9.64194
RE+3_R3_CH14_C 99.9005 99.9066 99.9115 99.9155 99.9188 9.40219 9.50219
RE+3_R3_CH15_A 96.9847 96.9938 97.0013 97.0075 97.0127 9.45076 9.55076
RE+3_R3_CH15_B 97.0869 97.0992 97.1096 97.1182 97.1255 9.55662 9.65662
RE+3_R3_CH15_C 98.2655 98.2797 98.2918 98.3021 98.3108 9.55938 9.65938
RE+3_R3_CH16_A 98.0694 98.076 98.0814 98.0857 98.0893 9.35976 9.45976
RE+3_R3_CH16_B 98.6712 98.6803 98.6878 98.694 98.6992 9.5326 9.6326
RE+3_R3_CH16_C 99.3074 99.3116 99.315 99.3177 99.3198 9.43568 9.53568
RE+3_R3_CH17_A 97.5034 97.5069 97.5098 97.512 97.5138 9.47574 9.57574
RE+3_R3_CH17_B 97.5837 97.5895 97.5942 97.598 97.601 9.4286 9.5286
RE+3_R3_CH17_C 98.6967 98.7044 98.7107 98.7159 98.7201 9.4511 9.5511
RE+3_R3_CH18_A 96.8927 96.903 96.9116 96.9188 96.9248 9.54981 9.64981
RE+3_R3_CH18_B 97.4376 97.448 97.4567 97.464 97.47 9.57477 9.67477
RE+3_R3_CH18_C 99.7576 99.7639 99.769 99.7731 99.7765 9.48818 9.58818
RE+3_R3_CH19_A 92.0214 92.0393 92.0546 92.0678 92.0791 9.67974 9.77974
RE+3_R3_CH19_C 81.0531 81.0718 81.0881 81.1022 81.1145 9.83885 9.93885
RE+3_R3_CH20_A 98.1489 98.1649 98.1786 98.1903 98.2002 9.63735 9.73735
RE+3_R3_CH20_B 97.2506 97.2554 97.2591 97.2622 97.2646 9.54057 9.64057
RE+3_R3_CH20_C 99.0487 99.0546 99.0594 99.0633 99.0664 9.50907 9.60907
RE+3_R3_CH21_A 97.8081 97.8205 97.8308 97.8396 97.8469 9.58373 9.68373
RE+3_R3_CH21_B 97.6021 97.6092 97.615 97.6198 97.6237 9.59186 9.69186
RE+3_R3_CH21_C 98.5783 98.5908 98.6013 98.6102 98.6177 9.62014 9.72014
RE+3_R3_CH22_A 98.509 98.5298 98.5478 98.5634 98.5768 9.69642 9.79642
RE+3_R3_CH22_B 98.9708 98.9795 98.9867 98.9926 98.9974 9.5853 9.6853
RE+3_R3_CH22_C 99.8909 99.8992 99.9061 99.9117 99.9164 9.54088 9.64088
RE+3_R3_CH23_A 98.3182 98.3282 98.3366 98.3435 98.3492 9.55096 9.65096
RE+3_R3_CH23_B 97.3103 97.3154 97.3195 97.3228 97.3255 9.57018 9.67018
RE+3_R3_CH23_C 98.7189 98.7355 98.7496 98.7617 98.772 9.64517 9.74517
RE+3_R3_CH24_A 93.1966 93.2062 93.2141 93.2207 93.2262 9.74118 9.84118
RE+3_R3_CH24_B 98.5164 98.5191 98.5212 98.5228 98.5241 9.51032 9.61032
RE+3_R3_CH24_C 99.2411 99.2457 99.2494 99.2524 99.2547 9.50554 9.60554
RE+3_R3_CH25_A 96.5277 96.5467 96.5631 96.5773 96.5895 9.63923 9.73923
RE+3_R3_CH25_B 97.6212 97.6271 97.6318 97.6357 97.6388 9.606 9.706
RE+3_R3_CH25_C 96.9024 96.9089 96.9142 96.9185 96.922 9.62661 9.72661
RE+3_R3_CH26_A 98.8391 98.8506 98.8601 98.8681 98.8748 9.77586 9.87586
RE+3_R3_CH26_B 98.5623 98.569 98.5744 98.5789 98.5825 9.60378 9.70378
RE+3_R3_CH26_C 99.6506 99.6561 99.6605 99.664 99.6668 9.50483 9.60483
RE+3_R3_CH27_A 96.8936 96.9016 96.9081 96.9135 96.918 9.58222 9.68222
RE+3_R3_CH27_B 97.3546 97.3598 97.3639 97.3673 97.37 9.59839 9.69839
RE+3_R3_CH27_C 97.9023 97.9098 97.916 97.921 97.9252 9.58803 9.68803
RE+3_R3_CH28_A 90.7561 90.7792 90.7994 90.8171 90.8325 9.83943 9.93943
RE+3_R3_CH28_B 96.0487 96.0577 96.0651 96.0713 96.0764 9.62355 9.72355
RE+3_R3_CH28_C 98.1355 98.1422 98.1477 98.1521 98.1558 9.55809 9.65809
RE+3_R3_CH29_A 97.9456 97.9627 97.9774 97.9899 98.0007 9.6699 9.7699
RE+3_R3_CH29_B 98.4483 98.4538 98.4583 98.4619 98.4648 9.59232 9.69232
RE+3_R3_CH29_C 97.5042 97.517 97.5278 97.5369 97.5446 9.64783 9.74783
RE+3_R3_CH30_A 98.1985 98.2091 98.2179 98.2252 98.2313 9.64783 9.74783
RE+3_R3_CH30_B 98.4271 98.4404 98.4516 98.4611 98.4691 9.69999 9.79999
RE+3_R3_CH30_C 99.1943 99.1986 99.2021 99.2049 99.2072 9.51615 9.61615
RE+3_R3_CH31_A 95.4406 95.4483 95.4547 95.46 95.4643 9.62919 9.72919
RE+3_R3_CH32_A 99.0436 99.0736 99.1001 99.1236 99.1443 9.74709 9.84709
RE+3_R3_CH32_B 97.8591 97.8693 97.8778 97.8848 97.8908 9.62966 9.72966
RE+3_R3_CH32_C 99.2146 99.2235 99.2309 99.2369 99.242 9.51706 9.61706
RE+3_R3_CH33_B 92.6457 92.6618 92.6757 92.6876 92.6978 9.58592 9.68592
RE+3_R3_CH33_C 95.519 95.5334 95.5458 95.5562 95.5651 9.59972 9.69972
RE+3_R3_CH34_A 91.0964 91.1106 91.1227 91.133 91.1417 9.60856 9.70856
RE+3_R3_CH34_B 97.7708 97.7789 97.7855 97.7909 97.7953 9.58529 9.68529
RE+3_R3_CH34_C 99.2433 99.2503 99.256 99.2607 99.2645 9.49172 9.59172
RE+3_R3_CH35_A 95.7635 95.78 95.7942 95.8063 95.8167 9.46832 9.56832
RE+3_R3_CH35_B 96.3906 96.3989 96.4057 96.4113 96.4159 9.4684 9.5684
RE+3_R3_CH35_C 99.3571 99.3778 99.3958 99.4113 99.4247 9.60971 9.70971
RE+3_R3_CH36_A 91.736 91.7556 91.7727 91.7874 91.8002 9.72072 9.82072
RE+3_R3_CH36_B 90.1923 90.2062 90.2181 90.2283 90.2369 9.58495 9.68495
RE+3_R3_CH36_C 97.318 97.3352 97.3499 97.3625 97.3733 9.57594 9.67594
