RE-1_R2_CH01_A 99.364 99.4121 99.4512 99.483 99.5087 9.44027 9.54027
RE-1_R2_CH01_B 99.6067 99.6399 99.6658 99.6862 99.7022 9.42596 9.52596
RE-1_R2_CH01_C 98.7355 98.7876 98.8302 98.8651 98.8936 9.50342 9.60342
RE-1_R2_CH02_A 98.2777 98.3358 98.3836 98.4229 98.4552 9.48311 9.58311
RE-1_R2_CH02_B 98.4911 98.5565 98.6109 98.6562 98.6939 9.47334 9.57334
RE-1_R2_CH02_C 98.0821 98.141 98.1896 98.2297 98.2629 9.49174 9.59174
RE-1_R2_CH03_A 98.9973 99.0566 99.1054 99.1455 99.1785 9.43894 9.53894
RE-1_R2_CH03_B 99.2246 99.2765 99.319 99.3538 99.3822 9.51574 9.61574
RE-1_R2_CH03_C 97.3871 97.4369 97.4774 97.5104 97.5373 9.5621 9.6621
RE-1_R2_CH04_A 98.3164 98.382 98.4371 98.4832 98.5219 9.51776 9.61776
RE-1_R2_CH04_B 99.5316 99.5983 99.6539 99.7001 99.7386 9.55231 9.65231
RE-1_R2_CH04_C 97.7819 97.8447 97.897 97.9404 97.9765 9.55183 9.65183
RE-1_R2_CH05_A 98.4848 98.5243 98.5557 98.5806 98.6004 9.28554 9.38554
RE-1_R2_CH05_B 98.5559 98.5957 98.6272 98.6521 98.6717 9.30597 9.40597
RE-1_R2_CH05_C 98.1565 98.2003 98.2356 98.2641 98.287 9.31258 9.41258
RE-1_R2_CH06_A 98.0038 98.0675 98.1206 98.1647 98.2014 9.43975 9.53975
RE-1_R2_CH06_B 99.3691 99.4258 99.4725 99.5109 99.5427 9.43763 9.53763
RE-1_R2_CH06_C 98.3008 98.3777 98.443 98.4985 98.5457 9.44666 9.54666
RE-1_R2_CH07_A 99.252 99.3123 99.3623 99.4038 99.4382 9.37317 9.47317
RE-1_R2_CH07_B 98.5421 98.5969 98.6416 98.678 98.7078 9.36932 9.46932
RE-1_R2_CH07_C 98.5706 98.6309 98.6812 98.723 98.7578 9.44321 9.54321
RE-1_R2_CH08_A 98.9024 98.9648 99.0168 99.0601 99.0963 9.35942 9.45942
RE-1_R2_CH08_B 99.0197 99.0841 99.1379 99.1829 99.2204 9.31442 9.41442
RE-1_R2_CH08_C 98.996 99.0494 99.0931 99.1289 99.1582 9.28909 9.38909
RE-1_R2_CH09_A 99.2008 99.2523 99.2943 99.3285 99.3563 9.32167 9.42167
RE-1_R2_CH09_B 99.2635 99.293 99.3158 99.3333 99.3469 9.28418 9.38418
RE-1_R2_CH09_C 98.9411 98.9923 99.0342 99.0684 99.0964 9.38587 9.48587
RE-1_R2_CH10_A 99.4269 99.4654 99.4957 99.5195 99.5384 9.32682 9.42682
RE-1_R2_CH10_B 99.4053 99.4376 99.4625 99.4818 99.4967 9.31723 9.41723
RE-1_R2_CH10_C 99.2283 99.282 99.326 99.362 99.3915 9.46546 9.56546
RE-1_R2_CH11_A 98.8416 98.9074 98.9623 99.008 99.046 9.38538 9.48538
RE-1_R2_CH11_B 99.1781 99.2189 99.2515 99.2775 99.2983 9.33654 9.43654
RE-1_R2_CH11_C 98.6498 98.6974 98.7357 98.7665 98.7913 9.36317 9.46317
RE-1_R2_CH12_A 99.5976 99.6367 99.6677 99.6924 99.7119 9.28135 9.38135
RE-1_R2_CH12_B 99.6466 99.6957 99.7355 99.7679 99.7942 9.37742 9.47742
RE-1_R2_CH12_C 99.3204 99.3689 99.4082 99.44 99.4657 9.33208 9.43208
RE-1_R2_CH13_A 99.4926 99.5234 99.5472 99.5655 99.5797 9.27961 9.37961
RE-1_R2_CH13_B 99.34 99.3743 99.4013 99.4225 99.4391 9.2846 9.3846
RE-1_R2_CH13_C 99.3796 99.4142 99.4414 99.4627 99.4795 9.30952 9.40952
RE-1_R2_CH14_A 99.4575 99.5313 99.5937 99.6464 99.6909 9.49632 9.59632
RE-1_R2_CH14_B 99.6957 99.7327 99.7619 99.7851 99.8034 9.36397 9.46397
RE-1_R2_CH14_C 99.1897 99.2363 99.2739 99.3042 99.3287 9.42303 9.52303
RE-1_R2_CH15_A 98.8014 98.886 98.9586 99.0209 99.0743 9.47071 9.57071
RE-1_R2_CH15_B 99.4752 99.5298 99.5745 99.6112 99.6412 9.33896 9.43896
RE-1_R2_CH15_C 99.2578 99.3219 99.3753 99.4199 99.4571 9.36527 9.46527
RE-1_R2_CH16_A 99.4525 99.4929 99.5251 99.5509 99.5715 9.42834 9.52834
RE-1_R2_CH16_B 99.7831 99.8167 99.8429 99.8633 99.8791 9.40607 9.50607
RE-1_R2_CH16_C 99.2852 99.3308 99.3675 99.3972 99.4211 9.45349 9.55349
RE-1_R2_CH17_A 99.2677 99.3062 99.3367 99.361 99.3802 9.31609 9.41609
RE-1_R2_CH17_B 98.6269 98.6565 98.6793 98.6969 98.7105 9.29203 9.39203
RE-1_R2_CH17_C 99.054 99.0923 99.1227 99.1467 99.1658 9.37687 9.47687
RE-1_R2_CH18_A 98.2483 98.3092 98.3598 98.4018 98.4366 9.48002 9.58002
RE-1_R2_CH18_B 99.0949 99.1499 99.1952 99.2325 99.2632 9.45422 9.55422
RE-1_R2_CH18_C 98.3664 98.432 98.4869 98.5327 98.571 9.49079 9.59079
RE-1_R2_CH19_A 99.5659 99.5989 99.6246 99.6446 99.6602 9.2611 9.3611
RE-1_R2_CH19_B 99.0505 99.0829 99.1082 99.1281 99.1436 9.28123 9.38123
RE-1_R2_CH19_C 99.2547 99.2956 99.3282 99.3544 99.3752 9.30219 9.40219
RE-1_R2_CH20_A 98.8189 98.887 98.9443 98.9924 99.0327 9.4431 9.5431
RE-1_R2_CH20_B 99.0119 99.0841 99.145 99.1965 99.2399 9.49282 9.59282
RE-1_R2_CH20_C 99.0749 99.1624 99.2378 99.3027 99.3585 9.50165 9.60165
RE-1_R2_CH21_A 99.7148 99.7505 99.7784 99.8002 99.8173 9.37116 9.47116
RE-1_R2_CH21_B 99.1118 99.1512 99.1824 99.2072 99.2269 9.42889 9.52889
RE-1_R2_CH21_C 99.2229 99.2709 99.3095 99.3406 99.3655 9.4589 9.5589
RE-1_R2_CH22_A 99.1652 99.2179 99.2609 99.2962 99.325 9.50547 9.60547
RE-1_R2_CH22_B 99.2468 99.2991 99.3416 99.3763 99.4045 9.46527 9.56527
RE-1_R2_CH22_C 99.227 99.2646 99.2944 99.318 99.3367 9.39979 9.49979
RE-1_R2_CH23_A 98.9426 98.9843 99.0174 99.0439 99.0649 9.48419 9.58419
RE-1_R2_CH23_B 99.1913 99.2233 99.248 99.2671 99.282 9.34597 9.44597
RE-1_R2_CH23_C 98.9075 98.9587 99.0005 99.0344 99.0621 9.41788 9.51788
RE-1_R2_CH24_A 98.3361 98.401 98.455 98.4999 98.5373 9.63479 9.73479
RE-1_R2_CH24_B 99.721 99.7733 99.8161 99.8511 99.8798 9.59703 9.69703
RE-1_R2_CH24_C 98.5433 98.5903 98.6284 98.6593 98.6844 9.58069 9.68069
RE-1_R2_CH25_A 99.473 99.5099 99.5391 99.5622 99.5805 9.4089 9.5089
RE-1_R2_CH25_B 98.9935 99.0252 99.0499 99.0692 99.0841 9.31809 9.41809
RE-1_R2_CH25_C 98.9192 98.975 99.0211 99.059 99.0902 9.42394 9.52394
RE-1_R2_CH26_A 99.4153 99.4395 99.4578 99.4717 99.4823 9.52926 9.62926
RE-1_R2_CH26_B 98.3234 98.3612 98.391 98.4145 98.4331 9.55509 9.65509
RE-1_R2_CH26_C 99.1288 99.174 99.2105 99.2399 99.2635 9.58911 9.68911
RE-1_R2_CH27_A 99.726 99.7806 99.8251 99.8614 99.891 9.42856 9.52856
RE-1_R2_CH27_B 99.3557 99.3992 99.4341 99.4621 99.4844 9.4073 9.5073
RE-1_R2_CH27_C 99.1712 99.2289 99.2766 99.3161 99.3488 9.43516 9.53516
RE-1_R2_CH28_A 99.465 99.4991 99.5259 99.5469 99.5634 9.47823 9.57823
RE-1_R2_CH28_B 99.3675 99.421 99.4647 99.5004 99.5294 9.51703 9.61703
RE-1_R2_CH28_C 98.2302 98.2779 98.3165 98.3476 98.3728 9.46251 9.56251
RE-1_R2_CH29_A 99.7945 99.8312 99.8602 99.883 99.9009 9.38386 9.48386
RE-1_R2_CH29_B 99.8188 99.8555 99.8844 99.9071 99.9249 9.42863 9.52863
RE-1_R2_CH29_C 99.2895 99.3374 99.376 99.4071 99.432 9.46705 9.56705
RE-1_R2_CH30_A 99.5559 99.5921 99.6204 99.6425 99.6599 9.52591 9.62591
RE-1_R2_CH30_B 99.6978 99.737 99.768 99.7924 99.8117 9.44845 9.54845
RE-1_R2_CH30_C 99.4942 99.5388 99.5747 99.6036 99.6269 9.48754 9.58754
RE-1_R2_CH31_A 99.7085 99.7413 99.7669 99.7868 99.8023 9.40404 9.50404
RE-1_R2_CH31_B 99.5852 99.6262 99.6588 99.6847 99.7053 9.44064 9.54064
RE-1_R2_CH31_C 98.8962 98.939 98.9733 99.0008 99.0228 9.45572 9.55572
RE-1_R2_CH32_A 98.5855 98.6497 98.7034 98.7484 98.7862 9.48565 9.58565
RE-1_R2_CH32_B 98.1286 98.1822 98.2259 98.2616 98.2907 9.43917 9.53917
RE-1_R2_CH32_C 98.8342 98.8811 98.9191 98.95 98.975 9.44069 9.54069
RE-1_R2_CH33_A 98.0066 98.0848 98.1513 98.2079 98.2559 9.64125 9.74125
RE-1_R2_CH33_B 99.728 99.7957 99.8522 99.8995 99.939 9.54569 9.64569
RE-1_R2_CH33_C 97.604 97.671 97.727 97.7739 97.8131 9.5337 9.6337
RE-1_R2_CH34_A 98.5966 98.6368 98.6687 98.6941 98.7142 9.46627 9.56627
RE-1_R2_CH34_B 99.7906 99.8319 99.8649 99.8913 99.9123 9.46922 9.56922
RE-1_R2_CH34_C 99.0068 99.057 99.0978 99.1309 99.1579 9.55214 9.65214
RE-1_R2_CH35_A 98.9633 99.0231 99.0725 99.1134 99.1471 9.47538 9.57538
RE-1_R2_CH35_B 98.6544 98.6962 98.7295 98.7562 98.7776 9.39135 9.49135
RE-1_R2_CH35_C 98.4341 98.4851 98.5267 98.5605 98.588 9.44217 9.54217
RE-1_R2_CH36_A 98.9813 99.0392 99.087 99.1265 99.159 9.48167 9.58167
RE-1_R2_CH36_B 99.1606 99.2104 99.2507 99.2834 99.3098 9.50018 9.60018
RE-1_R2_CH36_C 98.1149 98.1669 98.2092 98.2436 98.2717 9.51007 9.61007
RE-1_R3_CH01_B 97.4524 97.5003 97.5391 97.5704 97.5957 9.50956 9.60956
RE-1_R3_CH01_C 98.8179 98.8457 98.867 98.8834 98.896 9.3822 9.4822
RE-1_R3_CH02_B 100.754 100.834 100.903 100.961 101.011 9.83828 9.93828
RE-1_R3_CH02_C 95.9349 95.9844 96.0248 96.0578 96.0848 9.65373 9.75373
RE-1_R3_CH03_B 98.7416 98.7775 98.8059 98.8284 98.8462 9.44684 9.54684
RE-1_R3_CH03_C 97.8907 97.906 97.9173 97.9255 97.9316 9.37042 9.47042
RE-1_R3_CH04_B 98.4257 98.4615 98.4896 98.5116 98.5287 9.42697 9.52697
RE-1_R3_CH04_C 99.2701 99.3063 99.3348 99.3574 99.3753 9.42367 9.52367
RE-1_R3_CH05_B 98.051 98.0951 98.1305 98.1588 98.1816 9.4628 9.5628
RE-1_R3_CH05_C 99.1509 99.1897 99.2204 99.2448 99.2642 9.44335 9.54335
RE-1_R3_CH06_B 98.6807 98.7187 98.7486 98.7723 98.7909 9.39198 9.49198
RE-1_R3_CH06_C 98.6708 98.6995 98.7215 98.7385 98.7516 9.34774 9.44774
RE-1_R3_CH07_B 98.1238 98.1807 98.2274 98.2657 98.2972 9.42873 9.52873
RE-1_R3_CH07_C 99.2232 99.2608 99.2905 99.3138 99.3322 9.35627 9.45627
RE-1_R3_CH08_B 98.7067 98.7456 98.7765 98.8009 98.8204 9.34671 9.44671
RE-1_R3_CH08_C 98.9952 99.0372 99.0708 99.0977 99.1191 9.3451 9.4451
RE-1_R3_CH09_B 98.3758 98.4696 98.5516 98.6233 98.686 9.48346 9.58346
RE-1_R3_CH09_C 98.1462 98.1945 98.2335 98.2651 98.2907 9.3265 9.4265
RE-1_R3_CH10_B 98.6845 98.7278 98.7624 98.7901 98.8123 9.34435 9.44435
RE-1_R3_CH10_C 98.628 98.7118 98.7836 98.8452 98.8979 9.49647 9.59647
RE-1_R3_CH11_B 97.5935 97.6706 97.7363 97.7923 97.84 9.55687 9.65687
RE-1_R3_CH11_C 98.5847 98.6038 98.6178 98.6283 98.636 9.36142 9.46142
RE-1_R3_CH12_B 99.412 99.4883 99.5529 99.6076 99.6538 9.48178 9.58178
RE-1_R3_CH12_C 98.5785 98.627 98.6663 98.698 98.7237 9.4647 9.5647
RE-1_R3_CH13_B 95.9597 96.0165 96.0634 96.102 96.134 9.44867 9.54867
RE-1_R3_CH13_C 98.8954 98.9373 98.9708 98.9976 99.019 9.42504 9.52504
RE-1_R3_CH14_B 97.7908 97.8379 97.8761 97.9071 97.9323 9.39424 9.49424
RE-1_R3_CH14_C 98.5101 98.5567 98.5945 98.6251 98.65 9.40929 9.50929
RE-1_R3_CH15_B 98.4042 98.4402 98.4685 98.4908 98.5083 9.43114 9.53114
RE-1_R3_CH15_C 98.2343 98.2601 98.2798 98.295 98.3066 9.36446 9.46446
RE-1_R3_CH16_B 98.6064 98.6616 98.707 98.7444 98.7752 9.44541 9.54541
RE-1_R3_CH16_C 98.9097 98.9421 98.9675 98.9873 99.0029 9.35626 9.45626
RE-1_R3_CH17_B 98.5735 98.6454 98.7063 98.7579 98.8016 9.7787 9.8787
RE-1_R3_CH17_C 99.8728 99.9536 100.023 100.082 100.133 9.77143 9.87143
RE-1_R3_CH18_B 98.879 98.9523 99.0142 99.0665 99.1107 9.52655 9.62655
RE-1_R3_CH18_C 99.202 99.2651 99.3177 99.3616 99.3982 9.44969 9.54969
RE-1_R3_CH19_B 97.3948 97.4287 97.4553 97.4762 97.4926 9.49488 9.59488
RE-1_R3_CH19_C 99.424 99.4558 99.4804 99.4994 99.5142 9.44123 9.54123
RE-1_R3_CH20_B 98.7671 98.8254 98.8737 98.9138 98.9469 9.53505 9.63505
RE-1_R3_CH20_C 99.0105 99.0545 99.0898 99.1181 99.1408 9.50236 9.60236
RE-1_R3_CH21_B 99.2807 99.3246 99.3597 99.3876 99.4099 9.51313 9.61313
RE-1_R3_CH21_C 98.71 98.7382 98.7598 98.7763 98.789 9.40052 9.50052
RE-1_R3_CH22_B 98.365 98.3931 98.4147 98.4313 98.4441 9.50684 9.60684
RE-1_R3_CH22_C 98.8827 98.9166 98.9433 98.9641 98.9805 9.5053 9.6053
RE-1_R3_CH23_B 98.9318 99.0011 99.0593 99.1081 99.1492 9.73436 9.83436
RE-1_R3_CH23_C 97.9002 97.9662 98.0213 98.0674 98.1059 9.67569 9.77569
RE-1_R3_CH24_B 99.5549 99.5868 99.6117 99.631 99.646 9.55019 9.65019
RE-1_R3_CH24_C 98.8493 98.8652 98.8768 98.8852 98.8914 9.43908 9.53908
RE-1_R3_CH25_B 98.238 98.2741 98.3027 98.3252 98.3431 9.55431 9.65431
RE-1_R3_CH25_C 98.9878 99.016 99.0377 99.0544 99.0673 9.46528 9.56528
RE-1_R3_CH26_B 99.3535 99.4122 99.4605 99.5001 99.5327 9.65062 9.75062
RE-1_R3_CH26_C 98.0368 98.0735 98.1024 98.1252 98.1432 9.52708 9.62708
RE-1_R3_CH27_B 99.6289 99.6755 99.7131 99.7435 99.768 9.55112 9.65112
RE-1_R3_CH27_C 98.9531 99.004 99.0457 99.0797 99.1075 9.46443 9.56443
RE-1_R3_CH28_B 98.8215 98.8492 98.8705 98.8869 98.8995 9.55664 9.65664
RE-1_R3_CH28_C 98.3651 98.3959 98.4197 98.4383 98.4527 9.52325 9.62325
RE-1_R3_CH29_B 98.821 98.8661 98.9024 98.9317 98.9554 9.61303 9.71303
RE-1_R3_CH29_C 97.796 97.8331 97.8623 97.8853 97.9035 9.50925 9.60925
RE-1_R3_CH30_B 99.1874 99.2324 99.2687 99.298 99.3216 9.64515 9.74515
RE-1_R3_CH30_C 99.1174 99.1495 99.1744 99.1936 99.2085 9.52489 9.62489
RE-1_R3_CH31_B 97.8578 97.885 97.9058 97.9217 97.9339 9.5245 9.6245
RE-1_R3_CH31_C 99.1158 99.135 99.1494 99.1601 99.1682 9.50036 9.60036
RE-1_R3_CH32_C 99.2171 99.2765 99.3258 99.3666 99.4005 9.6368 9.7368
RE-1_R3_CH33_B 98.8233 98.8438 98.859 98.8704 98.8788 9.46436 9.56436
RE-1_R3_CH33_C 99.1675 99.1864 99.2005 99.2111 99.2189 9.42804 9.52804
RE-1_R3_CH34_B 98.4267 98.466 98.4974 98.5224 98.5424 9.59955 9.69955
RE-1_R3_CH34_C 97.93 97.9906 98.0408 98.0823 98.1166 9.64102 9.74102
RE-1_R3_CH35_B 98.689 98.7506 98.802 98.8448 98.8804 9.53087 9.63087
RE-1_R3_CH35_C 98.6174 98.6577 98.6899 98.7156 98.7361 9.43414 9.53414
RE-1_R3_CH36_B 99.1471 99.1794 99.2044 99.2237 99.2387 9.50528 9.60528
RE-1_R3_CH36_C 99.3748 99.4093 99.4364 99.4576 99.4743 9.50192 9.60192
RE-2_R2_CH01_A 97.622 97.6788 97.7257 97.7646 97.7968 9.41392 9.51392
RE-2_R2_CH01_B 97.3751 97.4188 97.4539 97.4823 97.5051 9.39351 9.49351
RE-2_R2_CH01_C 99.1088 99.1609 99.2035 99.2383 99.2668 9.31273 9.41273
RE-2_R2_CH02_A 98.9828 99.0338 99.0751 99.1086 99.1357 9.43131 9.53131
RE-2_R2_CH02_B 99.1072 99.1582 99.1998 99.2336 99.2611 9.47478 9.57478
RE-2_R2_CH02_C 99.5641 99.626 99.6774 99.7201 99.7555 9.41633 9.51633
RE-2_R2_CH03_A 97.505 97.5586 97.6025 97.6385 97.668 9.40816 9.50816
RE-2_R2_CH03_B 97.9094 97.9607 98.0023 98.036 98.0634 9.44182 9.54182
RE-2_R2_CH03_C 98.4271 98.4737 98.5111 98.5412 98.5653 9.35196 9.45196
RE-2_R2_CH04_A 99.2187 99.2624 99.2974 99.3254 99.3479 9.45617 9.55617
RE-2_R2_CH04_B 99.1886 99.2355 99.2736 99.3045 99.3296 9.48763 9.58763
RE-2_R2_CH04_C 99.131 99.1576 99.1779 99.1933 99.2051 9.36375 9.46375
RE-2_R2_CH05_A 97.5867 97.6461 97.6952 97.7358 97.7693 9.45712 9.55712
RE-2_R2_CH05_B 97.6181 97.6691 97.7107 97.7445 97.7721 9.4683 9.5683
RE-2_R2_CH05_C 98.624 98.6822 98.7303 98.77 98.8028 9.49333 9.59333
RE-2_R2_CH06_A 98.4135 98.4675 98.5115 98.5475 98.5768 9.40841 9.50841
RE-2_R2_CH06_B 99.2444 99.2894 99.3256 99.3548 99.3783 9.41433 9.51433
RE-2_R2_CH06_C 99.1623 99.1994 99.2287 99.2519 99.2703 9.35053 9.45053
RE-2_R2_CH07_A 98.1534 98.2161 98.2685 98.3122 98.3486 9.39706 9.49706
RE-2_R2_CH07_B 97.6748 97.7182 97.7531 97.7813 97.8039 9.43689 9.53689
RE-2_R2_CH07_C 99.1931 99.2401 99.2781 99.3088 99.3335 9.33682 9.43682
RE-2_R2_CH08_A 98.8194 98.879 98.9283 98.9689 99.0025 9.45052 9.55052
RE-2_R2_CH08_B 98.9892 99.0432 99.0874 99.1236 99.1533 9.55104 9.65104
RE-2_R2_CH08_C 99.0374 99.0733 99.1014 99.1234 99.1406 9.46769 9.56769
RE-2_R2_CH09_A 98.0812 98.1561 98.2196 98.2735 98.3192 9.44371 9.54371
RE-2_R2_CH09_B 97.2833 97.3452 97.3967 97.4394 97.475 9.42799 9.52799
RE-2_R2_CH09_C 98.9473 99.0169 99.0756 99.1251 99.1668 9.44504 9.54504
RE-2_R2_CH10_A 99.1134 99.182 99.2396 99.288 99.3286 9.48364 9.58364
RE-2_R2_CH10_B 98.643 98.7023 98.7515 98.7922 98.826 9.44934 9.54934
RE-2_R2_CH10_C 98.8191 98.8592 98.8911 98.9164 98.9366 9.33975 9.43975
RE-2_R2_CH11_A 96.7425 96.8223 96.8906 96.949 96.9991 9.52111 9.62111
RE-2_R2_CH11_B 96.9258 96.9836 97.0311 97.0702 97.1023 9.4862 9.5862
RE-2_R2_CH11_C 99.1806 99.2355 99.2806 99.3178 99.3484 9.45697 9.55697
RE-2_R2_CH12_A 96.905 96.9787 97.0411 97.0939 97.1386 9.45988 9.55988
RE-2_R2_CH12_B 98.6567 98.7234 98.7794 98.8264 98.8658 9.44252 9.54252
RE-2_R2_CH12_C 99.1541 99.2216 99.2785 99.3264 99.3667 9.32271 9.42271
RE-2_R2_CH13_A 96.7543 96.8155 96.8663 96.9086 96.9437 9.42954 9.52954
RE-2_R2_CH13_B 97.7928 97.8357 97.8701 97.8979 97.9202 9.41112 9.51112
RE-2_R2_CH13_C 98.6777 98.7242 98.7617 98.792 98.8164 9.41966 9.51966
RE-2_R2_CH14_A 98.8777 98.9193 98.9526 98.9792 99.0004 9.43516 9.53516
RE-2_R2_CH14_B 98.4366 98.4862 98.5263 98.5588 98.5851 9.44838 9.54838
RE-2_R2_CH14_C 98.7487 98.8081 98.8573 98.8981 98.932 9.44029 9.54029
RE-2_R2_CH15_A 97.3697 97.4288 97.4779 97.5186 97.5523 9.49328 9.59328
RE-2_R2_CH15_B 97.5807 97.6377 97.6848 97.7236 97.7556 9.52733 9.62733
RE-2_R2_CH15_C 99.3243 99.3899 99.4445 99.49 99.5278 9.56024 9.66024
RE-2_R2_CH16_A 98.5105 98.5517 98.5844 98.6105 98.6312 9.42587 9.52587
RE-2_R2_CH16_B 99.2235 99.2671 99.3018 99.3295 99.3516 9.48216 9.58216
RE-2_R2_CH16_C 99.4136 99.4489 99.4765 99.498 99.5149 9.35776 9.45776
RE-2_R2_CH17_A 97.0544 97.12 97.1748 97.2206 97.2589 9.5433 9.6433
RE-2_R2_CH17_B 94.9596 95.0077 95.0467 95.0785 95.1043 9.47701 9.57701
RE-2_R2_CH17_C 96.3494 96.4161 96.4722 96.5193 96.5588 9.58366 9.68366
RE-2_R2_CH18_A 98.129 98.19 98.2404 98.2822 98.3167 9.44698 9.54698
RE-2_R2_CH18_B 99.1304 99.1705 99.2024 99.2279 99.2483 9.41422 9.51422
RE-2_R2_CH18_C 99.1835 99.2474 99.3005 99.3447 99.3814 9.3445 9.4445
RE-2_R2_CH19_A 97.8483 97.9029 97.9478 97.9847 98.0152 9.43247 9.53247
RE-2_R2_CH19_B 97.4711 97.5166 97.5532 97.5826 97.6061 9.39244 9.49244
RE-2_R2_CH19_C 99.4228 99.4845 99.5357 99.5783 99.6136 9.40012 9.50012
RE-2_R2_CH20_A 96.7946 96.8557 96.9063 96.9481 96.9828 9.55587 9.65587
RE-2_R2_CH20_B 97.8202 97.8692 97.909 97.9412 97.9672 9.52433 9.62433
RE-2_R2_CH20_C 98.6636 98.7146 98.7559 98.7894 98.8166 9.51911 9.61911
RE-2_R2_CH21_A 97.1041 97.1659 97.2172 97.2598 97.2953 9.50139 9.60139
RE-2_R2_CH21_B 96.5431 96.5917 96.6312 96.6631 96.6889 9.44987 9.54987
RE-2_R2_CH21_C 99.2856 99.3547 99.4125 99.4609 99.5014 9.44125 9.54125
RE-2_R2_CH22_A 99.3274 99.3713 99.4067 99.4352 99.4581 9.46232 9.56232
RE-2_R2_CH22_B 98.8645 98.9113 98.949 98.9792 99.0036 9.41484 9.51484
RE-2_R2_CH22_C 99.1959 99.2443 99.2834 99.3151 99.3406 9.36447 9.46447
RE-2_R2_CH23_A 97.1129 97.1684 97.2141 97.2515 97.2823 9.44003 9.54003
RE-2_R2_CH23_B 98.9717 99.0361 99.09 99.1351 99.1729 9.54151 9.64151
RE-2_R2_CH23_C 98.9034 98.9727 99.0312 99.0805 99.122 9.57221 9.67221
RE-2_R2_CH24_A 98.9838 99.0383 99.0828 99.1191 99.1487 9.4783 9.5783
RE-2_R2_CH24_B 99.1675 99.2157 99.2548 99.2866 99.3124 9.44758 9.54758
RE-2_R2_CH24_C 99.3897 99.4445 99.4893 99.5259 99.5557 9.38721 9.48721
RE-2_R2_CH25_A 97.7376 97.8074 97.8663 97.916 97.9579 9.52673 9.62673
RE-2_R2_CH25_B 98.4544 98.4934 98.5242 98.5487 98.5682 9.44089 9.54089
RE-2_R2_CH25_C 99.4112 99.4864 99.5501 99.6039 99.6495 9.51054 9.61054
RE-2_R2_CH26_A 99.3296 99.3825 99.4257 99.4609 99.4895 9.48096 9.58096
RE-2_R2_CH26_B 98.4398 98.4768 98.506 98.5289 98.547 9.45935 9.55935
RE-2_R2_CH26_C 98.9394 98.9705 98.9947 99.0135 99.0281 9.33367 9.43367
RE-2_R2_CH27_A 98.5643 98.6349 98.6942 98.7442 98.7861 9.54468 9.64468
RE-2_R2_CH27_B 97.5753 97.6292 97.6735 97.71 97.7401 9.51134 9.61134
RE-2_R2_CH27_C 98.8373 98.8995 98.9509 98.9934 99.0286 9.29421 9.39421
RE-2_R2_CH28_A 99.6589 99.7317 99.7932 99.8452 99.8891 9.55858 9.65858
RE-2_R2_CH28_B 98.613 98.6634 98.7044 98.7378 98.765 9.50305 9.60305
RE-2_R2_CH28_C 98.9904 99.0307 99.0625 99.0877 99.1076 9.41808 9.51808
RE-2_R2_CH29_A 98.7666 98.8377 98.8975 98.9477 98.99 9.48136 9.58136
RE-2_R2_CH29_B 98.2076 98.2684 98.319 98.3612 98.3963 9.45229 9.55229
RE-2_R2_CH29_C 99.3196 99.3889 99.4472 99.4961 99.5372 9.40384 9.50384
RE-2_R2_CH30_A 98.7927 98.8674 98.9308 98.9846 99.0302 9.54189 9.64189
RE-2_R2_CH30_B 99.5618 99.632 99.6907 99.7399 99.7812 9.51459 9.61459
RE-2_R2_CH30_C 98.4335 98.4908 98.5379 98.5765 98.6083 9.288 9.388
RE-2_R2_CH31_A 97.2481 97.3081 97.3579 97.3992 97.4335 9.5339 9.6339
RE-2_R2_CH31_B 97.5115 97.5692 97.617 97.6566 97.6894 9.48751 9.58751
RE-2_R2_CH31_C 98.9133 98.9827 99.0411 99.0901 99.1313 9.50558 9.60558
RE-2_R2_CH32_A 98.748 98.8118 98.865 98.9095 98.9466 9.52081 9.62081
RE-2_R2_CH32_C 99.0833 99.1236 99.1554 99.1806 99.2005 9.31606 9.41606
RE-2_R2_CH33_A 97.5418 97.6087 97.6651 97.7126 97.7526 9.52922 9.62922
RE-2_R2_CH33_B 97.6618 97.7183 97.7649 97.8033 97.835 9.50265 9.60265
RE-2_R2_CH33_C 98.6664 98.7156 98.7556 98.7881 98.8145 9.49088 9.59088
RE-2_R2_CH34_A 98.4282 98.471 98.5054 98.5329 98.5549 9.45321 9.55321
RE-2_R2_CH34_B 98.6441 98.7019 98.7494 98.7884 98.8205 9.48368 9.58368
RE-2_R2_CH34_C 99.1561 99.2054 99.2453 99.2776 99.3037 9.34916 9.44916
RE-2_R2_CH35_A 97.7936 97.8557 97.9071 97.9497 97.9849 9.5023 9.6023
RE-2_R2_CH35_B 98.1118 98.1766 98.2307 98.276 98.3137 9.50245 9.60245
RE-2_R2_CH35_C 98.9301 98.9925 99.0441 99.0868 99.1222 9.46372 9.56372
RE-2_R2_CH36_A 95.6192 95.6768 95.7244 95.7637 95.7962 9.40533 9.50533
RE-2_R2_CH36_B 98.9262 98.9764 99.017 99.0499 99.0766 9.44132 9.54132
RE-2_R2_CH36_C 99.0603 99.1103 99.1507 99.1835 99.21 9.38625 9.48625
RE-2_R3_CH01_B 97.4605 97.5279 97.5848 97.6327 97.673 9.50124 9.60124
RE-2_R3_CH01_C 96.8748 96.9451 97.0042 97.054 97.0958 9.48347 9.58347
RE-2_R3_CH02_B 99.1618 99.241 99.3086 99.3662 99.4153 9.58811 9.68811
RE-2_R3_CH02_C 98.7183 98.7873 98.8454 98.8944 98.9357 9.60578 9.70578
RE-2_R3_CH03_B 96.4616 96.5204 96.569 96.6092 96.6424 9.5209 9.6209
RE-2_R3_CH03_C 97.1327 97.175 97.2089 97.2361 97.2578 9.43051 9.53051
RE-2_R3_CH04_B 99.1937 99.2527 99.3013 99.3412 99.374 9.57115 9.67115
RE-2_R3_CH04_C 98.3911 98.453 98.5043 98.5467 98.5818 9.57189 9.67189
RE-2_R3_CH05_B 96.7511 96.7991 96.8381 96.8695 96.895 9.46392 9.56392
RE-2_R3_CH05_C 97.8786 97.9723 98.054 98.1253 98.1876 9.5858 9.6858
RE-2_R3_CH06_B 98.7088 98.7743 98.8293 98.8753 98.9139 9.57533 9.67533
RE-2_R3_CH06_C 99.0934 99.1439 99.1851 99.2187 99.2462 9.50539 9.60539
RE-2_R3_CH07_B 96.3428 96.3857 96.42 96.4473 96.4691 9.4038 9.5038
RE-2_R3_CH07_C 97.594 97.6424 97.6817 97.7136 97.7395 9.34274 9.44274
RE-2_R3_CH08_B 99.201 99.2426 99.2759 99.3025 99.3238 9.48661 9.58661
RE-2_R3_CH08_C 99.0548 99.1058 99.1473 99.1811 99.2086 9.45794 9.55794
RE-2_R3_CH09_B 97.0109 97.0548 97.0901 97.1186 97.1415 9.44792 9.54792
RE-2_R3_CH09_C 98.274 98.3275 98.3712 98.4071 98.4365 9.4534 9.5534
RE-2_R3_CH10_B 98.5107 98.5714 98.6216 98.6631 98.6974 9.47986 9.57986
RE-2_R3_CH10_C 99.2454 99.2893 99.3246 99.3528 99.3754 9.39402 9.49402
RE-2_R3_CH11_B 98.1494 98.1953 98.2323 98.2622 98.2864 9.43345 9.53345
RE-2_R3_CH11_C 96.7007 96.7676 96.824 96.8716 96.9116 9.47341 9.57341
RE-2_R3_CH12_B 99.1831 99.2212 99.2515 99.2755 99.2945 9.47682 9.57682
RE-2_R3_CH12_C 98.7337 98.7766 98.811 98.8385 98.8606 9.44348 9.54348
RE-2_R3_CH13_B 96.9413 97.0017 97.052 97.094 97.1289 9.58789 9.68789
RE-2_R3_CH13_C 95.2532 95.3248 95.3853 95.4364 95.4796 9.59898 9.69898
RE-2_R3_CH14_B 98.6663 98.7057 98.7368 98.7614 98.7807 9.49009 9.59009
RE-2_R3_CH14_C 98.1323 98.18 98.2185 98.2497 98.2749 9.51831 9.61831
RE-2_R3_CH15_B 96.7472 96.7929 96.8299 96.8597 96.8838 9.51665 9.61665
RE-2_R3_CH15_C 96.9415 97.0156 97.0787 97.1324 97.1781 9.65156 9.75156
RE-2_R3_CH16_B 97.7949 97.8508 97.8968 97.9348 97.9661 9.52121 9.62121
RE-2_R3_CH16_C 98.9541 99.0164 99.0679 99.1106 99.1459 9.48096 9.58096
RE-2_R3_CH17_B 96.0479 96.0975 96.1377 96.1703 96.1967 9.43251 9.53251
RE-2_R3_CH17_C 96.5722 96.6241 96.6664 96.701 96.7291 9.42492 9.52492
RE-2_R3_CH18_B 98.7283 98.7672 98.7981 98.8226 98.8421 9.53339 9.63339
RE-2_R3_CH18_C 99.2735 99.309 99.3369 99.3588 99.3761 9.47289 9.57289
RE-2_R3_CH19_B 96.5665 96.6167 96.6575 96.6905 96.7173 9.50794 9.60794
RE-2_R3_CH19_C 95.233 95.2892 95.3358 95.3744 95.4064 9.46489 9.56489
RE-2_R3_CH20_B 98.8098 98.8539 98.8895 98.9181 98.9411 9.51722 9.61722
RE-2_R3_CH20_C 99.1127 99.163 99.2039 99.2372 99.2642 9.49522 9.59522
RE-2_R3_CH21_B 97.8418 97.8801 97.9104 97.9342 97.9531 9.4575 9.5575
RE-2_R3_CH21_C 96.9694 97.0215 97.0642 97.0991 97.1277 9.5625 9.6625
RE-2_R3_CH22_B 98.5782 98.6325 98.6769 98.7134 98.7432 9.62789 9.72789
RE-2_R3_CH22_C 98.8569 98.9232 98.9784 99.0244 99.0627 9.59322 9.69322
RE-2_R3_CH23_B 98.2366 98.2901 98.3338 98.3697 98.399 9.59319 9.69319
RE-2_R3_CH23_C 96.4351 96.4983 96.5511 96.5952 96.632 9.56257 9.66257
RE-2_R3_CH24_B 98.6949 98.7348 98.7668 98.7922 98.8126 9.58897 9.68897
RE-2_R3_CH24_C 99.2578 99.2854 99.3066 99.3227 99.335 9.45697 9.55697
RE-2_R3_CH25_B 94.6455 94.7015 94.7475 94.7853 94.8164 9.57258 9.67258
RE-2_R3_CH25_C 97.704 97.7501 97.7875 97.8179 97.8425 9.51999 9.61999
RE-2_R3_CH26_B 98.1243 98.1624 98.1926 98.2166 98.2356 9.5167 9.6167
RE-2_R3_CH26_C 98.5208 98.5651 98.6008 98.6296 98.6527 9.54018 9.64018
RE-2_R3_CH27_B 96.8072 96.8407 96.8668 96.8871 96.903 9.47959 9.57959
RE-2_R3_CH27_C 97.2325 97.2736 97.3063 97.3323 97.353 9.50395 9.60395
RE-2_R3_CH28_B 97.8829 97.9119 97.9343 97.9517 97.9652 9.55077 9.65077
RE-2_R3_CH28_C 99.4418 99.4902 99.5293 99.5609 99.5864 9.54551 9.64551
RE-2_R3_CH30_B 98.4264 98.4786 98.5212 98.5562 98.5847 9.54428 9.64428
RE-2_R3_CH30_C 99.0848 99.1286 99.1636 99.1914 99.2136 9.4436 9.5436
RE-2_R3_CH31_B 98.0202 98.0696 98.1096 98.142 98.1682 9.48798 9.58798
RE-2_R3_CH31_C 96.6034 96.6554 96.698 96.7329 96.7614 9.46158 9.56158
RE-2_R3_CH32_B 49.958 49.9916 50.0198 50.0435 50.0634 9.67239 9.77239
RE-2_R3_CH32_C 99.1723 99.2121 99.2436 99.2685 99.2881 9.4846 9.5846
RE-2_R3_CH33_B 96.3907 96.4357 96.4718 96.5009 96.5242 9.51155 9.61155
RE-2_R3_CH33_C 57.7439 57.7931 57.8357 57.8726 57.9044 9.69365 9.79365
RE-2_R3_CH34_B 98.8534 98.9037 98.9448 98.9783 99.0057 9.53825 9.63825
RE-2_R3_CH34_C 99.2837 99.3414 99.389 99.4282 99.4605 9.52551 9.62551
RE-2_R3_CH35_B 96.6422 96.6923 96.7332 96.7667 96.794 9.61636 9.71636
RE-2_R3_CH35_C 97.1515 97.2178 97.2737 97.3207 97.3603 9.61649 9.71649
RE-2_R3_CH36_B 98.4161 98.47 98.5144 98.5508 98.5808 9.59439 9.69439
RE-2_R3_CH36_C 99.0493 99.1104 99.1613 99.2036 99.2389 9.57449 9.67449
RE-3_R2_CH01_A 93.789 93.8443 93.8901 93.9281 93.9595 9.47774 9.57774
RE-3_R2_CH01_B 95.0932 95.127 95.1534 95.174 95.1901 9.43819 9.53819
RE-3_R2_CH02_A 96.4878 96.5404 96.5835 96.6188 96.6477 9.57768 9.67768
RE-3_R2_CH02_B 96.5051 96.5452 96.5772 96.6028 96.6232 9.52496 9.62496
RE-3_R2_CH03_A 96.0799 96.1258 96.1628 96.1927 96.2168 9.45078 9.55078
RE-3_R2_CH03_B 95.1541 95.1998 95.2368 95.2669 95.2913 9.4549 9.5549
RE-3_R2_CH04_A 96.4221 96.4782 96.5246 96.5631 96.5949 9.56381 9.66381
RE-3_R2_CH04_B 96.9981 97.0532 97.0986 97.1359 97.1667 9.64176 9.74176
RE-3_R2_CH05_A 96.8885 96.937 96.9765 97.0085 97.0346 9.53324 9.63324
RE-3_R2_CH05_B 94.7746 94.8316 94.8788 94.918 94.9504 9.57291 9.67291
RE-3_R2_CH06_A 97.3561 97.4164 97.4665 97.5081 97.5426 9.62731 9.72731
RE-3_R2_CH06_B 95.4167 95.4668 95.5079 95.5415 95.5689 9.61124 9.71124
RE-3_R2_CH07_A 96.6018 96.6559 96.7001 96.7362 96.7657 9.43112 9.53112
RE-3_R2_CH07_B 96.1337 96.1794 96.2162 96.2458 96.2695 9.47387 9.57387
RE-3_R2_CH08_A 98.1699 98.2311 98.282 98.3245 98.3598 9.59966 9.69966
RE-3_R2_CH08_B 96.6965 96.7458 96.7859 96.8186 96.8451 9.54892 9.64892
RE-3_R2_CH09_A 94.8748 94.9192 94.955 94.9839 95.0072 9.50082 9.60082
RE-3_R2_CH09_B 96.0648 96.1118 96.1498 96.1805 96.2053 9.52509 9.62509
RE-3_R2_CH10_A 95.426 95.4889 95.5415 95.5854 95.622 9.53243 9.63243
RE-3_R2_CH10_B 96.0867 96.1381 96.1802 96.2147 96.2429 9.58179 9.68179
RE-3_R2_CH11_A 96.5812 96.6499 96.7079 96.7568 96.7981 9.61123 9.71123
RE-3_R2_CH11_B 93.9376 93.984 94.0214 94.0517 94.0762 9.48729 9.58729
RE-3_R2_CH12_A 96.6857 96.7484 96.8006 96.844 96.88 9.5724 9.6724
RE-3_R2_CH12_B 97.4748 97.5191 97.5549 97.5836 97.6068 9.53738 9.63738
RE-3_R2_CH13_A 94.7055 94.7607 94.8064 94.8442 94.8755 9.56002 9.66002
RE-3_R2_CH13_B 96.3733 96.4303 96.4776 96.5167 96.5492 9.55048 9.65048
RE-3_R2_CH14_A 95.3483 95.4126 95.4665 95.5118 95.5497 9.58178 9.68178
RE-3_R2_CH14_B 96.7428 96.801 96.8491 96.8888 96.9215 9.64993 9.74993
RE-3_R2_CH15_A 96.8818 96.9382 96.9846 97.0227 97.0539 9.49961 9.59961
RE-3_R2_CH15_B 95.5041 95.5505 95.5878 95.6178 95.642 9.49195 9.59195
RE-3_R2_CH16_A 86.6106 86.6657 86.7114 86.7495 86.7811 9.65443 9.75443
RE-3_R2_CH16_B 95.2986 95.3569 95.4053 95.4454 95.4787 9.48254 9.58254
RE-3_R2_CH17_B 92.6806 92.7253 92.7612 92.7901 92.8133 9.69574 9.79574
RE-3_R2_CH18_A 92.6975 92.7771 92.8461 92.9057 92.9572 9.69908 9.79908
RE-3_R2_CH18_B 89.5972 89.6784 89.7488 89.8098 89.8627 9.70607 9.80607
RE-3_R2_CH19_A 93.9662 94.0232 94.0703 94.1092 94.1414 9.6305 9.7305
RE-3_R2_CH19_B 95.6199 95.6834 95.7366 95.7812 95.8186 9.62456 9.72456
RE-3_R2_CH20_A 97.6708 97.7342 97.7872 97.8313 97.8682 9.48711 9.58711
RE-3_R2_CH20_B 95.4906 95.5474 95.594 95.6324 95.6639 9.49993 9.59993
RE-3_R2_CH21_A 96.7504 96.8184 96.8757 96.924 96.9648 9.63354 9.73354
RE-3_R2_CH21_B 95.1518 95.2127 95.2634 95.3058 95.3411 9.64426 9.74426
RE-3_R2_CH22_A 94.0132 94.0722 94.1211 94.1615 94.195 9.63488 9.73488
RE-3_R2_CH22_B 93.9183 93.968 94.0087 94.042 94.0693 9.58186 9.68186
RE-3_R2_CH23_A 94.2454 94.3122 94.3684 94.4156 94.4552 9.64648 9.74648
RE-3_R2_CH23_B 95.281 95.3364 95.3824 95.4204 95.4518 9.51059 9.61059
RE-3_R2_CH24_A 93.4977 93.565 93.6216 93.6692 93.7093 9.63433 9.73433
RE-3_R2_CH24_B 97.0712 97.1075 97.1362 97.1589 97.1768 9.54216 9.64216
RE-3_R2_CH25_A 95.8225 95.8748 95.9179 95.9533 95.9825 9.66562 9.76562
RE-3_R2_CH25_B 94.9701 95.0251 95.0705 95.1082 95.1393 9.62209 9.72209
RE-3_R2_CH26_A 91.9238 91.9694 92.0062 92.036 92.0601 9.6113 9.7113
RE-3_R2_CH26_B 97.3646 97.4078 97.4422 97.4697 97.4915 9.52949 9.62949
RE-3_R2_CH27_A 96.2375 96.2879 96.329 96.3627 96.3902 9.59222 9.69222
RE-3_R2_CH27_B 96.3983 96.4374 96.4684 96.4931 96.5127 9.54416 9.64416
RE-3_R2_CH28_A 96.2657 96.3138 96.3528 96.3846 96.4104 9.67645 9.77645
RE-3_R2_CH28_B 95.8443 95.9032 95.9522 95.9931 96.0271 9.6371 9.7371
RE-3_R2_CH29_A 97.2525 97.2955 97.3299 97.3576 97.3797 9.60937 9.70937
RE-3_R2_CH29_B 94.6204 94.6691 94.7085 94.7405 94.7664 9.71212 9.81212
RE-3_R2_CH30_A 96.5835 96.631 96.6696 96.7009 96.7264 9.69498 9.79498
RE-3_R2_CH30_B 95.3917 95.435 95.4698 95.4977 95.52 9.69485 9.79485
RE-3_R2_CH31_A 95.0755 95.1191 95.154 95.1821 95.2046 9.54799 9.64799
RE-3_R2_CH31_B 96.0319 96.0789 96.1169 96.1476 96.1725 9.52995 9.62995
RE-3_R2_CH32_A 87.3085 87.3661 87.414 87.4539 87.4871 9.82998 9.92998
RE-3_R2_CH33_A 97.066 97.12 97.1644 97.201 97.2312 9.57621 9.67621
RE-3_R2_CH33_B 96.0189 96.0547 96.0831 96.1055 96.1233 9.43574 9.53574
RE-3_R2_CH34_A 98.5121 98.5682 98.6145 98.6526 98.684 9.6501 9.7501
RE-3_R2_CH34_B 96.7508 96.8083 96.8556 96.8945 96.9264 9.67426 9.77426
RE-3_R2_CH35_A 95.8726 95.9222 95.9628 95.9959 96.023 9.5651 9.6651
RE-3_R2_CH35_B 96.6655 96.7076 96.7415 96.7688 96.7907 9.52644 9.62644
RE-3_R2_CH36_A 94.5869 94.6383 94.6805 94.715 94.7433 9.54892 9.64892
RE-3_R2_CH36_B 96.618 96.658 96.6898 96.7151 96.7352 9.47519 9.57519
RE-3_R3_CH01_A 94.2151 94.2781 94.3308 94.3748 94.4116 9.66758 9.76758
RE-3_R3_CH01_B 96.4842 96.5289 96.5648 96.5936 96.6167 9.54093 9.64093
RE-3_R3_CH01_C 94.007 94.0506 94.0855 94.1136 94.1362 9.5253 9.6253
RE-3_R3_CH02_A 97.2804 97.3445 97.3979 97.4423 97.4793 9.53511 9.63511
RE-3_R3_CH02_B 97.6598 97.6902 97.7138 97.732 97.746 9.48088 9.58088
RE-3_R3_CH02_C 98.9735 99.0146 99.0473 99.0733 99.0939 9.42941 9.52941
RE-3_R3_CH03_A 96.2625 96.3378 96.4022 96.4572 96.5042 9.66523 9.76523
RE-3_R3_CH03_B 97.1646 97.2099 97.2463 97.2755 97.299 9.54979 9.64979
RE-3_R3_CH03_C 96.5517 96.6032 96.6451 96.6793 96.7072 9.55484 9.65484
RE-3_R3_CH04_A 95.2973 95.3779 95.447 95.5062 95.557 9.63796 9.73796
RE-3_R3_CH04_B 97.6641 97.7177 97.7616 97.7976 97.8271 9.59599 9.69599
RE-3_R3_CH04_C 98.4317 98.4763 98.5123 98.5412 98.5645 9.53753 9.63753
RE-3_R3_CH05_A 96.8836 96.9284 96.9644 96.9933 97.0165 9.47198 9.57198
RE-3_R3_CH05_B 97.309 97.3435 97.3706 97.3918 97.4085 9.46893 9.56893
RE-3_R3_CH05_C 94.3658 94.4143 94.4538 94.4859 94.512 9.54589 9.64589
RE-3_R3_CH06_A 95.9298 95.9993 96.0578 96.107 96.1484 9.55374 9.65374
RE-3_R3_CH06_B 98.4323 98.4652 98.4909 98.5109 98.5265 9.46879 9.56879
RE-3_R3_CH06_C 98.0356 98.0724 98.1015 98.1246 98.1428 9.42524 9.52524
RE-3_R3_CH07_A 95.431 95.4736 95.5078 95.5352 95.5571 9.60037 9.70037
RE-3_R3_CH07_B 97.1627 97.1874 97.2061 97.2204 97.2313 9.49154 9.59154
RE-3_R3_CH07_C 94.7008 94.7462 94.7827 94.8121 94.8357 9.54733 9.64733
RE-3_R3_CH08_A 85.3281 85.3717 85.4069 85.4355 85.4586 9.5419 9.6419
RE-3_R3_CH08_B 97.4589 97.4993 97.5317 97.5575 97.5781 9.54783 9.64783
RE-3_R3_CH08_C 97.3446 97.395 97.4358 97.4689 97.4958 9.51167 9.61167
RE-3_R3_CH09_A 96.3609 96.4289 96.4862 96.5345 96.5752 9.55713 9.65713
RE-3_R3_CH09_B 97.0738 97.1309 97.1781 97.2173 97.2497 9.54845 9.64845
RE-3_R3_CH09_C 96.6756 96.729 96.7726 96.8082 96.8373 9.50173 9.60173
RE-3_R3_CH10_A 98.5298 98.611 98.6807 98.7405 98.7919 9.69823 9.79823
RE-3_R3_CH10_B 95.9365 95.9906 96.0351 96.0716 96.1015 9.58202 9.68202
RE-3_R3_CH10_C 99.3631 99.4231 99.4727 99.5136 99.5475 9.56288 9.66288
RE-3_R3_CH11_A 97.4374 97.5396 97.6305 97.7113 97.7831 9.70517 9.80517
RE-3_R3_CH11_B 96.7211 96.7789 96.8266 96.866 96.8986 9.53598 9.63598
RE-3_R3_CH11_C 95.4072 95.4484 95.4815 95.5079 95.5291 9.50387 9.60387
RE-3_R3_CH12_A 95.9523 96.0081 96.0544 96.0927 96.1244 9.47692 9.57692
RE-3_R3_CH12_B 97.1989 97.2658 97.3219 97.3687 97.4079 9.60306 9.70306
RE-3_R3_CH12_C 99.1058 99.1571 99.1988 99.2327 99.2604 9.50381 9.60381
RE-3_R3_CH13_A 99.1513 99.2567 99.3503 99.4333 99.5069 9.8882 9.9882
RE-3_R3_CH13_B 96.0325 96.1024 96.1612 96.2108 96.2524 9.64599 9.74599
RE-3_R3_CH13_C 88.5398 88.5902 88.6316 88.6656 88.6935 9.63878 9.73878
RE-3_R3_CH14_A 93.2335 93.3301 93.416 93.4922 93.5599 9.78972 9.88972
RE-3_R3_CH14_B 96.8597 96.9324 96.9938 97.0457 97.0896 9.63613 9.73613
RE-3_R3_CH14_C 99.7021 99.753 99.7942 99.8276 99.8547 9.56264 9.66264
RE-3_R3_CH15_A 96.4569 96.5116 96.5565 96.5933 96.6235 9.48918 9.58918
RE-3_R3_CH15_B 98.0465 98.1036 98.1508 98.1897 98.2217 9.50806 9.60806
RE-3_R3_CH15_C 95.9294 95.9736 96.0093 96.038 96.0612 9.46315 9.56315
RE-3_R3_CH16_A 95.6656 95.7504 95.8235 95.8867 95.9413 9.7219 9.8219
RE-3_R3_CH16_B 96.6558 96.695 96.7261 96.7506 96.7699 9.50087 9.60087
RE-3_R3_CH16_C 99.2604 99.3044 99.3395 99.3674 99.3897 9.48153 9.58153
RE-3_R3_CH17_A 95.9959 96.0808 96.1541 96.2173 96.2719 9.67206 9.77206
RE-3_R3_CH17_B 94.9702 95.0172 95.0554 95.0865 95.1117 9.6016 9.7016
RE-3_R3_CH17_C 95.7725 95.8064 95.833 95.8539 95.8704 9.54518 9.64518
RE-3_R3_CH18_A 86.2661 86.3507 86.4245 86.489 86.5453 9.73332 9.83332
RE-3_R3_CH18_B 96.3757 96.4218 96.4591 96.4892 96.5135 9.59673 9.69673
RE-3_R3_CH18_C 98.6377 98.6785 98.7111 98.7371 98.758 9.49938 9.59938
RE-3_R3_CH19_A 93.0841 93.1312 93.1694 93.2006 93.2259 9.52291 9.62291
RE-3_R3_CH19_B 96.8839 96.9422 96.9906 97.0307 97.0639 9.56612 9.66612
RE-3_R3_CH20_A 95.2859 95.3662 95.4351 95.4942 95.5447 9.75266 9.85266
RE-3_R3_CH20_B 97.1879 97.2235 97.2515 97.2735 97.2908 9.65374 9.75374
RE-3_R3_CH20_C 97.9429 97.975 97.9999 98.0192 98.0341 9.58202 9.68202
RE-3_R3_CH21_A 95.8434 95.9083 95.9627 96.0084 96.0467 9.73657 9.83657
RE-3_R3_CH21_B 97.2101 97.248 97.2779 97.3015 97.3201 9.58927 9.68927
RE-3_R3_CH21_C 93.2218 93.2596 93.2896 93.3135 93.3325 9.59722 9.69722
RE-3_R3_CH22_A 90.9691 91.03 91.0811 91.124 91.1599 9.68675 9.78675
RE-3_R3_CH22_B 96.2169 96.2796 96.332 96.3757 96.4122 9.73814 9.83814
RE-3_R3_CH22_C 97.9255 97.9932 98.05 98.0975 98.1372 9.6708 9.7708
RE-3_R3_CH23_A 95.889 95.9542 96.009 96.0549 96.0935 9.73592 9.83592
RE-3_R3_CH23_B 96.251 96.2912 96.3231 96.3485 96.3687 9.61693 9.71693
RE-3_R3_CH23_C 90.6001 90.6551 90.7006 90.7384 90.7697 9.72282 9.82282
RE-3_R3_CH24_A 88.2444 88.3162 88.3775 88.4298 88.4744 9.76761 9.86761
RE-3_R3_CH24_B 97.6471 97.6826 97.7106 97.7328 97.7503 9.65486 9.75486
RE-3_R3_CH24_C 97.9539 97.9976 98.0327 98.061 98.0838 9.64832 9.74832
RE-3_R3_CH25_A 94.9557 95.04 95.1127 95.1756 95.2299 9.75466 9.85466
RE-3_R3_CH25_B 96.0494 96.1008 96.1427 96.1769 96.2047 9.71116 9.81116
RE-3_R3_CH25_C 96.6815 96.7342 96.7775 96.8129 96.8419 9.71944 9.81944
RE-3_R3_CH26_A 96.0959 96.1463 96.1873 96.2207 96.248 9.6107 9.7107
RE-3_R3_CH26_B 96.0271 96.0777 96.1189 96.1524 96.1798 9.60066 9.70066
RE-3_R3_CH26_C 98.4238 98.4748 98.5163 98.5501 98.5776 9.507 9.607
RE-3_R3_CH27_A 98.002 98.0581 98.1044 98.1425 98.1739 9.66297 9.76297
RE-3_R3_CH27_B 96.3757 96.4131 96.4425 96.4658 96.4841 9.62146 9.72146
RE-3_R3_CH27_C 96.7661 96.8226 96.8689 96.907 96.9383 9.65023 9.75023
RE-3_R3_CH28_A 95.75 95.7994 95.8398 95.8729 95.8999 9.76307 9.86307
RE-3_R3_CH28_B 94.7909 94.8328 94.8665 94.8937 94.9156 9.7814 9.8814
RE-3_R3_CH28_C 98.3623 98.3982 98.4264 98.4486 98.4661 9.67531 9.77531
RE-3_R3_CH29_B 96.915 96.9523 96.9818 97.0052 97.0238 9.72785 9.82785
RE-3_R3_CH29_C 97.0239 97.0632 97.0944 97.1192 97.1389 9.69895 9.79895
RE-3_R3_CH31_A 95.7045 95.7637 95.8127 95.8532 95.8867 9.55261 9.65261
RE-3_R3_CH31_B 98.5414 98.5768 98.6046 98.6265 98.6436 9.51813 9.61813
RE-3_R3_CH31_C 97.6885 97.7338 97.7704 97.7999 97.8237 9.49416 9.59416
RE-3_R3_CH32_A 95.6839 95.7436 95.7931 95.8343 95.8684 9.68642 9.78642
RE-3_R3_CH32_B 96.8791 96.9295 96.9706 97.004 97.0312 9.71709 9.81709
RE-3_R3_CH32_C 99.0433 99.0829 99.1143 99.1392 99.159 9.55811 9.65811
RE-3_R3_CH33_A 94.0119 94.0536 94.0871 94.1141 94.1359 9.61023 9.71023
RE-3_R3_CH33_B 97.419 97.4581 97.4893 97.5142 97.534 9.60279 9.70279
RE-3_R3_CH33_C 96.88 96.938 96.9857 97.025 97.0573 9.5932 9.6932
RE-3_R3_CH34_A 90.7889 90.8585 90.9174 90.9672 91.0093 9.73627 9.83627
RE-3_R3_CH34_B 96.8849 96.9168 96.9417 96.961 96.9761 9.54386 9.64386
RE-3_R3_CH34_C 97.3399 97.3751 97.4027 97.4243 97.4412 9.48517 9.58517
RE-3_R3_CH35_A 95.3355 95.3698 95.3966 95.4175 95.4339 9.54432 9.64432
RE-3_R3_CH35_B 97.5519 97.5779 97.5978 97.6131 97.6248 9.60977 9.70977
RE-3_R3_CH35_C 97.0929 97.1374 97.1733 97.2022 97.2256 9.64051 9.74051
RE-3_R3_CH36_A 95.0014 95.0609 95.1103 95.1513 95.1854 9.72059 9.82059
RE-3_R3_CH36_B 96.3432 96.3795 96.408 96.4306 96.4483 9.61148 9.71148
RE-3_R3_CH36_C 98.2207 98.2712 98.3123 98.3457 98.3729 9.63418 9.73418
RE+1_R2_CH01_A 98.7169 98.7764 98.8258 98.8668 98.9007 9.3279 9.4279
RE+1_R2_CH01_B 97.5652 97.6234 97.6715 97.7115 97.7445 9.4602 9.5602
RE+1_R2_CH01_C 95.7074 95.7767 95.8354 95.8851 95.9271 9.50365 9.60365
RE+1_R2_CH02_A 98.3276 98.3779 98.4188 98.4521 98.4793 9.30915 9.40915
RE+1_R2_CH02_B 98.314 98.3656 98.4078 98.4424 98.4706 9.42691 9.52691
RE+1_R2_CH02_C 97.8493 97.8961 97.934 97.9645 97.9892 9.3838 9.4838
RE+1_R2_CH03_A 99.0579 99.1305 99.192 99.2441 99.2883 9.41167 9.51167
RE+1_R2_CH03_B 99.2925 99.3484 99.3944 99.4324 99.4636 9.41732 9.51732
RE+1_R2_CH03_C 98.1738 98.2279 98.2723 98.3087 98.3385 9.34844 9.44844
RE+1_R2_CH04_A 99.071 99.1635 99.2444 99.315 99.3767 9.34659 9.44659
RE+1_R2_CH04_C 99.1901 99.2518 99.3029 99.3451 99.38 9.31298 9.41298
RE+1_R2_CH05_A 98.974 99.0552 99.1245 99.1836 99.2341 9.39601 9.49601
RE+1_R2_CH05_B 98.7375 98.8044 98.8607 98.9082 98.9481 9.43958 9.53958
RE+1_R2_CH05_C 97.4455 97.5125 97.5685 97.6154 97.6546 9.44093 9.54093
RE+1_R2_CH06_A 99.3952 99.4529 99.5006 99.5399 99.5723 9.39282 9.49282
RE+1_R2_CH06_C 99.517 99.5767 99.6261 99.6671 99.7011 9.36634 9.46634
RE+1_R2_CH07_A 99.5524 99.6073 99.6523 99.6892 99.7195 9.39132 9.49132
RE+1_R2_CH07_B 99.2265 99.2762 99.3167 99.3496 99.3763 9.38476 9.48476
RE+1_R2_CH07_C 98.7557 98.807 98.849 98.8833 98.9114 9.38845 9.48845
RE+1_R2_CH08_A 98.0782 98.1297 98.1717 98.2062 98.2343 9.36761 9.46761
RE+1_R2_CH08_B 98.3176 98.3754 98.4232 98.4629 98.4957 9.41995 9.51995
RE+1_R2_CH08_C 98.3513 98.4096 98.4579 98.4979 98.531 9.409 9.509
RE+1_R2_CH09_A 99.3544 99.359 99.362 99.3639 99.3653 9.29801 9.39801
RE+1_R2_CH09_B 98.5975 98.6231 98.6425 98.6574 98.6686 9.38354 9.48354
RE+1_R2_CH09_C 98.8017 98.841 98.8721 98.8967 98.916 9.39034 9.49034
RE+1_R2_CH10_A 99.3056 99.3679 99.42 99.4633 99.4994 9.44232 9.54232
RE+1_R2_CH10_B 99.1541 99.207 99.2502 99.2856 99.3146 9.35753 9.45753
RE+1_R2_CH10_C 99.1795 99.2205 99.2532 99.2791 99.2998 9.27657 9.37657
RE+1_R2_CH11_A 99.6834 99.7389 99.7845 99.8218 99.8524 9.42511 9.52511
RE+1_R2_CH12_A 99.1481 99.1965 99.2359 99.2679 99.2938 9.30346 9.40346
RE+1_R2_CH12_B 98.5495 98.6055 98.6516 98.6897 98.721 9.32808 9.42808
RE+1_R2_CH12_C 99.2846 99.3428 99.3907 99.43 99.4623 9.31688 9.41688
RE+1_R2_CH13_A 99.1364 99.1975 99.2479 99.2897 99.3241 9.38163 9.48163
RE+1_R2_CH13_B 98.9513 99.0144 99.0668 99.1104 99.1465 9.37727 9.47727
RE+1_R2_CH13_C 98.2092 98.268 98.3166 98.3568 98.3899 9.35416 9.45416
RE+1_R2_CH14_A 98.9942 99.0183 99.0366 99.0504 99.061 9.26236 9.36236
RE+1_R2_CH14_B 99.405 99.4563 99.4983 99.5326 99.5607 9.24421 9.34421
RE+1_R2_CH14_C 99.015 99.0887 99.1509 99.2036 99.248 9.26374 9.36374
RE+1_R2_CH15_A 98.2272 98.2666 98.2981 98.3232 98.3432 9.36196 9.46196
RE+1_R2_CH15_B 98.8489 98.9014 98.9442 98.9791 99.0075 9.41192 9.51192
RE+1_R2_CH15_C 99.3523 99.4012 99.441 99.4734 99.4996 9.44011 9.54011
RE+1_R2_CH16_A 98.6581 98.7049 98.7426 98.7731 98.7977 9.32732 9.42732
RE+1_R2_CH16_B 97.4574 97.5292 97.5899 97.6412 97.6845 9.50497 9.60497
RE+1_R2_CH16_C 97.8407 97.8873 97.9249 97.9552 97.9798 9.38614 9.48614
RE+1_R2_CH19_A 98.1498 98.1942 98.2298 98.2584 98.2813 9.33179 9.43179
RE+1_R2_CH19_B 98.0179 98.0655 98.1041 98.1355 98.161 9.37374 9.47374
RE+1_R2_CH19_C 95.7997 95.855 95.9004 95.9377 95.9684 9.41225 9.51225
RE+1_R2_CH20_A 98.494 98.5496 98.5954 98.6332 98.6642 9.42432 9.52432
RE+1_R2_CH20_B 98.5939 98.6616 98.7183 98.7658 98.8054 9.49223 9.59223
RE+1_R2_CH20_C 98.3296 98.3882 98.4365 98.4764 98.5094 9.48016 9.58016
RE+1_R2_CH21_A 95.0452 95.1074 95.1593 95.2026 95.2388 9.6196 9.7196
RE+1_R2_CH21_B 98.8397 98.8867 98.9247 98.9553 98.9801 9.56014 9.66014
RE+1_R2_CH22_A 98.3138 98.3638 98.4043 98.4371 98.4636 9.44347 9.54347
RE+1_R2_CH22_B 99.3828 99.4358 99.4791 99.5143 99.543 9.43017 9.53017
RE+1_R2_CH22_C 98.4672 98.5158 98.5551 98.5869 98.6126 9.44786 9.54786
RE+1_R2_CH23_A 99.2903 99.3603 99.4194 99.4692 99.5112 9.68382 9.78382
RE+1_R2_CH23_B 98.6439 98.6908 98.7286 98.7592 98.7838 9.54062 9.64062
RE+1_R2_CH23_C 97.9735 98.0358 98.0873 98.13 98.1653 9.58756 9.68756
RE+1_R2_CH24_A 98.6584 98.6914 98.7171 98.7371 98.7528 9.4411 9.5411
RE+1_R2_CH24_B 98.8771 98.9105 98.9367 98.9573 98.9734 9.41448 9.51448
RE+1_R2_CH24_C 98.6649 98.6966 98.7212 98.7404 98.7553 9.43413 9.53413
RE+1_R2_CH25_B 98.8693 98.9406 99.001 99.0521 99.0954 9.49139 9.59139
RE+1_R2_CH25_C 98.7994 98.8694 98.9282 98.9776 99.0191 9.4189 9.5189
RE+1_R2_CH26_A 98.8875 98.9517 99.0054 99.0504 99.0881 9.55909 9.65909
RE+1_R2_CH26_B 98.9152 98.9807 99.0354 99.0811 99.1193 9.48693 9.58693
RE+1_R2_CH26_C 98.4595 98.5177 98.5655 98.6048 98.6371 9.42463 9.52463
RE+1_R2_CH27_A 99.5553 99.5958 99.628 99.6538 99.6744 9.38561 9.48561
RE+1_R2_CH27_B 99.5054 99.5357 99.5591 99.5772 99.5911 9.39974 9.49974
RE+1_R2_CH27_C 98.4992 98.5388 98.5704 98.5956 98.6157 9.43436 9.53436
RE+1_R2_CH28_A 98.7353 98.7834 98.8224 98.8538 98.8793 9.41274 9.51274
RE+1_R2_CH28_B 99.5737 99.6194 99.6562 99.6859 99.7098 9.46678 9.56678
RE+1_R2_CH28_C 98.7671 98.8086 98.8417 98.8682 98.8894 9.4564 9.5564
RE+1_R2_CH29_A 99.7718 99.8301 99.878 99.9173 99.9496 9.57473 9.67473
RE+1_R2_CH30_A 98.8665 98.9181 98.9603 98.9949 99.0231 9.45077 9.55077
RE+1_R2_CH30_B 96.883 96.9546 97.0154 97.0671 97.111 9.54302 9.64302
RE+1_R2_CH30_C 98.1625 98.2095 98.2475 98.2782 98.303 9.44186 9.54186
RE+1_R2_CH31_A 99.7071 99.7393 99.7642 99.7835 99.7984 9.3498 9.4498
RE+1_R2_CH31_B 99.3773 99.4061 99.4284 99.4455 99.4587 9.37332 9.47332
RE+1_R2_CH31_C 99.2906 99.3252 99.3524 99.3738 99.3905 9.41919 9.51919
RE+1_R2_CH32_A 96.7298 96.8046 96.8683 96.9225 96.9687 9.67203 9.77203
RE+1_R2_CH32_B 96.9095 96.968 97.0165 97.0567 97.09 9.59445 9.69445
RE+1_R2_CH32_C 95.825 95.8812 95.9276 95.9659 95.9975 9.61283 9.71283
RE+1_R2_CH33_A 95.6658 95.7204 95.7655 95.8026 95.8332 9.71468 9.81468
RE+1_R2_CH33_B 94.5872 94.649 94.7008 94.7442 94.7806 9.72936 9.82936
RE+1_R2_CH33_C 94.6808 94.7414 94.7918 94.834 94.8691 9.73867 9.83867
RE+1_R2_CH34_A 99.5035 99.5421 99.5725 99.5966 99.6155 9.372 9.472
RE+1_R2_CH34_B 99.6103 99.6586 99.6973 99.7286 99.7537 9.37498 9.47498
RE+1_R2_CH34_C 99.0153 99.0609 99.0977 99.1273 99.1512 9.43224 9.53224
RE+1_R2_CH35_A 98.4057 98.4834 98.5499 98.6067 98.6552 9.54673 9.64673
RE+1_R2_CH35_B 98.7226 98.7797 98.8271 98.8662 98.8987 9.47144 9.57144
RE+1_R2_CH35_C 97.7558 97.8297 97.8926 97.9462 97.9918 9.53699 9.63699
RE+1_R2_CH36_A 98.3203 98.3764 98.4225 98.4603 98.4913 9.38219 9.48219
RE+1_R2_CH36_B 98.3249 98.3743 98.4143 98.4467 98.4729 9.44608 9.54608
RE+1_R2_CH36_C 98.8771 98.9232 98.9603 98.99 99.0139 9.41652 9.51652
RE+1_R3_CH01_B 97.0961 97.1449 97.1844 97.2164 97.2423 9.44386 9.54386
RE+1_R3_CH01_C 98.0047 98.0291 98.0477 98.0618 98.0725 9.32662 9.42662
RE+1_R3_CH02_B 98.797 98.854 98.9009 98.9394 98.971 9.50221 9.60221
RE+1_R3_CH02_C 99.1496 99.1795 99.2026 99.2204 99.2341 9.35337 9.45337
RE+1_R3_CH03_B 99.3527 99.3914 99.4222 99.4465 99.4659 9.47579 9.57579
RE+1_R3_CH03_C 98.5704 98.6235 98.6667 98.702 98.7308 9.46605 9.56605
RE+1_R3_CH04_B 98.4026 98.4796 98.5454 98.6016 98.6497 9.55729 9.65729
RE+1_R3_CH05_B 97.4414 97.5025 97.5534 97.5959 97.6312 9.47006 9.57006
RE+1_R3_CH05_C 98.8276 98.8613 98.8875 98.908 98.924 9.3691 9.4691
RE+1_R3_CH06_B 98.6016 98.6424 98.6749 98.7007 98.7212 9.38451 9.48451
RE+1_R3_CH06_C 99.2513 99.2804 99.3029 99.3204 99.334 9.3178 9.4178
RE+1_R3_CH07_B 97.9709 98.0128 98.0463 98.0732 98.0947 9.42876 9.52876
RE+1_R3_CH07_C 97.7086 97.7488 97.781 97.8067 97.8273 9.36771 9.46771
RE+1_R3_CH08_B 98.4262 98.4642 98.4941 98.5176 98.5362 9.31926 9.41926
RE+1_R3_CH08_C 98.9982 99.0469 99.0865 99.1187 99.1448 9.29131 9.39131
RE+1_R3_CH09_B 98.9403 98.9778 99.0075 99.031 99.0496 9.32017 9.42017
RE+1_R3_CH09_C 99.0992 99.1216 99.1386 99.1514 99.1611 9.23976 9.33976
RE+1_R3_CH10_B 98.13 98.1745 98.2102 98.2388 98.2618 9.37226 9.47226
RE+1_R3_CH10_C 99.0696 99.1073 99.1372 99.1609 99.1797 9.33553 9.43553
RE+1_R3_CH11_B 97.5864 97.6275 97.6602 97.6862 97.7069 9.30893 9.40893
RE+1_R3_CH11_C 99.1085 99.1595 99.2008 99.2342 99.2613 9.25532 9.35532
RE+1_R3_CH12_B 99.626 99.6564 99.6801 99.6984 99.7126 9.34928 9.44928
RE+1_R3_CH12_C 98.8483 98.8777 98.9005 98.9182 98.9319 9.3337 9.4337
RE+1_R3_CH13_B 98.7571 98.7993 98.8331 98.8602 98.8818 9.35854 9.45854
RE+1_R3_CH13_C 99.3834 99.4349 99.4766 99.5105 99.5379 9.42634 9.52634
RE+1_R3_CH14_B 98.6944 98.7262 98.751 98.7704 98.7854 9.42613 9.52613
RE+1_R3_CH14_C 98.9196 98.9653 99.0022 99.0319 99.0559 9.51732 9.61732
RE+1_R3_CH15_B 98.7079 98.7479 98.7799 98.8054 98.8258 9.45208 9.55208
RE+1_R3_CH15_C 99.5923 99.6211 99.6433 99.6604 99.6736 9.40048 9.50048
RE+1_R3_CH16_B 98.1439 98.1917 98.2306 98.2621 98.2877 9.48427 9.58427
RE+1_R3_CH16_C 98.8064 98.8463 98.8783 98.9037 98.9241 9.44187 9.54187
RE+1_R3_CH17_B 98.229 98.2562 98.277 98.2928 98.3049 9.38345 9.48345
RE+1_R3_CH17_C 98.6549 98.6834 98.7053 98.7222 98.7352 9.35559 9.45559
RE+1_R3_CH18_B 98.105 98.16 98.205 98.2418 98.2718 9.45763 9.55763
RE+1_R3_CH18_C 99.1996 99.2344 99.2617 99.2832 99.3 9.40818 9.50818
RE+1_R3_CH19_B 98.1452 98.2005 98.2459 98.2831 98.3137 9.52468 9.62468
RE+1_R3_CH19_C 98.7997 98.8173 98.8302 98.8398 98.8468 9.42098 9.52098
RE+1_R3_CH20_B 98.5863 98.6246 98.655 98.6791 98.6982 9.48969 9.58969
RE+1_R3_CH20_C 99.5481 99.5729 99.5916 99.6057 99.6164 9.44707 9.54707
RE+1_R3_CH21_B 97.4592 97.4947 97.5226 97.5445 97.5618 9.4596 9.5596
RE+1_R3_CH21_C 99.0403 99.0621 99.0786 99.0911 99.1005 9.39071 9.49071
RE+1_R3_CH22_B 99.0742 99.1211 99.1589 99.1893 99.2137 9.51179 9.61179
RE+1_R3_CH22_C 98.9369 98.9722 98.9998 99.0214 99.0382 9.40314 9.50314
RE+1_R3_CH23_B 98.4061 98.4433 98.4728 98.4962 98.5147 9.54579 9.64579
RE+1_R3_CH23_C 98.5559 98.6068 98.6482 98.6819 98.7094 9.51135 9.61135
RE+1_R3_CH24_B 99.3269 99.3616 99.3887 99.4099 99.4265 9.50198 9.60198
RE+1_R3_CH24_C 98.7355 98.7812 98.8181 98.8478 98.8717 9.55583 9.65583
RE+1_R3_CH26_B 98.7568 98.7922 98.82 98.8419 98.8591 9.5268 9.6268
RE+1_R3_CH26_C 97.2997 97.3396 97.3715 97.397 97.4173 9.57275 9.67275
RE+1_R3_CH27_B 98.4524 98.5015 98.5414 98.5738 98.6001 9.61413 9.71413
RE+1_R3_CH27_C 98.4773 98.5027 98.5222 98.537 98.5484 9.52894 9.62894
RE+1_R3_CH28_B 98.0845 98.1136 98.136 98.1533 98.1666 9.49033 9.59033
RE+1_R3_CH28_C 98.5522 98.6037 98.6454 98.6792 98.7066 9.53195 9.63195
RE+1_R3_CH29_B 95.9509 95.9867 96.0148 96.037 96.0544 9.54515 9.64515
RE+1_R3_CH29_C 98.1712 98.2137 98.2478 98.2751 98.2969 9.54068 9.64068
RE+1_R3_CH30_B 93.4692 93.4856 93.4977 93.5066 93.5132 9.50253 9.60253
RE+1_R3_CH30_C 99.5078 99.525 99.5376 99.5469 99.5538 9.48943 9.58943
RE+1_R3_CH31_B 96.0396 96.0987 96.148 96.189 96.2231 9.58303 9.68303
RE+1_R3_CH31_C 97.1734 97.2183 97.2546 97.2839 97.3075 9.51581 9.61581
RE+1_R3_CH32_B 97.8181 97.8697 97.9118 97.946 97.9739 9.55676 9.65676
RE+1_R3_CH32_C 98.7976 98.8294 98.8542 98.8735 98.8884 9.47225 9.57225
RE+1_R3_CH33_B 96.8056 96.8632 96.9106 96.9496 96.9817 9.68323 9.78323
RE+1_R3_CH33_C 98.2272 98.2706 98.3053 98.3332 98.3555 9.66999 9.76999
RE+1_R3_CH34_B 97.6121 97.6795 97.7362 97.7837 97.8237 9.61732 9.71732
RE+1_R3_CH34_C 98.7603 98.784 98.802 98.8156 98.8259 9.48504 9.58504
RE+1_R3_CH35_B 97.3458 97.3766 97.4005 97.4191 97.4336 9.48951 9.58951
RE+1_R3_CH35_C 98.4937 98.5549 98.606 98.6485 98.684 9.56675 9.66675
RE+1_R3_CH36_B 98.7674 98.8118 98.8476 98.8764 98.8996 9.50262 9.60262
RE+1_R3_CH36_C 99.2823 99.3129 99.3367 99.3551 99.3695 9.42022 9.52022
RE+2_R2_CH01_A 96.8427 96.9284 97.0028 97.0674 97.1234 9.6068 9.7068
RE+2_R2_CH01_B 95.1779 95.2552 95.3213 95.378 95.4264 9.72731 9.82731
RE+2_R2_CH01_C 96.7546 96.821 96.8768 96.9236 96.9629 9.59909 9.69909
RE+2_R2_CH02_A 99.5703 99.632 99.6834 99.7262 99.7618 9.49981 9.59981
RE+2_R2_CH02_B 99.0437 99.0925 99.1321 99.1641 99.1899 9.39516 9.49516
RE+2_R2_CH02_C 98.8006 98.8522 98.8942 98.9281 98.9557 9.4271 9.5271
RE+2_R2_CH03_B 98.0429 98.097 98.1412 98.1772 98.2066 9.43543 9.53543
RE+2_R2_CH03_C 99.1346 99.183 99.2223 99.2542 99.2801 9.35688 9.45688
RE+2_R2_CH04_A 97.5167 97.5712 97.6157 97.6521 97.6818 9.39152 9.49152
RE+2_R2_CH04_B 99.2813 99.3357 99.3805 99.4173 99.4476 9.44797 9.54797
RE+2_R2_CH04_C 99.59 99.6276 99.6573 99.6806 99.699 9.38388 9.48388
RE+2_R2_CH05_A 96.1228 96.1922 96.2509 96.3007 96.3428 9.48545 9.58545
RE+2_R2_CH05_B 97.6667 97.7169 97.7577 97.791 97.818 9.36116 9.46116
RE+2_R2_CH05_C 99.0257 99.0738 99.1124 99.1435 99.1685 9.39709 9.49709
RE+2_R2_CH06_A 96.2894 96.3409 96.383 96.4175 96.4457 9.41021 9.51021
RE+2_R2_CH06_B 99.7539 99.8149 99.8653 99.907 99.9415 9.49046 9.59046
RE+2_R2_CH06_C 97.7642 97.8243 97.8744 97.916 97.9508 9.53695 9.63695
RE+2_R2_CH07_A 97.7326 97.8091 97.8741 97.9293 97.9762 9.55769 9.65769
RE+2_R2_CH07_B 98.3854 98.4396 98.4841 98.5206 98.5504 9.4173 9.5173
RE+2_R2_CH07_C 98.9777 99.0248 99.063 99.094 99.1191 9.39627 9.49627
RE+2_R2_CH08_A 99.0833 99.1577 99.2207 99.2742 99.3195 9.51763 9.61763
RE+2_R2_CH08_B 96.9272 96.9948 97.0516 97.0993 97.1394 9.59971 9.69971
RE+2_R2_CH08_C 99.1446 99.1872 99.2212 99.2482 99.2697 9.34734 9.44734
RE+2_R2_CH09_A 97.5625 97.6304 97.6872 97.7348 97.7746 9.46557 9.56557
RE+2_R2_CH09_B 98.1947 98.2354 98.2679 98.2938 98.3146 9.35448 9.45448
RE+2_R2_CH09_C 99.4435 99.4788 99.5063 99.5278 99.5446 9.30901 9.40901
RE+2_R2_CH10_A 98.8841 98.9422 98.9899 99.0291 99.0614 9.38934 9.48934
RE+2_R2_CH10_B 99.2054 99.2597 99.3044 99.3411 99.3713 9.42238 9.52238
RE+2_R2_CH10_C 99.375 99.4246 99.4649 99.4977 99.5243 9.40476 9.50476
RE+2_R2_CH11_A 98.3764 98.445 98.5026 98.551 98.5917 9.40628 9.50628
RE+2_R2_CH11_B 98.5121 98.5664 98.6107 98.6468 98.6763 9.41534 9.51534
RE+2_R2_CH11_C 99.2462 99.2962 99.3368 99.3696 99.3962 9.37618 9.47618
RE+2_R2_CH12_A 98.2851 98.3542 98.412 98.4605 98.501 9.43649 9.53649
RE+2_R2_CH12_B 99.2073 99.2753 99.3322 99.3798 99.4197 9.45962 9.55962
RE+2_R2_CH12_C 99.6241 99.6761 99.7183 99.7528 99.7808 9.37019 9.47019
RE+2_R2_CH13_A 96.694 96.7513 96.7985 96.8375 96.8696 9.37796 9.47796
RE+2_R2_CH13_B 97.2904 97.3447 97.3891 97.4253 97.4549 9.35917 9.45917
RE+2_R2_CH13_C 98.8131 98.8609 98.8998 98.9313 98.9569 9.38059 9.48059
RE+2_R2_CH14_A 97.6082 97.6856 97.7514 97.8073 97.8548 9.53533 9.63533
RE+2_R2_CH14_B 99.217 99.276 99.3249 99.3654 99.3989 9.4702 9.5702
RE+2_R2_CH14_C 99.0195 99.0675 99.1065 99.1382 99.1639 9.43135 9.53135
RE+2_R2_CH15_A 97.4213 97.4909 97.5496 97.5992 97.641 9.67095 9.77095
RE+2_R2_CH15_B 97.9509 97.9916 98.0241 98.05 98.0708 9.36429 9.46429
RE+2_R2_CH15_C 99.12 99.1519 99.1766 99.1957 99.2105 9.29868 9.39868
RE+2_R2_CH16_A 97.8065 97.8687 97.9204 97.9634 97.9991 9.48189 9.58189
RE+2_R2_CH16_B 99.2252 99.2733 99.3122 99.3439 99.3696 9.48339 9.58339
RE+2_R2_CH16_C 99.7057 99.7436 99.7735 99.797 99.8156 9.39822 9.49822
RE+2_R2_CH17_A 97.9624 98.0093 98.0473 98.0781 98.1032 9.36998 9.46998
RE+2_R2_CH17_B 96.3764 96.421 96.4568 96.4855 96.5086 9.34478 9.44478
RE+2_R2_CH17_C 98.8389 98.8978 98.9463 98.9865 99.0196 9.41517 9.51517
RE+2_R2_CH18_A 95.9555 96.0241 96.0821 96.1312 96.1728 9.63604 9.73604
RE+2_R2_CH18_B 98.3061 98.364 98.4115 98.4507 98.4828 9.61505 9.71505
RE+2_R2_CH18_C 99.1551 99.2059 99.2474 99.2811 99.3085 9.55834 9.65834
RE+2_R2_CH19_A 96.5492 96.6049 96.6507 96.6885 96.7197 9.46716 9.56716
RE+2_R2_CH19_B 96.6901 96.7463 96.7925 96.8304 96.8616 9.43123 9.53123
RE+2_R2_CH19_C 98.3192 98.3806 98.4315 98.4738 98.509 9.42821 9.52821
RE+2_R2_CH20_B 98.8039 98.8922 98.9684 99.0343 99.0911 9.69362 9.79362
RE+2_R2_CH20_C 98.2653 98.3255 98.3754 98.4168 98.4511 9.56463 9.66463
RE+2_R2_CH21_A 97.9458 98.0065 98.0566 98.0981 98.1324 9.43959 9.53959
RE+2_R2_CH21_B 97.7841 97.841 97.888 97.9267 97.9587 9.43676 9.53676
RE+2_R2_CH21_C 99.2275 99.2774 99.3179 99.3506 99.3771 9.40126 9.50126
RE+2_R2_CH22_A 98.249 98.2952 98.3324 98.3625 98.3868 9.49789 9.59789
RE+2_R2_CH22_B 98.2593 98.3103 98.3517 98.3852 98.4124 9.54745 9.64745
RE+2_R2_CH22_C 98.7668 98.8174 98.8587 98.8924 98.92 9.47539 9.57539
RE+2_R2_CH23_B 94.9212 94.9832 95.0352 95.0787 95.1152 9.6368 9.7368
RE+2_R2_CH23_C 97.3787 97.4649 97.5392 97.6031 97.6582 9.69334 9.79334
RE+2_R2_CH24_A 97.842 97.8901 97.9292 97.961 97.9867 9.53419 9.63419
RE+2_R2_CH24_B 99.74 99.7835 99.8181 99.8457 99.8677 9.45621 9.55621
RE+2_R2_CH24_C 99.4268 99.4645 99.4943 99.5177 99.5362 9.42849 9.52849
RE+2_R2_CH25_A 95.4471 95.5005 95.5441 95.5797 95.6088 9.44043 9.54043
RE+2_R2_CH25_B 96.5015 96.5651 96.618 96.6621 96.6987 9.48461 9.58461
RE+2_R2_CH25_C 98.3019 98.3613 98.4106 98.4514 98.4853 9.50397 9.60397
RE+2_R2_CH26_A 97.0775 97.1259 97.1652 97.1972 97.2232 9.55692 9.65692
RE+2_R2_CH26_B 97.731 97.7898 97.8384 97.8785 97.9116 9.61081 9.71081
RE+2_R2_CH26_C 96.4112 96.4484 96.4777 96.5008 96.519 9.52088 9.62088
RE+2_R2_CH27_A 97.5506 97.5967 97.6341 97.6644 97.689 9.52082 9.62082
RE+2_R2_CH27_B 97.6957 97.7566 97.8074 97.8497 97.8849 9.61003 9.71003
RE+2_R2_CH27_C 99.2572 99.3046 99.3426 99.3733 99.3979 9.53667 9.63667
RE+2_R2_CH28_A 98.9847 99.0351 99.0763 99.1099 99.1374 9.4959 9.5959
RE+2_R2_CH28_B 99.4763 99.5271 99.5682 99.6015 99.6285 9.50196 9.60196
RE+2_R2_CH28_C 99.5669 99.6245 99.6721 99.7113 99.7437 9.46856 9.56856
RE+2_R2_CH29_A 96.4518 96.4967 96.5328 96.5618 96.5851 9.50329 9.60329
RE+2_R2_CH29_B 98.0458 98.0881 98.1219 98.149 98.1707 9.48133 9.58133
RE+2_R2_CH29_C 98.9757 99.006 99.0294 99.0477 99.0618 9.41558 9.51558
RE+2_R2_CH30_A 99.423 99.499 99.5635 99.6182 99.6647 9.57762 9.67762
RE+2_R2_CH30_B 99.2587 99.2993 99.3317 99.3576 99.3783 9.46224 9.56224
RE+2_R2_CH30_C 99.32 99.3561 99.3846 99.4069 99.4245 9.39011 9.49011
RE+2_R2_CH31_A 98.2865 98.3521 98.4071 98.4532 98.4919 9.59883 9.69883
RE+2_R2_CH31_B 98.384 98.4194 98.4472 98.4691 98.4863 9.43089 9.53089
RE+2_R2_CH31_C 99.1605 99.1979 99.2274 99.2508 99.2694 9.39455 9.49455
RE+2_R2_CH32_A 99.3374 99.3941 99.4409 99.4795 99.5112 9.58845 9.68845
RE+2_R2_CH32_B 99.4106 99.4556 99.4917 99.5207 99.5439 9.43158 9.53158
RE+2_R2_CH32_C 99.5855 99.6156 99.6389 99.6571 99.6712 9.38151 9.48151
RE+2_R2_CH33_A 95.4613 95.526 95.5801 95.6253 95.6632 9.51954 9.61954
RE+2_R2_CH33_B 97.5069 97.548 97.5808 97.6071 97.6281 9.37486 9.47486
RE+2_R2_CH33_C 97.8142 97.8453 97.8695 97.8884 97.903 9.34813 9.44813
RE+2_R2_CH34_A 97.6957 97.7576 97.8091 97.8519 97.8874 9.49626 9.59626
RE+2_R2_CH34_B 99.3325 99.3844 99.4269 99.4616 99.49 9.47801 9.57801
RE+2_R2_CH34_C 99.34 99.3761 99.4047 99.4273 99.4452 9.40109 9.50109
RE+2_R2_CH35_A 96.1581 96.2297 96.2905 96.3423 96.3863 9.57994 9.67994
RE+2_R2_CH35_B 98.3173 98.3573 98.3888 98.4138 98.4336 9.42719 9.52719
RE+2_R2_CH35_C 99.0531 99.1005 99.1386 99.1692 99.1938 9.382 9.482
RE+2_R2_CH36_A 96.4935 96.5804 96.6557 96.7209 96.7774 9.73083 9.83083
RE+2_R2_CH36_B 97.2677 97.3385 97.3984 97.4489 97.4915 9.68681 9.78681
RE+2_R2_CH36_C 95.5739 95.623 95.663 95.6955 95.722 9.58644 9.68644
RE+2_R3_CH01_B 95.8766 95.9376 95.9884 96.0306 96.0656 9.48604 9.58604
RE+2_R3_CH01_C 95.4292 95.4978 95.556 95.6052 95.6468 9.52912 9.62912
RE+2_R3_CH02_B 98.8383 98.9197 98.9895 99.0492 99.1003 9.64049 9.74049
RE+2_R3_CH02_C 99.2011 99.2519 99.2931 99.3264 99.3534 9.45925 9.55925
RE+2_R3_CH03_B 93.2632 93.3467 93.4189 93.4812 93.5351 9.61902 9.71902
RE+2_R3_CH03_C 97.1805 97.2534 97.3152 97.3677 97.4122 9.5661 9.6661
RE+2_R3_CH04_B 99.1539 99.1945 99.227 99.2529 99.2737 9.38252 9.48252
RE+2_R3_CH04_C 98.9458 98.9805 99.0078 99.0293 99.0461 9.28732 9.38732
RE+2_R3_CH05_B 95.3963 95.4769 95.5463 95.6061 95.6577 9.67135 9.77135
RE+2_R3_CH05_C 96.6402 96.7162 96.781 96.8362 96.8832 9.55584 9.65584
RE+2_R3_CH06_B 97.4054 97.4624 97.5095 97.5483 97.5803 9.51047 9.61047
RE+2_R3_CH06_C 98.8624 98.914 98.9558 98.9897 99.0173 9.45526 9.55526
RE+2_R3_CH07_B 96.3993 96.4665 96.5232 96.571 96.6112 9.47556 9.57556
RE+2_R3_CH07_C 96.7654 96.8107 96.8472 96.8767 96.9004 9.35989 9.45989
RE+2_R3_CH08_C 98.7493 98.8156 98.8713 98.918 98.9571 9.3991 9.4991
RE+2_R3_CH09_B 97.2497 97.2914 97.3249 97.3517 97.3731 9.41837 9.51837
RE+2_R3_CH09_C 94.4585 94.5356 94.6015 94.6578 94.7058 9.48563 9.58563
RE+2_R3_CH10_B 98.9223 98.9718 99.0118 99.0443 99.0705 9.42658 9.52658
RE+2_R3_CH10_C 99.2766 99.3243 99.363 99.3945 99.42 9.41543 9.51543
RE+2_R3_CH11_C 91.7353 91.8066 91.8674 91.9192 91.9634 9.5279 9.6279
RE+2_R3_CH12_B 99.0692 99.0946 99.1141 99.129 99.1404 9.29988 9.39988
RE+2_R3_CH12_C 99.1805 99.2165 99.2447 99.2668 99.2841 9.26039 9.36039
RE+2_R3_CH13_B 98.2765 98.349 98.4108 98.4632 98.5078 9.45592 9.55592
RE+2_R3_CH13_C 95.9746 96.0307 96.0772 96.1157 96.1475 9.37185 9.47185
RE+2_R3_CH14_B 97.7941 97.8782 97.9509 98.0138 98.0681 9.56551 9.66551
RE+2_R3_CH14_C 98.806 98.8631 98.9102 98.949 98.981 9.43351 9.53351
RE+2_R3_CH15_B 96.805 96.8536 96.8929 96.9247 96.9505 9.37524 9.47524
RE+2_R3_CH15_C 94.8328 94.8979 94.9524 94.9979 95.036 9.46824 9.56824
RE+2_R3_CH16_B 98.9464 99.0037 99.0507 99.0893 99.121 9.42388 9.52388
RE+2_R3_CH16_C 99.0265 99.0809 99.1254 99.1616 99.1912 9.3662 9.4662
RE+2_R3_CH17_C 97.4024 97.4721 97.5308 97.5801 97.6216 9.49762 9.59762
RE+2_R3_CH18_B 97.8057 97.8611 97.9068 97.9445 97.9755 9.52601 9.62601
RE+2_R3_CH18_C 98.5945 98.6494 98.6943 98.7309 98.7609 9.44227 9.54227
RE+2_R3_CH19_B 96.4903 96.537 96.5748 96.6056 96.6306 9.51167 9.61167
RE+2_R3_CH19_C 96.4251 96.4825 96.5299 96.569 96.6013 9.44196 9.54196
RE+2_R3_CH20_B 98.5204 98.5518 98.5761 98.5951 98.6098 9.41059 9.51059
RE+2_R3_CH20_C 98.3805 98.4396 98.4885 98.5291 98.5627 9.50054 9.60054
RE+2_R3_CH21_B 98.4847 98.5381 98.5817 98.6173 98.6463 9.46317 9.56317
RE+2_R3_CH21_C 96.5211 96.5655 96.6013 96.6302 96.6535 9.43439 9.53439
RE+2_R3_CH22_B 98.0533 98.0959 98.13 98.1574 98.1793 9.50661 9.60661
RE+2_R3_CH22_C 99.2603 99.307 99.3445 99.3746 99.3988 9.42228 9.52228
RE+2_R3_CH23_B 97.207 97.2571 97.298 97.3314 97.3587 9.60907 9.70907
RE+2_R3_CH23_C 88.9266 88.995 89.0529 89.1019 89.1433 9.6388 9.7388
RE+2_R3_CH24_B 99.5431 99.6187 99.6829 99.7374 99.7836 9.58585 9.68585
RE+2_R3_CH24_C 98.9675 99.0193 99.0614 99.0954 99.1231 9.48604 9.58604
RE+2_R3_CH25_B 97.0948 97.1615 97.2177 97.265 97.3049 9.57544 9.67544
RE+2_R3_CH25_C 96.4471 96.5047 96.5522 96.5915 96.6239 9.4732 9.5732
RE+2_R3_CH26_B 97.6103 97.6703 97.7204 97.762 97.7967 9.67572 9.77572
RE+2_R3_CH26_C 95.0677 95.141 95.2036 95.2571 95.3027 9.66475 9.76475
RE+2_R3_CH27_B 96.112 96.1447 96.1701 96.19 96.2055 9.4965 9.5965
RE+2_R3_CH27_C 96.2529 96.3208 96.3781 96.4264 96.4671 9.61241 9.71241
RE+2_R3_CH28_B 98.6244 98.6631 98.6938 98.7182 98.7375 9.49952 9.59952
RE+2_R3_CH28_C 99.2279 99.272 99.3072 99.3352 99.3576 9.45603 9.55603
RE+2_R3_CH29_B 91.0693 91.1546 91.2291 91.2942 91.3511 10.0187 10.1187
RE+2_R3_CH29_C 96.7536 96.8091 96.8549 96.8926 96.9237 9.51758 9.61758
RE+2_R3_CH30_B 98.6055 98.6266 98.6425 98.6543 98.6632 9.4234 9.5234
RE+2_R3_CH30_C 99.1715 99.2433 99.3036 99.3544 99.3971 9.55151 9.65151
RE+2_R3_CH31_B 95.6631 95.7258 95.7782 95.8219 95.8584 9.54527 9.64527
RE+2_R3_CH31_C 94.5659 94.6242 94.6725 94.7126 94.7459 9.55001 9.65001
RE+2_R3_CH32_B 97.3452 97.4023 97.4493 97.4879 97.5197 9.61203 9.71203
RE+2_R3_CH32_C 98.6267 98.6874 98.738 98.7801 98.8152 9.52932 9.62932
RE+2_R3_CH33_B 88.1823 88.2262 88.2616 88.2903 88.3135 9.73302 9.83302
RE+2_R3_CH34_B 98.5266 98.5541 98.5752 98.5912 98.6035 9.38544 9.48544
RE+2_R3_CH34_C 99.1889 99.2261 99.2556 99.279 99.2974 9.42603 9.52603
RE+2_R3_CH35_B 95.6724 95.7314 95.7803 95.8209 95.8546 9.50903 9.60903
RE+2_R3_CH35_C 95.8778 95.9552 96.0213 96.0777 96.1258 9.57528 9.67528
RE+2_R3_CH36_B 98.6487 98.7005 98.7428 98.7772 98.8053 9.47324 9.57324
RE+2_R3_CH36_C 98.7152 98.7635 98.8026 98.8342 98.8597 9.46755 9.56755
RE+3_R2_CH01_A 96.643 96.7099 96.7663 96.8138 96.8538 9.64767 9.74767
RE+3_R2_CH01_B 93.9684 94.0137 94.0505 94.0804 94.1046 9.58441 9.68441
RE+3_R2_CH02_A 94.6851 94.7517 94.8074 94.8541 94.8932 9.48136 9.58136
RE+3_R2_CH02_B 96.1691 96.2105 96.2436 96.2701 96.2913 9.47437 9.57437
RE+3_R2_CH03_A 95.2148 95.2716 95.3184 95.3568 95.3884 9.46946 9.56946
RE+3_R2_CH03_B 95.095 95.1376 95.1718 95.1994 95.2217 9.49866 9.59866
RE+3_R2_CH04_A 92.0473 92.1101 92.163 92.2075 92.245 9.67875 9.77875
RE+3_R2_CH04_B 94.6319 94.7003 94.7578 94.8062 94.8469 9.67697 9.77697
RE+3_R2_CH05_A 96.3473 96.4139 96.4697 96.5165 96.5555 9.61163 9.71163
RE+3_R2_CH05_B 96.8054 96.8458 96.8778 96.9033 96.9236 9.46623 9.56623
RE+3_R2_CH06_A 96.3515 96.4126 96.4631 96.505 96.5396 9.41813 9.51813
RE+3_R2_CH06_B 96.6143 96.6783 96.732 96.7769 96.8146 9.62515 9.72515
RE+3_R2_CH07_A 94.9464 95.0155 95.0736 95.1225 95.1637 9.61229 9.71229
RE+3_R2_CH07_B 94.9018 94.9437 94.9774 95.0046 95.0265 9.60107 9.70107
RE+3_R2_CH08_A 90.5129 90.5799 90.6367 90.6849 90.7256 9.57696 9.67696
RE+3_R2_CH08_B 93.7752 93.8342 93.8831 93.9238 93.9576 9.56796 9.66796
RE+3_R2_CH09_A 96.6544 96.7182 96.7717 96.8166 96.8542 9.61018 9.71018
RE+3_R2_CH09_B 95.8576 95.9067 95.9468 95.9796 96.0063 9.58319 9.68319
RE+3_R2_CH10_A 97.9704 98.0506 98.1193 98.178 98.2283 9.45751 9.55751
RE+3_R2_CH10_B 96.739 96.796 96.843 96.8818 96.9138 9.41986 9.51986
RE+3_R2_CH11_A 96.9127 96.9856 97.0474 97.0998 97.1442 9.64301 9.74301
RE+3_R2_CH11_B 94.2328 94.2809 94.3199 94.3515 94.377 9.5704 9.6704
RE+3_R2_CH12_A 98.6712 98.7152 98.7506 98.7791 98.802 9.3768 9.4768
RE+3_R2_CH12_B 95.2769 95.3325 95.3785 95.4165 95.4481 9.47965 9.57965
RE+3_R2_CH13_A 96.5795 96.6358 96.6825 96.7212 96.7532 9.46839 9.56839
RE+3_R2_CH13_B 95.8409 95.8907 95.9312 95.9642 95.9911 9.50967 9.60967
RE+3_R2_CH14_A 95.4645 95.5266 95.5782 95.6212 95.6569 9.53297 9.63297
RE+3_R2_CH14_B 96.092 96.1375 96.1745 96.2044 96.2287 9.51812 9.61812
RE+3_R2_CH15_A 98.1041 98.1737 98.2325 98.2824 98.3245 9.59014 9.69014
RE+3_R2_CH15_B 95.982 96.0473 96.1022 96.1482 96.1868 9.58189 9.68189
RE+3_R2_CH16_A 96.344 96.3966 96.4399 96.4755 96.5048 9.54522 9.64522
RE+3_R2_CH16_B 96.8285 96.8831 96.928 96.9651 96.9956 9.51247 9.61247
RE+3_R2_CH17_A 95.7893 95.8415 95.8843 95.9193 95.948 9.51841 9.61841
RE+3_R2_CH17_B 93.884 93.9243 93.9565 93.9821 94.0025 9.4753 9.5753
RE+3_R2_CH18_A 96.0876 96.1396 96.1821 96.217 96.2456 9.55051 9.65051
RE+3_R2_CH18_B 96.2364 96.2742 96.3042 96.328 96.3469 9.50075 9.60075
RE+3_R2_CH19_A 96.4697 96.5213 96.5636 96.5981 96.6264 9.57401 9.67401
RE+3_R2_CH19_B 95.9224 95.9662 96.0016 96.0301 96.0531 9.49867 9.59867
RE+3_R2_CH20_A 94.0009 94.0473 94.085 94.1156 94.1405 9.56244 9.66244
RE+3_R2_CH20_B 97.7455 97.7978 97.8406 97.8756 97.9043 9.66608 9.76608
RE+3_R2_CH21_A 96.9495 97.0084 97.0573 97.0979 97.1315 9.60036 9.70036
RE+3_R2_CH21_B 96.5434 96.5874 96.6228 96.6513 96.6743 9.61371 9.71371
RE+3_R2_CH22_A 96.9929 97.0424 97.0828 97.1159 97.1428 9.64766 9.74766
RE+3_R2_CH22_B 96.809 96.8493 96.8814 96.9069 96.9272 9.56487 9.66487
RE+3_R2_CH23_A 97.784 97.8512 97.9075 97.9545 97.9939 9.72626 9.82626
RE+3_R2_CH23_B 95.7535 95.7956 95.8294 95.8565 95.8782 9.59268 9.69268
RE+3_R2_CH24_A 94.4611 94.5102 94.5502 94.5828 94.6093 9.54429 9.64429
RE+3_R2_CH24_B 97.8145 97.8762 97.9276 97.9705 98.0062 9.80972 9.90972
RE+3_R2_CH25_A 94.1513 94.2195 94.2768 94.325 94.3656 9.67944 9.77944
RE+3_R2_CH25_B 94.9688 95.0019 95.0279 95.0481 95.0639 9.61968 9.71968
RE+3_R2_CH26_A 96.2658 96.3149 96.3546 96.3868 96.4129 9.55222 9.65222
RE+3_R2_CH26_B 96.3021 96.3461 96.3813 96.4096 96.4323 9.63919 9.73919
RE+3_R2_CH27_A 96.182 96.2262 96.2619 96.2907 96.3139 9.52999 9.62999
RE+3_R2_CH27_B 96.1604 96.2007 96.233 96.2588 96.2794 9.60571 9.70571
RE+3_R2_CH28_A 98.6247 98.6817 98.7286 98.7671 98.7987 9.47487 9.57487
RE+3_R2_CH28_B 97.9273 97.9705 98.0052 98.0331 98.0556 9.46284 9.56284
RE+3_R2_CH29_A 96.5604 96.6272 96.6834 96.7308 96.7708 9.58091 9.68091
RE+3_R2_CH29_B 95.5023 95.5509 95.5904 95.6225 95.6487 9.49911 9.59911
RE+3_R2_CH30_A 92.1329 92.1801 92.2185 92.2497 92.2751 9.68919 9.78919
RE+3_R2_CH30_B 97.9978 98.0482 98.0892 98.1226 98.1498 9.65482 9.75482
RE+3_R2_CH31_A 97.3363 97.4068 97.4664 97.5167 97.5591 9.55668 9.65668
RE+3_R2_CH31_B 95.8672 95.9173 95.9583 95.9918 96.0192 9.5739 9.6739
RE+3_R2_CH32_A 96.0457 96.1089 96.1615 96.2052 96.2416 9.60979 9.70979
RE+3_R2_CH32_B 97.2852 97.3248 97.3562 97.3812 97.4011 9.52319 9.62319
RE+3_R2_CH33_A 95.5661 95.6305 95.6845 95.7298 95.7679 9.56321 9.66321
RE+3_R2_CH33_B 95.8185 95.8705 95.9129 95.9475 95.9757 9.50308 9.60308
RE+3_R2_CH34_A 95.8758 95.9416 95.9968 96.0431 96.082 9.6629 9.7629
RE+3_R2_CH34_B 97.0664 97.1259 97.1751 97.2158 97.2495 9.56833 9.66833
RE+3_R2_CH35_A 95.1169 95.2027 95.2769 95.341 95.3963 9.60248 9.70248
RE+3_R2_CH35_B 96.0275 96.0796 96.1221 96.1568 96.1851 9.52859 9.62859
RE+3_R2_CH36_A 93.2349 93.3161 93.3859 93.446 93.4977 9.65258 9.75258
RE+3_R2_CH36_B 97.0992 97.1473 97.1865 97.2182 97.2441 9.56131 9.66131
RE+3_R3_CH01_A 94.9134 95.0108 95.0971 95.1736 95.2414 9.79104 9.89104
RE+3_R3_CH01_B 95.8375 95.9005 95.9531 95.997 96.0337 9.53247 9.63247
RE+3_R3_CH01_C 96.1226 96.1733 96.2147 96.2487 96.2764 9.42066 9.52066
RE+3_R3_CH02_A 97.4029 97.4785 97.5427 97.5971 97.6434 9.47311 9.57311
RE+3_R3_CH02_B 98.0153 98.0869 98.1474 98.1984 98.2415 9.56759 9.66759
RE+3_R3_CH02_C 99.283 99.3275 99.3631 99.3916 99.4145 9.42664 9.52664
RE+3_R3_CH03_A 95.8025 95.866 95.9193 95.9639 96.0013 9.45348 9.55348
RE+3_R3_CH03_B 95.9257 95.9843 96.0329 96.0733 96.1067 9.50089 9.60089
RE+3_R3_CH03_C 97.3992 97.4551 97.5011 97.5391 97.5704 9.41817 9.51817
RE+3_R3_CH04_A 98.3631 98.4478 98.5208 98.5838 98.6381 9.52724 9.62724
RE+3_R3_CH04_B 96.5863 96.6517 96.7065 96.7525 96.7911 9.50084 9.60084
RE+3_R3_CH04_C 99.2839 99.3503 99.4058 99.4522 99.4909 9.45202 9.55202
RE+3_R3_CH05_A 96.3719 96.4431 96.5036 96.5551 96.5988 9.48051 9.58051
RE+3_R3_CH05_B 97.0641 97.1224 97.1705 97.2102 97.243 9.4592 9.5592
RE+3_R3_CH05_C 96.1387 96.2018 96.2543 96.298 96.3343 9.43439 9.53439
RE+3_R3_CH06_A 97.5936 97.6583 97.7121 97.7569 97.7943 9.38597 9.48597
RE+3_R3_CH06_B 97.7086 97.7601 97.8022 97.8367 97.8649 9.42223 9.52223
RE+3_R3_CH06_C 99.3766 99.4264 99.4667 99.4993 99.5257 9.3879 9.4879
RE+3_R3_CH07_B 96.6239 96.6818 96.7294 96.7686 96.8008 9.48306 9.58306
RE+3_R3_CH07_C 98.1325 98.1922 98.2416 98.2826 98.3166 9.46802 9.56802
RE+3_R3_CH08_A 97.478 97.5652 97.6407 97.7061 97.7628 9.51642 9.61642
RE+3_R3_CH08_B 98.1957 98.2641 98.3213 98.3692 98.4093 9.4571 9.5571
RE+3_R3_CH08_C 98.7493 98.8008 98.8425 98.8764 98.9039 9.3564 9.4564
RE+3_R3_CH09_A 97.081 97.1215 97.1538 97.1797 97.2004 9.28041 9.38041
RE+3_R3_CH09_B 97.2275 97.265 97.2948 97.3184 97.3371 9.32706 9.42706
RE+3_R3_CH09_C 98.2168 98.2583 98.2913 98.3176 98.3385 9.32013 9.42013
RE+3_R3_CH10_A 97.0544 97.1339 97.2017 97.2595 97.3089 9.41505 9.51505
RE+3_R3_CH10_B 96.3665 96.4205 96.4648 96.5012 96.531 9.48374 9.58374
RE+3_R3_CH10_C 99.2749 99.3287 99.3727 99.4087 99.4382 9.41127 9.51127
RE+3_R3_CH11_A 96.7213 96.799 96.8653 96.9219 96.9701 9.48069 9.58069
RE+3_R3_CH11_B 95.726 95.8071 95.8769 95.9372 95.9891 9.57118 9.67118
RE+3_R3_CH11_C 97.2175 97.2943 97.3601 97.4162 97.4643 9.48702 9.58702
RE+3_R3_CH12_A 98.615 98.6824 98.7388 98.7859 98.8254 9.37378 9.47378
RE+3_R3_CH12_B 97.5899 97.6467 97.6938 97.7328 97.765 9.43335 9.53335
RE+3_R3_CH12_C 99.3987 99.4472 99.4866 99.5185 99.5445 9.36781 9.46781
RE+3_R3_CH13_A 97.2703 97.3306 97.3805 97.4218 97.4559 9.35341 9.45341
RE+3_R3_CH13_B 95.6054 95.6953 95.7737 95.8421 95.9017 9.66946 9.76946
RE+3_R3_CH13_C 97.3219 97.3886 97.4447 97.492 97.5318 9.4561 9.5561
RE+3_R3_CH14_A 99.0682 99.1495 99.2189 99.2781 99.3286 9.57463 9.67463
RE+3_R3_CH14_B 97.9661 98.0284 98.0801 98.1231 98.1589 9.54194 9.64194
RE+3_R3_CH14_C 99.6671 99.7176 99.7586 99.7917 99.8185 9.40219 9.50219
RE+3_R3_CH15_A 96.6864 96.7471 96.7973 96.8388 96.8731 9.45076 9.55076
RE+3_R3_CH15_B 96.7264 96.7961 96.8547 96.904 96.9454 9.55662 9.65662
RE+3_R3_CH15_C 97.8707 97.945 98.0079 98.0614 98.1067 9.55938 9.65938
RE+3_R3_CH16_A 97.8335 97.8833 97.924 97.9572 97.9844 9.35976 9.45976
RE+3_R3_CH16_B 98.3781 98.4373 98.4864 98.5271 98.5609 9.5326 9.6326
RE+3_R3_CH16_C 99.1288 99.169 99.2012 99.2268 99.2473 9.43568 9.53568
RE+3_R3_CH17_A 97.3427 97.3797 97.409 97.4322 97.4506 9.47574 9.57574
RE+3_R3_CH17_B 97.3614 97.4097 97.4487 97.4803 97.5059 9.4286 9.5286
RE+3_R3_CH17_C 98.4352 98.4893 98.5337 98.5703 98.6004 9.4511 9.5511
RE+3_R3_CH18_A 96.5743 96.6373 96.6898 96.7337 96.7704 9.54981 9.64981
RE+3_R3_CH18_B 97.1165 97.18 97.233 97.2773 97.3142 9.57477 9.67477
RE+3_R3_CH18_C 99.5188 99.5704 99.6122 99.6461 99.6735 9.48818 9.58818
RE+3_R3_CH19_A 91.5736 91.654 91.7231 91.7827 91.8339 9.67974 9.77974
RE+3_R3_CH19_C 80.6213 80.6957 80.7605 80.8169 80.8661 9.83885 9.93885
RE+3_R3_CH20_A 97.7283 97.8055 97.8715 97.9279 97.9761 9.63735 9.73735
RE+3_R3_CH20_B 97.0565 97.0998 97.1345 97.1623 97.1845 9.54057 9.64057
RE+3_R3_CH20_C 98.8217 98.871 98.9108 98.9431 98.9692 9.50907 9.60907
RE+3_R3_CH21_A 97.4458 97.5158 97.5747 97.6243 97.6659 9.58373 9.68373
RE+3_R3_CH21_B 97.3507 97.4034 97.4465 97.4818 97.5108 9.59186 9.69186
RE+3_R3_CH21_C 98.2173 98.2865 98.3449 98.3941 98.4356 9.62014 9.72014
RE+3_R3_CH22_A 98.0081 98.0961 98.1723 98.2384 98.2955 9.69642 9.79642
RE+3_R3_CH22_B 98.6821 98.7411 98.7899 98.8301 98.8634 9.5853 9.6853
RE+3_R3_CH22_C 99.6045 99.6638 99.7125 99.7526 99.7856 9.54088 9.64088
RE+3_R3_CH23_A 98.0003 98.0639 98.1168 98.1608 98.1974 9.55096 9.65096
RE+3_R3_CH23_B 97.1089 97.1531 97.1887 97.2174 97.2406 9.57018 9.67018
RE+3_R3_CH23_C 98.2867 98.3658 98.4335 98.4914 98.5409 9.64517 9.74517
RE+3_R3_CH24_A 92.8943 92.9548 93.0051 93.0469 93.0817 9.74118 9.84118
RE+3_R3_CH24_B 98.3804 98.4131 98.4386 98.4585 98.474 9.51032 9.61032
RE+3_R3_CH24_C 99.0495 99.0923 99.1266 99.1541 99.1761 9.50554 9.60554
RE+3_R3_CH25_A 96.0648 96.1466 96.2174 96.2786 96.3315 9.63923 9.73923
RE+3_R3_CH25_B 97.4017 97.4489 97.4872 97.5183 97.5436 9.606 9.706
RE+3_R3_CH25_C 96.6639 96.7146 96.756 96.7897 96.8172 9.62661 9.72661
RE+3_R3_CH26_A 98.4919 98.56 98.6171 98.6648 98.7048 9.77586 9.87586
RE+3_R3_CH26_B 98.3233 98.3737 98.4149 98.4486 98.4761 9.60378 9.70378
RE+3_R3_CH26_C 99.4319 99.4801 99.5189 99.5502 99.5753 9.50483 9.60483
RE+3_R3_CH27_A 96.6245 96.6798 96.7254 96.763 96.794 9.58222 9.68222
RE+3_R3_CH27_B 97.1453 97.1916 97.2288 97.2587 97.2827 9.59839 9.69839
RE+3_R3_CH27_C 97.6404 97.6951 97.7399 97.7767 97.8068 9.58803 9.68803
RE+3_R3_CH28_A 90.2365 90.3246 90.4017 90.4692 90.5283 9.83943 9.93943
RE+3_R3_CH28_B 95.7583 95.8168 95.8654 95.9057 95.9391 9.62355 9.72355
RE+3_R3_CH28_C 97.8902 97.9424 97.9848 98.0195 98.0477 9.55809 9.65809
RE+3_R3_CH29_A 97.5013 97.5823 97.6517 97.7111 97.762 9.6699 9.7699
RE+3_R3_CH29_B 98.2337 98.2805 98.3183 98.3489 98.3735 9.59232 9.69232
RE+3_R3_CH29_C 97.1374 97.2075 97.2667 97.3167 97.3588 9.64783 9.74783
RE+3_R3_CH30_A 97.8738 97.938 97.9916 98.0363 98.0737 9.64783 9.74783
RE+3_R3_CH30_B 98.0545 98.1251 98.1848 98.2353 98.2781 9.69999 9.79999
RE+3_R3_CH30_C 99.0108 99.0521 99.085 99.1113 99.1324 9.51615 9.61615
RE+3_R3_CH31_A 95.178 95.232 95.2766 95.3133 95.3435 9.62919 9.72919
RE+3_R3_CH32_A 98.4162 98.5186 98.6093 98.6895 98.7604 9.74709 9.84709
RE+3_R3_CH32_B 97.5432 97.6058 97.658 97.7016 97.7379 9.62966 9.72966
RE+3_R3_CH32_C 98.9257 98.9842 99.0326 99.0728 99.1061 9.51706 9.61706
RE+3_R3_CH33_B 92.2321 92.307 92.3713 92.4265 92.4739 9.58592 9.68592
RE+3_R3_CH33_C 95.1278 95.2005 95.2625 95.3152 95.3601 9.59972 9.69972
RE+3_R3_CH34_A 90.7151 90.7859 90.8462 90.8975 90.9413 9.60856 9.70856
RE+3_R3_CH34_B 97.4946 97.5519 97.599 97.6377 97.6695 9.58529 9.68529
RE+3_R3_CH34_C 98.9949 99.0471 99.0898 99.1248 99.1534 9.49172 9.59172
RE+3_R3_CH35_A 95.3396 95.4165 95.4824 95.539 95.5875 9.46832 9.56832
RE+3_R3_CH35_B 96.1141 96.1708 96.2175 96.2561 96.2879 9.4684 9.5684
RE+3_R3_CH35_C 98.8493 98.9391 99.0168 99.084 99.142 9.60971 9.70971
RE+3_R3_CH36_A 91.2704 91.3516 91.4221 91.4833 91.5364 9.72072 9.82072
RE+3_R3_CH36_B 89.816 89.8859 89.9454 89.996 90.0392 9.58495 9.68495
RE+3_R3_CH36_C 96.8795 96.9588 97.027 97.0855 97.1357 9.57594 9.67594
