RE-4_R2_CH01_A 96.2365 96.2495 96.2604 96.2697 96.2775 9.35141 9.45141
RE-4_R2_CH01_B 90.5282 90.5382 90.5465 90.5534 90.5593 9.361 9.461
RE-4_R2_CH02_A 96.4712 96.4911 96.5083 96.5231 96.5359 9.47087 9.57087
RE-4_R2_CH02_B 91.0381 91.0559 91.0712 91.0843 91.0957 9.46618 9.56618
RE-4_R2_CH03_A 96.1447 96.155 96.1635 96.1706 96.1765 9.34941 9.44941
RE-4_R2_CH03_B 91.202 91.2075 91.212 91.2156 91.2186 9.30018 9.40018
RE-4_R2_CH04_A 98.5862 98.5938 98.6001 98.6053 98.6095 9.29818 9.39818
RE-4_R2_CH04_B 95.972 95.9764 95.9799 95.9827 95.9849 9.29771 9.39771
RE-4_R2_CH05_A 95.5724 95.5902 95.6056 95.6188 95.6301 9.3581 9.4581
RE-4_R2_CH05_B 88.9048 88.9143 88.9222 88.9289 88.9344 9.39642 9.49642
RE-4_R2_CH06_A 98.8276 98.8338 98.8389 98.843 98.8464 9.21805 9.31805
RE-4_R2_CH06_B 95.724 95.7275 95.7303 95.7324 95.7342 9.27867 9.37867
RE-4_R2_CH07_A 96.7147 96.7427 96.7674 96.7892 96.8084 9.4277 9.5277
RE-4_R2_CH07_B 89.5499 89.5537 89.5567 89.5592 89.5611 9.25623 9.35623
RE-4_R2_CH08_A 95.5923 95.6056 95.6169 95.6264 95.6344 9.32888 9.42888
RE-4_R2_CH08_B 94.1463 94.1505 94.1538 94.1565 94.1586 9.29616 9.39616
RE-4_R2_CH09_A 95.8432 95.8525 95.8602 95.8666 95.8719 9.28831 9.38831
RE-4_R2_CH09_B 92.2015 92.2082 92.2137 92.2182 92.2218 9.3127 9.4127
RE-4_R2_CH10_A 98.7399 98.7458 98.7505 98.7544 98.7575 9.21756 9.31756
RE-4_R2_CH10_B 97.0366 97.0416 97.0455 97.0487 97.0513 9.22051 9.32051
RE-4_R2_CH11_A 96.4851 96.4928 96.4991 96.5043 96.5086 9.30146 9.40146
RE-4_R2_CH11_B 92.4138 92.4166 92.4188 92.4205 92.4218 9.22958 9.32958
RE-4_R2_CH12_A 98.6565 98.6665 98.6747 98.6816 98.6873 9.24729 9.34729
RE-4_R2_CH13_A 96.2953 96.301 96.3057 96.3094 96.3124 9.26323 9.36323
RE-4_R2_CH13_B 94.1024 94.1051 94.1073 94.109 94.1103 9.19701 9.29701
RE-4_R2_CH14_A 97.6063 97.6107 97.6142 97.617 97.6192 9.27893 9.37893
RE-4_R2_CH14_B 95.1586 95.1635 95.1674 95.1706 95.1732 9.29844 9.39844
RE-4_R2_CH15_A 95.2541 95.2601 95.2651 95.2691 95.2723 9.27414 9.37414
RE-4_R2_CH15_B 93.5304 93.5405 93.5489 93.556 93.5618 9.35706 9.45706
RE-4_R2_CH16_A 93.2929 93.2983 93.3027 93.3063 93.3092 9.29854 9.39854
RE-4_R2_CH16_B 95.2574 95.2693 95.2792 95.2875 95.2945 9.37416 9.47416
RE-4_R2_CH17_A 94.7621 94.7671 94.7711 94.7743 94.7769 9.30318 9.40318
RE-4_R2_CH17_B 90.4115 90.4153 90.4183 90.4207 90.4226 9.29854 9.39854
RE-4_R2_CH18_A 98.1073 98.1116 98.115 98.1178 98.12 9.26383 9.36383
RE-4_R2_CH18_B 96.0646 96.0689 96.0723 96.075 96.0772 9.36432 9.46432
RE-4_R2_CH19_A 95.8375 95.8457 95.8525 95.8582 95.8628 9.37259 9.47259
RE-4_R2_CH19_B 90.5727 90.5766 90.5797 90.5822 90.5842 9.39857 9.49857
RE-4_R2_CH20_A 98.4113 98.4251 98.4367 98.4466 98.455 9.38363 9.48363
RE-4_R2_CH20_B 96.6015 96.602 96.6024 96.6027 96.6029 9.27791 9.37791
RE-4_R2_CH21_A 96.2451 96.2587 96.2701 96.2798 96.288 9.39639 9.49639
RE-4_R2_CH21_B 87.0951 87.1112 87.1252 87.1371 87.1474 9.50779 9.60779
RE-4_R2_CH22_A 101.688 101.745 101.797 101.846 101.89 10.0471 10.1471
RE-4_R2_CH22_B 83.5851 83.6221 83.6558 83.6863 83.714 9.78397 9.88397
RE-4_R2_CH23_A 95.8627 95.8725 95.8806 95.8874 95.893 9.25193 9.35193
RE-4_R2_CH23_B 91.8078 91.8166 91.824 91.8301 91.8352 9.2736 9.3736
RE-4_R2_CH24_A 98.8828 98.8912 98.8982 98.9039 98.9087 9.3071 9.4071
RE-4_R2_CH24_B 94.52 94.5267 94.5321 94.5366 94.5402 9.34552 9.44552
RE-4_R2_CH25_A 96.3845 96.3889 96.3925 96.3953 96.3976 9.19386 9.29386
RE-4_R2_CH25_B 89.033 89.0364 89.0391 89.0413 89.043 9.1562 9.2562
RE-4_R2_CH26_A 99.4633 99.472 99.4792 99.4851 99.49 9.31688 9.41688
RE-4_R2_CH26_B 95.1904 95.197 95.2024 95.2067 95.2103 9.25771 9.35771
RE-4_R2_CH27_A 96.2792 96.286 96.2915 96.2961 96.2998 9.23576 9.33576
RE-4_R2_CH27_B 90.7843 90.7864 90.788 90.7893 90.7903 9.16277 9.26277
RE-4_R2_CH28_A 99.1471 99.1555 99.1625 99.1682 99.1729 9.30651 9.40651
RE-4_R2_CH28_B 95.3402 95.3436 95.3464 95.3486 95.3503 9.27635 9.37635
RE-4_R2_CH29_A 95.334 95.3687 95.3997 95.4275 95.4523 9.60146 9.70146
RE-4_R2_CH29_B 92.7381 92.7577 92.7746 92.7892 92.8018 9.43245 9.53245
RE-4_R2_CH30_A 98.3266 98.3392 98.3499 98.3589 98.3664 9.35761 9.45761
RE-4_R2_CH30_B 96.4214 96.4264 96.4305 96.4337 96.4364 9.31158 9.41158
RE-4_R2_CH31_A 94.456 94.4696 94.4811 94.4909 94.4992 9.37425 9.47425
RE-4_R2_CH31_B 92.3019 92.311 92.3186 92.325 92.3302 9.38106 9.48106
RE-4_R2_CH32_A 96.1857 96.2002 96.2126 96.2231 96.2321 9.44367 9.54367
RE-4_R2_CH32_B 93.1964 93.2021 93.2068 93.2105 93.2136 9.32931 9.42931
RE-4_R2_CH33_A 96.8219 96.8263 96.8299 96.8327 96.835 9.18305 9.28305
RE-4_R2_CH33_B 90.866 90.8696 90.8724 90.8747 90.8765 9.1758 9.2758
RE-4_R2_CH34_A 97.7429 97.7515 97.7585 97.7643 97.7691 9.29602 9.39602
RE-4_R2_CH34_B 97.2431 97.2476 97.2513 97.2542 97.2566 9.28064 9.38064
RE-4_R2_CH35_A 97.2526 97.2679 97.2809 97.292 97.3015 9.50402 9.60402
RE-4_R2_CH35_B 84.5252 84.5296 84.5331 84.5359 84.5381 9.41598 9.51598
RE-4_R2_CH36_A 98.9963 99.0078 99.0175 99.0256 99.0324 9.42434 9.52434
RE-4_R2_CH36_B 95.8065 95.8129 95.8182 95.8226 95.8261 9.34556 9.44556
RE-4_R3_CH01_A 97.0302 97.0368 97.0421 97.0465 97.0501 9.31464 9.41464
RE-4_R3_CH01_B 93.1139 93.1221 93.1289 93.1345 93.1392 9.34623 9.44623
RE-4_R3_CH01_C 96.5837 96.5937 96.6021 96.6091 96.6149 9.29948 9.39948
RE-4_R3_CH02_A 98.7478 98.7598 98.7698 98.7782 98.7853 9.31346 9.41346
RE-4_R3_CH02_B 98.5637 98.5693 98.5738 98.5775 98.5804 9.28321 9.38321
RE-4_R3_CH02_C 99.3366 99.3402 99.3431 99.3454 99.3472 9.25232 9.35232
RE-4_R3_CH03_A 96.7328 96.7553 96.7748 96.7918 96.8065 9.45384 9.55384
RE-4_R3_CH03_B 96.7738 96.7798 96.7848 96.7888 96.792 9.2711 9.3711
RE-4_R3_CH03_C 97.0652 97.0813 97.0951 97.1068 97.1168 9.3806 9.4806
RE-4_R3_CH04_A 97.536 97.562 97.5848 97.6048 97.6224 9.62096 9.72096
RE-4_R3_CH04_B 98.5879 98.6025 98.615 98.6257 98.6347 9.45841 9.55841
RE-4_R3_CH04_C 99.1941 99.2034 99.2111 99.2175 99.2228 9.29712 9.39712
RE-4_R3_CH05_A 98.0087 98.0264 98.0416 98.0546 98.0658 9.46168 9.56168
RE-4_R3_CH05_B 96.6252 96.6328 96.639 96.6441 96.6483 9.32336 9.42336
RE-4_R3_CH05_C 95.6978 95.7071 95.7149 95.7213 95.7267 9.32514 9.42514
RE-4_R3_CH06_A 97.8781 97.8894 97.899 97.9069 97.9136 9.38251 9.48251
RE-4_R3_CH06_B 98.6206 98.6306 98.6388 98.6457 98.6514 9.36283 9.46283
RE-4_R3_CH06_C 99.0977 99.1046 99.1102 99.1149 99.1186 9.34342 9.44342
RE-4_R3_CH07_A 96.5577 96.566 96.5728 96.5785 96.5831 9.19723 9.29723
RE-4_R3_CH07_B 97.4791 97.49 97.499 97.5066 97.5129 9.30304 9.40304
RE-4_R3_CH07_C 96.2194 96.2247 96.229 96.2325 96.2353 9.20703 9.30703
RE-4_R3_CH08_A 97.9194 97.9391 97.9561 97.9708 97.9835 9.33922 9.43922
RE-4_R3_CH08_B 96.5136 96.5198 96.5248 96.5288 96.5322 9.24931 9.34931
RE-4_R3_CH08_C 98.3427 98.3495 98.355 98.3595 98.3632 9.23062 9.33062
RE-4_R3_CH09_A 96.4422 96.4484 96.4534 96.4575 96.4608 9.25501 9.35501
RE-4_R3_CH09_B 93.6904 93.7012 93.7103 93.718 93.7244 9.28445 9.38445
RE-4_R3_CH09_C 88.3805 88.3879 88.3939 88.3989 88.4029 9.20087 9.30087
RE-4_R3_CH10_A 98.8355 98.8479 98.8583 98.8671 98.8745 9.31794 9.41794
RE-4_R3_CH10_B 99.1134 99.1227 99.1304 99.1368 99.142 9.29004 9.39004
RE-4_R3_CH10_C 98.6695 98.6745 98.6785 98.6818 98.6844 9.22881 9.32881
RE-4_R3_CH11_A 97.5502 97.5745 97.5957 97.6141 97.6302 9.44391 9.54391
RE-4_R3_CH11_B 96.6729 96.6785 96.6831 96.6869 96.6899 9.29016 9.39016
RE-4_R3_CH11_C 92.8033 92.8088 92.8133 92.8169 92.8199 9.22825 9.32825
RE-4_R3_CH12_A 97.586 97.5938 97.6002 97.6055 97.6099 9.31632 9.41632
RE-4_R3_CH12_B 99.1165 99.1246 99.1312 99.1367 99.1412 9.33281 9.43281
RE-4_R3_CH12_C 99.4525 99.4592 99.4646 99.4691 99.4727 9.29971 9.39971
RE-4_R3_CH13_A 95.4477 95.4653 95.4804 95.4934 95.5045 9.41051 9.51051
RE-4_R3_CH13_B 95.4817 95.4873 95.4919 95.4955 95.4985 9.30149 9.40149
RE-4_R3_CH13_C 92.8798 92.8844 92.8881 92.8911 92.8935 9.24791 9.34791
RE-4_R3_CH14_A 97.8995 97.9112 97.9211 97.9294 97.9364 9.3441 9.4441
RE-4_R3_CH14_B 98.6182 98.6267 98.6337 98.6395 98.6442 9.29653 9.39653
RE-4_R3_CH14_C 98.0083 98.0141 98.0189 98.0228 98.026 9.2491 9.3491
RE-4_R3_CH15_A 95.7993 95.8251 95.8477 95.8676 95.8851 9.49541 9.59541
RE-4_R3_CH15_B 95.9951 96.002 96.0077 96.0123 96.0161 9.38164 9.48164
RE-4_R3_CH15_C 96.3893 96.4016 96.4119 96.4206 96.4279 9.43109 9.53109
RE-4_R3_CH16_A 99.5043 99.5287 99.55 99.5685 99.5847 9.49147 9.59147
RE-4_R3_CH16_B 98.0052 98.0257 98.0434 98.0587 98.0719 9.53759 9.63759
RE-4_R3_CH16_C 98.6319 98.646 98.6578 98.6679 98.6764 9.43525 9.53525
RE-4_R3_CH17_A 95.7125 95.7239 95.7334 95.7414 95.7482 9.30025 9.40025
RE-4_R3_CH17_B 97.0152 97.0229 97.0293 97.0345 97.0389 9.33935 9.43935
RE-4_R3_CH17_C 96.0927 96.0991 96.1042 96.1084 96.1118 9.33788 9.43788
RE-4_R3_CH18_A 98.2987 98.3082 98.3161 98.3226 98.328 9.42882 9.52882
RE-4_R3_CH18_B 98.0245 98.0372 98.0479 98.057 98.0646 9.42228 9.52228
RE-4_R3_CH18_C 98.6954 98.7016 98.7067 98.7107 98.714 9.27566 9.37566
RE-4_R3_CH19_A 96.2584 96.2815 96.3016 96.3191 96.3343 9.50149 9.60149
RE-4_R3_CH19_B 95.5991 95.6068 95.6131 95.6184 95.6227 9.40751 9.50751
RE-4_R3_CH19_C 95.434 95.446 95.4562 95.4647 95.4719 9.37591 9.47591
RE-4_R3_CH20_A 99.2951 99.3245 99.3504 99.3733 99.3936 9.59331 9.69331
RE-4_R3_CH20_B 97.6342 97.6485 97.6606 97.6709 97.6797 9.41426 9.51426
RE-4_R3_CH20_C 98.8566 98.8648 98.8715 98.877 98.8815 9.3767 9.4767
RE-4_R3_CH21_A 96.6409 96.6612 96.6788 96.6941 96.7073 9.43599 9.53599
RE-4_R3_CH21_B 97.7016 97.7124 97.7215 97.729 97.7353 9.40297 9.50297
RE-4_R3_CH21_C 96.618 96.6331 96.646 96.6571 96.6665 9.39774 9.49774
RE-4_R3_CH22_A 97.3279 97.3352 97.3411 97.3459 97.3499 9.40378 9.50378
RE-4_R3_CH22_B 96.0405 96.0446 96.0478 96.0503 96.0523 9.39564 9.49564
RE-4_R3_CH22_C 96.9914 97 97.0071 97.013 97.0179 9.34454 9.44454
RE-4_R3_CH23_A 96.2284 96.2541 96.2766 96.2964 96.3138 9.39207 9.49207
RE-4_R3_CH23_B 96.9201 96.9292 96.9367 96.9429 96.9481 9.3374 9.4374
RE-4_R3_CH23_C 96.5636 96.5783 96.5908 96.6014 96.6104 9.34565 9.44565
RE-4_R3_CH24_A 98.504 98.5087 98.5125 98.5155 98.518 9.29811 9.39811
RE-4_R3_CH24_B 99.5946 99.6018 99.6077 99.6124 99.6163 9.38297 9.48297
RE-4_R3_CH24_C 99.5612 99.568 99.5736 99.5782 99.5819 9.30377 9.40377
RE-4_R3_CH25_A 97.2412 97.26 97.2762 97.2901 97.302 9.5616 9.6616
RE-4_R3_CH25_B 97.2772 97.2817 97.2853 97.2881 97.2904 9.28765 9.38765
RE-4_R3_CH25_C 96.7543 96.7615 96.7674 96.7722 96.7761 9.31552 9.41552
RE-4_R3_CH26_A 97.546 97.5546 97.5616 97.5675 97.5723 9.31436 9.41436
RE-4_R3_CH26_B 99.4067 99.4154 99.4226 99.4285 99.4334 9.31053 9.41053
RE-4_R3_CH26_C 99.211 99.2215 99.2303 99.2376 99.2437 9.31656 9.41656
RE-4_R3_CH27_A 96.8766 96.8889 96.8992 96.9079 96.9152 9.32715 9.42715
RE-4_R3_CH27_B 97.2767 97.2844 97.2907 97.2958 97.3001 9.30824 9.40824
RE-4_R3_CH27_C 96.5365 96.5521 96.5654 96.5767 96.5863 9.28237 9.38237
RE-4_R3_CH28_A 98.3942 98.4035 98.4111 98.4175 98.4227 9.31013 9.41013
RE-4_R3_CH28_B 99.507 99.5122 99.5163 99.5196 99.5223 9.29182 9.39182
RE-4_R3_CH28_C 99.4115 99.4181 99.4236 99.428 99.4316 9.2543 9.3543
RE-4_R3_CH29_A 94.7915 94.7989 94.8051 94.8101 94.8143 9.27845 9.37845
RE-4_R3_CH29_B 96.7926 96.7999 96.8058 96.8107 96.8147 9.33098 9.43098
RE-4_R3_CH29_C 95.7444 95.7586 95.7707 95.7809 95.7896 9.31586 9.41586
RE-4_R3_CH30_A 94.9959 95.0007 95.0046 95.0077 95.0102 9.32175 9.42175
RE-4_R3_CH30_B 96.7634 96.7693 96.774 96.7778 96.7809 9.38809 9.48809
RE-4_R3_CH30_C 95.1315 95.1373 95.142 95.1458 95.1489 9.31711 9.41711
RE-4_R3_CH31_A 97.5636 97.5728 97.5804 97.5867 97.5919 9.35976 9.45976
RE-4_R3_CH31_B 98.1897 98.2015 98.2114 98.2198 98.2267 9.42888 9.52888
RE-4_R3_CH31_C 96.1533 96.1603 96.166 96.1706 96.1745 9.29621 9.39621
RE-4_R3_CH32_A 97.9799 97.997 98.0115 98.0241 98.0348 9.45199 9.55199
RE-4_R3_CH32_B 99.0765 99.0859 99.0937 99.1002 99.1055 9.42956 9.52956
RE-4_R3_CH32_C 99.57 99.579 99.5864 99.5926 99.5977 9.33075 9.43075
RE-4_R3_CH33_A 96.386 96.3919 96.3967 96.4005 96.4037 9.24687 9.34687
RE-4_R3_CH33_B 96.3152 96.3203 96.3245 96.3278 96.3306 9.25291 9.35291
RE-4_R3_CH33_C 95.533 95.5405 95.5466 95.5517 95.5558 9.24626 9.34626
RE-4_R3_CH34_A 97.5967 97.6036 97.6091 97.6137 97.6173 9.20337 9.30337
RE-4_R3_CH34_B 99.5495 99.5566 99.5623 99.567 99.5709 9.24719 9.34719
RE-4_R3_CH34_C 99.1594 99.1705 99.1797 99.1874 99.1939 9.27753 9.37753
RE-4_R3_CH35_A 97.2746 97.2831 97.2902 97.296 97.3008 9.39311 9.49311
RE-4_R3_CH35_B 96.7374 96.7435 96.7484 96.7523 96.7555 9.36246 9.46246
RE-4_R3_CH35_C 95.7215 95.7332 95.743 95.7513 95.7582 9.29912 9.39912
RE-4_R3_CH36_A 97.8531 97.8585 97.8628 97.8662 97.869 9.25643 9.35643
RE-4_R3_CH36_B 97.6314 97.635 97.6379 97.6401 97.6418 9.30092 9.40092
RE-4_R3_CH36_C 99.1123 99.1191 99.1246 99.1291 99.1328 9.25981 9.35981
RE+4_R2_CH01_A 96.5004 96.5293 96.5549 96.5775 96.5975 9.46966 9.56966
RE+4_R2_CH01_B 89.4208 89.4287 89.4352 89.4405 89.4449 9.33772 9.43772
RE+4_R2_CH02_A 98.3052 98.3145 98.3223 98.3287 98.334 9.41153 9.51153
RE+4_R2_CH02_B 96.5548 96.5596 96.5634 96.5665 96.5689 9.33951 9.43951
RE+4_R2_CH03_A 93.6813 93.6858 93.6893 93.6922 93.6945 9.2965 9.3965
RE+4_R2_CH03_B 89.7343 89.7519 89.767 89.7801 89.7913 9.41609 9.51609
RE+4_R2_CH04_A 99.5876 99.6072 99.624 99.6384 99.6509 9.47291 9.57291
RE+4_R2_CH04_B 97.1777 97.1851 97.1911 97.196 97.2001 9.27262 9.37262
RE+4_R2_CH05_A 92.9 92.9086 92.9157 92.9217 92.9266 9.36762 9.46762
RE+4_R2_CH05_B 87.6164 87.6225 87.6275 87.6315 87.6349 9.39988 9.49988
RE+4_R2_CH06_A 98.1589 98.1656 98.1711 98.1755 98.1791 9.32918 9.42918
RE+4_R2_CH06_B 97.0915 97.0964 97.1004 97.1036 97.1062 9.36662 9.46662
RE+4_R2_CH07_A 96.4642 96.4723 96.4789 96.4844 96.4889 9.33772 9.43772
RE+4_R2_CH07_B 91.0732 91.0792 91.0841 91.0881 91.0913 9.38113 9.48113
RE+4_R2_CH08_A 98.8239 98.8303 98.8355 98.8397 98.8432 9.2762 9.3762
RE+4_R2_CH08_B 93.7247 93.7362 93.7458 93.7539 93.7607 9.30164 9.40164
RE+4_R2_CH09_A 93.2927 93.3051 93.3155 93.3243 93.3317 9.31013 9.41013
RE+4_R2_CH09_B 90.1566 90.1701 90.1817 90.1915 90.1998 9.3633 9.4633
RE+4_R2_CH10_A 95.683 95.683 95.683 95.683 95.683 9.08617 9.18617
RE+4_R2_CH10_B 92.2184 92.2204 92.2219 92.2231 92.224 9.18516 9.28516
RE+4_R2_CH11_A 96.8905 96.8966 96.9015 96.9055 96.9088 9.25284 9.35284
RE+4_R2_CH11_B 90.8407 90.8452 90.8488 90.8516 90.854 9.30723 9.40723
RE+4_R2_CH12_A 95.711 95.7303 95.7469 95.7613 95.7736 9.44045 9.54045
RE+4_R2_CH12_B 92.6053 92.6144 92.622 92.6283 92.6336 9.35874 9.45874
RE+4_R2_CH13_A 97.1883 97.206 97.2212 97.2343 97.2455 9.34107 9.44107
RE+4_R2_CH13_B 90.3716 90.3789 90.3849 90.3898 90.3938 9.26237 9.36237
RE+4_R2_CH14_A 99.1214 99.1432 99.1621 99.1784 99.1926 9.40212 9.50212
RE+4_R2_CH14_B 95.1542 95.1578 95.1606 95.1629 95.1646 9.27701 9.37701
RE+4_R2_CH15_A 97.4404 97.4492 97.4564 97.4623 97.4672 9.27103 9.37103
RE+4_R2_CH15_B 91.818 91.8269 91.8344 91.8405 91.8456 9.30615 9.40615
RE+4_R2_CH16_A 98.6614 98.6749 98.6863 98.6959 98.7041 9.36318 9.46318
RE+4_R2_CH16_B 95.5358 95.5376 95.539 95.54 95.5408 9.23709 9.33709
RE+4_R2_CH17_A 97.118 97.1236 97.1281 97.1317 97.1347 9.29953 9.39953
RE+4_R2_CH17_B 83.027 83.0384 83.048 83.0561 83.063 9.45523 9.55523
RE+4_R2_CH18_A 98.1285 98.1351 98.1404 98.1447 98.1482 9.32313 9.42313
RE+4_R2_CH18_B 92.4546 92.4614 92.4669 92.4715 92.4752 9.28571 9.38571
RE+4_R2_CH19_A 97.0952 97.1091 97.1208 97.1307 97.139 9.356 9.456
RE+4_R2_CH19_B 90.8086 90.8121 90.8148 90.817 90.8187 9.36496 9.46496
RE+4_R2_CH20_A 96.4439 96.4526 96.4597 96.4657 96.4706 9.45481 9.55481
RE+4_R2_CH20_B 94.878 94.8892 94.8985 94.9063 94.9128 9.32682 9.42682
RE+4_R2_CH21_A 95.7735 95.7814 95.7879 95.7932 95.7976 9.4626 9.5626
RE+4_R2_CH21_B 84.4455 84.4553 84.4636 84.4704 84.4762 9.39981 9.49981
RE+4_R2_CH22_A 85.3984 85.4061 85.4125 85.4177 85.4221 9.48772 9.58772
RE+4_R2_CH22_B 84.3307 84.3417 84.3509 84.3587 84.3653 9.38652 9.48652
RE+4_R2_CH23_A 96.4173 96.4241 96.4297 96.4343 96.438 9.29699 9.39699
RE+4_R2_CH23_B 93.0405 93.0487 93.0554 93.061 93.0656 9.32049 9.42049
RE+4_R2_CH24_A 96.607 96.6142 96.62 96.6249 96.6288 9.33158 9.43158
RE+4_R2_CH24_B 94.1721 94.1801 94.1868 94.1923 94.1968 9.24043 9.34043
RE+4_R2_CH25_A 96.5632 96.5849 96.6037 96.6201 96.6344 9.375 9.475
RE+4_R2_CH25_B 93.2832 93.295 93.3048 93.3131 93.3201 9.27427 9.37427
RE+4_R2_CH26_A 98.384 98.3899 98.3947 98.3986 98.4017 9.34056 9.44056
RE+4_R2_CH26_B 95.9214 95.9228 95.9238 95.9246 95.9252 9.2878 9.3878
RE+4_R2_CH27_A 96.7078 96.7214 96.7329 96.7427 96.7509 9.34116 9.44116
RE+4_R2_CH27_B 92.294 92.2995 92.304 92.3076 92.3105 9.23769 9.33769
RE+4_R2_CH28_A 98.9359 98.9517 98.9651 98.9766 98.9864 9.38153 9.48153
RE+4_R2_CH28_B 98.4244 98.4358 98.4453 98.4532 98.4599 9.34373 9.44373
RE+4_R2_CH29_A 96.5038 96.5163 96.5269 96.5358 96.5433 9.25812 9.35812
RE+4_R2_CH29_B 92.3524 92.3574 92.3615 92.3648 92.3674 9.18163 9.28163
RE+4_R2_CH31_A 96.682 96.6982 96.7121 96.7239 96.7339 9.34229 9.44229
RE+4_R2_CH31_B 92.859 92.8692 92.8777 92.8847 92.8907 9.26302 9.36302
RE+4_R2_CH32_A 99.618 99.6294 99.6389 99.6469 99.6535 9.34688 9.44688
RE+4_R2_CH32_B 97.2483 97.254 97.2586 97.2623 97.2653 9.22818 9.32818
RE+4_R2_CH33_A 96.4979 96.503 96.507 96.5103 96.5129 9.22456 9.32456
RE+4_R2_CH33_B 93.1322 93.1344 93.1361 93.1374 93.1384 9.17509 9.27509
RE+4_R2_CH34_A 98.983 98.9904 98.9965 99.0015 99.0056 9.27665 9.37665
RE+4_R2_CH34_B 95.2317 95.2353 95.2382 95.2406 95.2424 9.17599 9.27599
RE+4_R2_CH35_A 96.2051 96.212 96.2176 96.2222 96.2259 9.3082 9.4082
RE+4_R2_CH35_B 91.5355 91.5431 91.5494 91.5545 91.5587 9.30138 9.40138
RE+4_R2_CH36_A 94.766 94.7776 94.7873 94.7955 94.8024 9.3323 9.4323
RE+4_R2_CH36_B 91.4633 91.4652 91.4667 91.4678 91.4686 9.27088 9.37088
RE+4_R3_CH01_A 96.4839 96.5212 96.5546 96.5847 96.6117 9.66252 9.76252
RE+4_R3_CH01_B 94.6086 94.6146 94.6195 94.6234 94.6266 9.41317 9.51317
RE+4_R3_CH01_C 93.9981 94.0101 94.0203 94.0288 94.036 9.33625 9.43625
RE+4_R3_CH02_A 90.9395 90.9451 90.9497 90.9534 90.9564 9.3205 9.4205
RE+4_R3_CH02_B 98.7642 98.7841 98.8013 98.8162 98.8289 9.54728 9.64728
RE+4_R3_CH02_C 95.8869 95.9031 95.9169 95.9287 95.9388 9.51361 9.61361
RE+4_R3_CH03_A 95.7126 95.7203 95.7266 95.7317 95.736 9.30738 9.40738
RE+4_R3_CH03_B 94.0712 94.0781 94.0838 94.0884 94.0921 9.29346 9.39346
RE+4_R3_CH03_C 91.4069 91.4126 91.4172 91.4209 91.424 9.25913 9.35913
RE+4_R3_CH04_A 98.0195 98.0283 98.0357 98.0417 98.0467 9.28715 9.38715
RE+4_R3_CH04_B 98.1926 98.2006 98.2071 98.2125 98.2169 9.38965 9.48965
RE+4_R3_CH04_C 95.8125 95.8201 95.8264 95.8315 95.8357 9.29628 9.39628
RE+4_R3_CH05_A 94.1835 94.1935 94.2018 94.2087 94.2145 9.27362 9.37362
RE+4_R3_CH05_B 96.801 96.8069 96.8117 96.8156 96.8188 9.31564 9.41564
RE+4_R3_CH05_C 95.9001 95.9077 95.914 95.9191 95.9233 9.29775 9.39775
RE+4_R3_CH06_A 97.8143 97.8216 97.8275 97.8324 97.8364 9.14343 9.24343
RE+4_R3_CH06_B 98.9039 98.9101 98.9151 98.9191 98.9224 9.23509 9.33509
RE+4_R3_CH06_C 99.0572 99.0637 99.069 99.0732 99.0767 9.21587 9.31587
RE+4_R3_CH07_A 96.045 96.062 96.0765 96.0889 96.0996 9.36244 9.46244
RE+4_R3_CH07_B 96.1525 96.1572 96.1609 96.1638 96.1662 9.24067 9.34067
RE+4_R3_CH07_C 96.1757 96.1832 96.1893 96.1944 96.1986 9.30001 9.40001
RE+4_R3_CH08_A 99.2952 99.3064 99.3157 99.3235 99.33 9.36075 9.46075
RE+4_R3_CH08_B 97.4966 97.5082 97.5179 97.5261 97.5329 9.39335 9.49335
RE+4_R3_CH08_C 95.9223 95.9322 95.9405 95.9475 95.9532 9.4051 9.5051
RE+4_R3_CH09_A 96.6537 96.6664 96.6771 96.6861 96.6937 9.37083 9.47083
RE+4_R3_CH09_B 97.9701 97.9779 97.9843 97.9896 97.9939 9.29662 9.39662
RE+4_R3_CH09_C 96.9959 97.0048 97.0122 97.0183 97.0234 9.25501 9.35501
RE+4_R3_CH10_A 87.8495 87.8607 87.8701 87.8781 87.8847 9.24922 9.34922
RE+4_R3_CH10_B 93.9196 93.9252 93.9298 93.9335 93.9365 9.2478 9.3478
RE+4_R3_CH10_C 98.021 98.0612 98.0974 98.13 98.1593 9.61851 9.71851
RE+4_R3_CH11_A 96.8143 96.8241 96.8322 96.839 96.8446 9.29817 9.39817
RE+4_R3_CH11_B 96.6705 96.6754 96.6794 96.6826 96.6851 9.33246 9.43246
RE+4_R3_CH11_C 92.6125 92.6232 92.632 92.6394 92.6456 9.3323 9.4323
RE+4_R3_CH12_A 95.2576 95.2634 95.2681 95.2719 95.2749 9.24122 9.34122
RE+4_R3_CH12_B 97.5497 97.5607 97.57 97.5777 97.5842 9.36757 9.46757
RE+4_R3_CH12_C 98.3396 98.3519 98.3623 98.371 98.3784 9.38289 9.48289
RE+4_R3_CH13_A 96.6231 96.6473 96.6686 96.6871 96.7034 9.46447 9.56447
RE+4_R3_CH13_B 96.1618 96.1686 96.1741 96.1785 96.1822 9.33423 9.43423
RE+4_R3_CH13_C 96.7264 96.7449 96.7608 96.7745 96.7863 9.48788 9.58788
RE+4_R3_CH14_A 98.7316 98.7402 98.7473 98.7532 98.758 9.27036 9.37036
RE+4_R3_CH14_B 93.6771 93.6848 93.6911 93.6963 93.7005 9.39417 9.49417
RE+4_R3_CH14_C 98.9112 98.9192 98.9257 98.9311 98.9355 9.31733 9.41733
RE+4_R3_CH15_A 96.8577 96.8672 96.8752 96.8818 96.8873 9.36539 9.46539
RE+4_R3_CH15_B 96.3715 96.379 96.3852 96.3903 96.3944 9.37453 9.47453
RE+4_R3_CH15_C 96.2799 96.2842 96.2876 96.2903 96.2924 9.30817 9.40817
RE+4_R3_CH16_A 97.9984 98.0099 98.0196 98.0276 98.0344 9.33004 9.43004
RE+4_R3_CH16_B 98.6321 98.6478 98.6611 98.6726 98.6823 9.4746 9.5746
RE+4_R3_CH16_C 99.7289 99.7423 99.7536 99.7632 99.7712 9.36622 9.46622
RE+4_R3_CH18_A 99.36 99.3752 99.3881 99.399 99.4083 9.35532 9.45532
RE+4_R3_CH18_B 99.168 99.1741 99.1791 99.1832 99.1864 9.33034 9.43034
RE+4_R3_CH18_C 97.7551 97.7612 97.7662 97.7703 97.7735 9.29242 9.39242
RE+4_R3_CH19_A 96.566 96.5905 96.6119 96.6307 96.6472 9.74785 9.84785
RE+4_R3_CH19_B 93.2498 93.2615 93.2713 93.2796 93.2866 9.60868 9.70868
RE+4_R3_CH19_C 91.5401 91.5532 91.5643 91.5738 91.5818 9.61519 9.71519
RE+4_R3_CH20_A 98.4235 98.4409 98.4558 98.4686 98.4795 9.39241 9.49241
RE+4_R3_CH20_B 96.7994 96.8062 96.8117 96.8162 96.8199 9.42328 9.52328
RE+4_R3_CH20_C 94.9886 94.9949 95.0001 95.0043 95.0078 9.33401 9.43401
RE+4_R3_CH21_A 96.0206 96.0508 96.0777 96.1016 96.1227 9.62652 9.72652
RE+4_R3_CH21_B 96.6577 96.6676 96.6759 96.6827 96.6884 9.45344 9.55344
RE+4_R3_CH21_C 96.2016 96.2202 96.2361 96.2499 96.2617 9.44225 9.54225
RE+4_R3_CH22_A 100.503 100.529 100.552 100.572 100.59 9.69535 9.79535
RE+4_R3_CH22_B 99.1567 99.1672 99.1759 99.1832 99.1892 9.49807 9.59807
RE+4_R3_CH22_C 98.0136 98.0233 98.0314 98.0382 98.0438 9.49801 9.59801
RE+4_R3_CH23_A 96.0861 96.0921 96.097 96.1009 96.1041 9.27002 9.37002
RE+4_R3_CH23_B 96.298 96.3022 96.3056 96.3083 96.3104 9.28288 9.38288
RE+4_R3_CH23_C 96.8147 96.8269 96.8372 96.8459 96.8532 9.28075 9.38075
RE+4_R3_CH24_A 99.1989 99.2097 99.2187 99.2262 99.2324 9.36609 9.46609
RE+4_R3_CH24_B 98.9499 98.9565 98.9619 98.9662 98.9697 9.32204 9.42204
RE+4_R3_CH24_C 99.2282 99.2322 99.2353 99.2378 99.2398 9.23069 9.33069
RE+4_R3_CH25_A 93.8157 93.8305 93.8431 93.8538 93.8629 9.52217 9.62217
RE+4_R3_CH25_B 95.3451 95.3556 95.3644 95.3717 95.3778 9.44905 9.54905
RE+4_R3_CH25_C 95.3552 95.3623 95.3681 95.3728 95.3767 9.34515 9.44515
RE+4_R3_CH26_A 99.4269 99.435 99.4417 99.4472 99.4517 9.32836 9.42836
RE+4_R3_CH26_B 97.8969 97.9048 97.9113 97.9167 97.9211 9.34938 9.44938
RE+4_R3_CH26_C 99.1871 99.1963 99.2039 99.2101 99.2153 9.30776 9.40776
RE+4_R3_CH27_A 95.8155 95.833 95.848 95.861 95.8721 9.43042 9.53042
RE+4_R3_CH27_B 97.1267 97.1418 97.1546 97.1654 97.1747 9.44261 9.54261
RE+4_R3_CH27_C 96.7603 96.7828 96.8023 96.8193 96.834 9.44821 9.54821
RE+4_R3_CH28_A 98.1765 98.193 98.207 98.219 98.2293 9.33987 9.43987
RE+4_R3_CH28_B 99.2143 99.224 99.2321 99.2388 99.2444 9.3465 9.4465
RE+4_R3_CH28_C 99.3293 99.3392 99.3475 99.3543 99.36 9.27873 9.37873
RE+4_R3_CH29_A 91.2986 91.3099 91.3193 91.3272 91.3339 9.27872 9.37872
RE+4_R3_CH29_B 95.3114 95.3225 95.3319 95.3397 95.3462 9.3504 9.4504
RE+4_R3_CH29_C 95.2679 95.2867 95.303 95.317 95.3291 9.37772 9.47772
RE+4_R3_CH31_A 93.9856 94.0079 94.0273 94.0443 94.059 9.54098 9.64098
RE+4_R3_CH31_B 96.0543 96.0604 96.0654 96.0695 96.0728 9.33865 9.43865
RE+4_R3_CH31_C 94.0783 94.092 94.1036 94.1135 94.1219 9.44589 9.54589
RE+4_R3_CH32_A 98.6857 98.7126 98.7362 98.7569 98.7752 9.56288 9.66288
RE+4_R3_CH32_B 99.4979 99.5097 99.5195 99.5278 99.5347 9.39943 9.49943
RE+4_R3_CH32_C 99.0293 99.0373 99.0438 99.0491 99.0535 9.27894 9.37894
RE+4_R3_CH33_A 94.952 94.9612 94.9688 94.9751 94.9804 9.25708 9.35708
RE+4_R3_CH33_B 96.6176 96.6225 96.6264 96.6296 96.6321 9.23486 9.33486
RE+4_R3_CH33_C 95.829 95.8336 95.8373 95.8403 95.8426 9.19741 9.29741
RE+4_R3_CH34_A 96.3343 96.3449 96.3539 96.3614 96.3676 9.33893 9.43893
RE+4_R3_CH34_B 98.0374 98.0427 98.0469 98.0503 98.0531 9.24214 9.34214
RE+4_R3_CH34_C 99.0184 99.0267 99.0336 99.0392 99.0438 9.26664 9.36664
RE+4_R3_CH35_A 96.6797 96.7102 96.7373 96.7614 96.7827 9.81845 9.91845
RE+4_R3_CH35_B 93.4062 93.4237 93.4388 93.4518 93.463 9.64408 9.74408
RE+4_R3_CH35_C 94.4252 94.458 94.4872 94.5133 94.5366 9.69222 9.79222
RE+4_R3_CH36_A 96.5345 96.542 96.5481 96.5532 96.5573 9.42965 9.52965
RE+4_R3_CH36_B 97.5667 97.5754 97.5826 97.5885 97.5935 9.43599 9.53599
RE+4_R3_CH36_C 97.0019 97.0168 97.0294 97.0401 97.0492 9.43261 9.53261
