W-2_RB1in_S01_Backward 97.5114 97.5175 97.5225 97.5266 97.5298 9.08633 9.18633
W-2_RB1in_S01_Forward 99.5895 99.6007 99.61 99.6179 99.6244 9.09927 9.19927
W-1_RB1in_S01_Backward 99.1496 99.159 99.1668 99.1733 99.1786 9.24572 9.34572
W-1_RB1in_S01_Forward 99.1818 99.1999 99.2153 99.2286 99.24 9.26769 9.36769
W+0_RB1in_S01_Backward 98.5144 98.5254 98.5345 98.5422 98.5486 9.1978 9.2978
W+0_RB1in_S01_Forward 97.9689 97.9809 97.9909 97.9994 98.0065 9.18499 9.28499
W+1_RB1in_S01_Backward 95.7646 95.7879 95.8082 95.8258 95.8412 9.55642 9.65642
W+2_RB1in_S01_Backward 96.8392 96.8483 96.8557 96.8619 96.867 9.09919 9.19919
W+2_RB1in_S01_Forward 99.6822 99.6895 99.6955 99.7004 99.7044 9.08458 9.18458
W-2_RB1in_S02_Backward 97.4504 97.4572 97.4627 97.4672 97.4709 9.19791 9.29791
W-2_RB1in_S02_Forward 99.5089 99.5161 99.5221 99.527 99.531 9.15851 9.25851
W-1_RB1in_S02_Backward 95.4237 95.432 95.4389 95.4446 95.4493 9.10421 9.20421
W-1_RB1in_S02_Forward 98.7181 98.7283 98.7368 98.7439 98.7498 9.11914 9.21914
W+0_RB1in_S02_Backward 97.7797 97.7986 97.8149 97.8289 97.841 9.50575 9.60575
W+0_RB1in_S02_Forward 96.3566 96.3724 96.3859 96.3974 96.4073 9.25401 9.35401
W+1_RB1in_S02_Backward 98.0729 98.091 98.1067 98.1201 98.1316 9.34717 9.44717
W+1_RB1in_S02_Forward 97.4619 97.4846 97.5043 97.5215 97.5364 9.32068 9.42068
W+2_RB1in_S02_Backward 97.5612 97.5679 97.5732 97.5776 97.5812 9.07662 9.17662
W+2_RB1in_S02_Forward 98.6181 98.6263 98.6331 98.6386 98.6432 9.06875 9.16875
W-2_RB1in_S03_Backward 97.3908 97.3987 97.4052 97.4106 97.415 9.21265 9.31265
W-2_RB1in_S03_Forward 99.2096 99.2249 99.238 99.2491 99.2585 9.2268 9.3268
W-1_RB1in_S03_Backward 96.9703 96.9937 97.0142 97.032 97.0476 9.34979 9.44979
W-1_RB1in_S03_Forward 98.7788 98.788 98.7956 98.8018 98.807 9.14661 9.24661
W+0_RB1in_S03_Backward 98.1355 98.1488 98.1599 98.1694 98.1773 9.21447 9.31447
W+0_RB1in_S03_Forward 97.1402 97.1545 97.1666 97.1769 97.1856 9.22464 9.32464
W+1_RB1in_S03_Backward 95.0409 95.0558 95.0684 95.0792 95.0884 9.3484 9.4484
W+1_RB1in_S03_Forward 97.8248 97.8432 97.859 97.8725 97.8842 9.27812 9.37812
W+2_RB1in_S03_Backward 96.0895 96.0946 96.0986 96.1019 96.1046 9.07048 9.17048
W+2_RB1in_S03_Forward 96.9612 96.9612 96.9612 96.9612 96.9612 9.05754 9.15754
W-2_RB1in_S04_Backward 85.3275 85.3383 85.3474 85.3551 85.3615 9.21271 9.31271
W-2_RB1in_S04_Forward 99.7111 99.7221 99.7313 99.739 99.7454 9.1509 9.2509
W-1_RB1in_S04_Backward 98.8499 98.8627 98.8734 98.8824 98.89 9.21018 9.31018
W-1_RB1in_S04_Forward 98.6226 98.6435 98.6617 98.6774 98.6911 9.2347 9.3347
W+1_RB1in_S04_Backward 98.9839 99.0061 99.0254 99.0421 99.0567 9.38913 9.48913
W+1_RB1in_S04_Forward 99.2445 99.259 99.2713 99.2818 99.2907 9.23466 9.33466
W+2_RB1in_S04_Backward 97.7308 97.7359 97.74 97.7432 97.7459 9.00644 9.10644
W+2_RB1in_S04_Forward 99.5717 99.5778 99.5828 99.5868 99.5901 8.95153 9.05153
W-2_RB1in_S05_Backward 97.6946 97.7068 97.717 97.7256 97.7329 9.24482 9.34482
W-2_RB1in_S05_Forward 99.4282 99.436 99.4425 99.4477 99.452 9.108 9.208
W-1_RB1in_S05_Backward 98.162 98.1692 98.175 98.1797 98.1836 9.19669 9.29669
W+0_RB1in_S05_Backward 98.55 98.5637 98.5753 98.5851 98.5934 9.12977 9.22977
W+0_RB1in_S05_Forward 98.7641 98.7764 98.7867 98.7954 98.8027 9.09439 9.19439
W+1_RB1in_S05_Backward 98.4252 98.4411 98.4546 98.4661 98.476 9.38438 9.48438
W+1_RB1in_S05_Forward 99.2795 99.3057 99.3285 99.3486 99.3661 9.4201 9.5201
W+2_RB1in_S05_Backward 97.3853 97.3902 97.394 97.3971 97.3996 9.08679 9.18679
W+2_RB1in_S05_Forward 98.51 98.5194 98.5271 98.5335 98.5387 9.07858 9.17858
W-2_RB1in_S06_Backward 97.5824 97.5882 97.593 97.5968 97.5999 9.19009 9.29009
W-2_RB1in_S06_Forward 100.268 100.291 100.311 100.328 100.343 9.33123 9.43123
W-1_RB1in_S06_Backward 98.9613 98.9777 98.9917 99.0036 99.0137 9.26374 9.36374
W-1_RB1in_S06_Forward 99.2336 99.2486 99.2613 99.2721 99.2812 9.227 9.327
W+0_RB1in_S06_Backward 97.805 97.8147 97.8228 97.8295 97.8351 9.22153 9.32153
W+0_RB1in_S06_Forward 97.4833 97.5051 97.524 97.5404 97.5546 9.30565 9.40565
W+1_RB1in_S06_Backward 97.6861 97.7026 97.7167 97.7288 97.7391 9.32078 9.42078
W+1_RB1in_S06_Forward 97.4889 97.5035 97.5158 97.5263 97.5352 9.23517 9.33517
W+2_RB1in_S06_Backward 97.3 97.3107 97.3197 97.3273 97.3336 9.26814 9.36814
W+2_RB1in_S06_Forward 98.9071 98.9259 98.942 98.9558 98.9677 9.3429 9.4429
W-2_RB1in_S07_Backward 98.084 98.0961 98.1064 98.115 98.1222 9.2613 9.3613
W-2_RB1in_S07_Forward 99.9258 99.9368 99.9461 99.9538 99.9603 9.21908 9.31908
W-1_RB1in_S07_Backward 98.8693 98.8808 98.8905 98.8987 98.9054 9.19269 9.29269
W-1_RB1in_S07_Forward 99.3858 99.396 99.4045 99.4116 99.4175 9.19613 9.29613
W+1_RB1in_S07_Backward 98.6388 98.6478 98.6553 98.6614 98.6665 9.10003 9.20003
W+1_RB1in_S07_Forward 99.029 99.0418 99.0525 99.0616 99.0692 9.10643 9.20643
W+2_RB1in_S07_Backward 97.1516 97.1594 97.1658 97.171 97.1754 9.16173 9.26173
W+2_RB1in_S07_Forward 99.0031 99.0151 99.0252 99.0337 99.0408 9.12711 9.22711
W-1_RB1in_S08_Backward 93.7735 93.7893 93.8028 93.8142 93.824 9.32128 9.42128
W-1_RB1in_S08_Forward 95.4362 95.4509 95.4634 95.474 95.483 9.2375 9.3375
W+0_RB1in_S08_Backward 98.3549 98.3683 98.3796 98.3891 98.3971 9.22983 9.32983
W+0_RB1in_S08_Forward 97.0323 97.0401 97.0466 97.052 97.0564 9.13222 9.23222
W+1_RB1in_S08_Backward 96.4642 96.4817 96.4967 96.5096 96.5207 9.29348 9.39348
W+1_RB1in_S08_Forward 95.4452 95.476 95.5033 95.5275 95.549 9.49747 9.59747
W+2_RB1in_S08_Backward 95.6892 95.6994 95.7079 95.7149 95.7208 9.15123 9.25123
W+2_RB1in_S08_Forward 99.1793 99.1952 99.2087 99.2203 99.2302 9.15469 9.25469
W-2_RB1in_S09_Backward 97.0961 97.1061 97.1144 97.1214 97.1271 9.24571 9.34571
W-2_RB1in_S09_Forward 99.4052 99.4189 99.4305 99.4402 99.4485 9.21007 9.31007
W-1_RB1in_S09_Backward 97.709 97.7172 97.724 97.7296 97.7342 9.23095 9.33095
W-1_RB1in_S09_Forward 99.2379 99.2576 99.2746 99.2892 99.3018 9.2939 9.3939
W+0_RB1in_S09_Backward 97.6378 97.6516 97.6632 97.6731 97.6814 9.20501 9.30501
W+0_RB1in_S09_Forward 96.7838 96.7974 96.809 96.8187 96.827 9.28241 9.38241
W+1_RB1in_S09_Backward 96.9603 96.9737 96.9851 96.9946 97.0027 9.15592 9.25592
W+1_RB1in_S09_Forward 98.6699 98.6894 98.7063 98.7209 98.7334 9.17594 9.27594
W+2_RB1in_S09_Backward 96.1414 96.1735 96.2021 96.2275 96.2501 9.52222 9.62222
W+2_RB1in_S09_Forward 98.2942 98.3152 98.3334 98.3492 98.3629 9.2197 9.3197
W-2_RB1in_S10_Backward 98.0651 98.0765 98.086 98.0939 98.1006 9.21844 9.31844
W-2_RB1in_S10_Forward 97.5874 97.6005 97.6115 97.6209 97.6287 9.21166 9.31166
W-1_RB1in_S10_Backward 97.1264 97.1361 97.1441 97.1508 97.1564 9.25974 9.35974
W-1_RB1in_S10_Forward 99.1699 99.1884 99.2043 99.218 99.2298 9.28627 9.38627
W+0_RB1in_S10_Backward 98.6302 98.643 98.6537 98.6628 98.6704 9.26628 9.36628
W+0_RB1in_S10_Forward 98.1947 98.2107 98.2245 98.2362 98.2462 9.32383 9.42383
W+1_RB1in_S10_Backward 97.0494 97.0536 97.0569 97.0596 97.0617 9.10731 9.20731
W+1_RB1in_S10_Forward 98.694 98.6975 98.7003 98.7024 98.7042 9.11049 9.21049
W+2_RB1in_S10_Backward 96.9108 96.9226 96.9324 96.9407 96.9477 9.19459 9.29459
W+2_RB1in_S10_Forward 99.1432 99.1574 99.1694 99.1795 99.1881 9.14467 9.24467
W-2_RB1in_S11_Backward 88.5546 88.5698 88.5827 88.5938 88.6032 9.25465 9.35465
W-2_RB1in_S11_Forward 99.5047 99.5127 99.5193 99.5247 99.5292 9.09313 9.19313
W-1_RB1in_S11_Backward 98.1836 98.1964 98.2071 98.2161 98.2237 9.17008 9.27008
W-1_RB1in_S11_Forward 99.1441 99.1557 99.1655 99.1736 99.1804 9.15932 9.25932
W+0_RB1in_S11_Backward 97.6143 97.6315 97.6462 97.6588 97.6696 9.26523 9.36523
W+0_RB1in_S11_Forward 95.5595 95.5803 95.5983 95.614 95.6275 9.33015 9.43015
W+1_RB1in_S11_Backward 97.592 97.6054 97.6168 97.6264 97.6345 9.23617 9.33617
W+1_RB1in_S11_Forward 97.5404 97.5556 97.5685 97.5795 97.5888 9.20512 9.30512
W+2_RB1in_S11_Backward 95.9176 95.9405 95.9604 95.9778 95.993 9.32661 9.42661
W+2_RB1in_S11_Forward 99.091 99.1061 99.1189 99.1298 99.139 9.12399 9.22399
W-2_RB1in_S12_Backward 97.9274 97.9413 97.953 97.9628 97.9712 9.21489 9.31489
W-2_RB1in_S12_Forward 99.2271 99.2418 99.2543 99.2648 99.2738 9.19231 9.29231
W-1_RB1in_S12_Backward 97.9209 97.9329 97.9429 97.9514 97.9585 9.27118 9.37118
W-1_RB1in_S12_Forward 98.9838 98.9948 99.004 99.0116 99.018 9.18084 9.28084
W+0_RB1in_S12_Backward 98.8177 98.8346 98.8491 98.8615 98.8722 9.33144 9.43144
W+0_RB1in_S12_Forward 98.1441 98.1631 98.1794 98.1935 98.2056 9.34864 9.44864
W+1_RB1in_S12_Backward 85.9255 85.9355 85.9438 85.9508 85.9567 9.25497 9.35497
W+1_RB1in_S12_Forward 97.7958 97.8106 97.8233 97.834 97.8432 9.22188 9.32188
W+2_RB1in_S12_Backward 91.3671 91.3841 91.3987 91.4113 91.4221 9.2915 9.3915
W+2_RB1in_S12_Forward 99.3439 99.3669 99.387 99.4044 99.4196 9.32697 9.42697
W-2_RB1out_S01_Backward 98.3511 98.3579 98.3635 98.3681 98.3718 9.09055 9.19055
W-2_RB1out_S01_Forward 99.169 99.1779 99.1852 99.1913 99.1963 9.07167 9.17167
W-1_RB1out_S01_Backward 99.5624 99.5749 99.5855 99.5943 99.6017 9.287 9.387
W-1_RB1out_S01_Forward 99.6214 99.6365 99.6494 99.6604 99.6697 9.27209 9.37209
W+0_RB1out_S01_Backward 99.4417 99.4516 99.4599 99.4668 99.4725 9.21667 9.31667
W+0_RB1out_S01_Forward 99.1515 99.1654 99.1771 99.1869 99.1953 9.23767 9.33767
W+1_RB1out_S01_Backward 89.4048 89.4194 89.4319 89.4425 89.4515 9.3657 9.4657
W+1_RB1out_S01_Forward 99.1007 99.1102 99.118 99.1244 99.1297 9.28783 9.38783
W+2_RB1out_S01_Backward 98.0332 98.0469 98.0585 98.0683 98.0765 9.26537 9.36537
W+2_RB1out_S01_Forward 97.7657 97.7871 97.8056 97.8217 97.8357 9.3892 9.4892
W-2_RB1out_S02_Backward 98.7509 98.7657 98.7782 98.7889 98.7979 9.24533 9.34533
W-2_RB1out_S02_Forward 99.3643 99.3771 99.3879 99.397 99.4047 9.19698 9.29698
W-1_RB1out_S02_Backward 99.2161 99.2307 99.2431 99.2537 99.2626 9.17323 9.27323
W-1_RB1out_S02_Forward 98.8926 98.9256 98.9548 98.9808 99.0039 9.39849 9.49849
W+0_RB1out_S02_Backward 99.6841 99.7059 99.7247 99.7411 99.7553 9.38389 9.48389
W+0_RB1out_S02_Forward 99.1318 99.1594 99.1836 99.2048 99.2235 9.31565 9.41565
W+1_RB1out_S02_Backward 108.302 108.356 108.404 108.449 108.49 9.9458 10.0458
W+1_RB1out_S02_Forward 99.1373 99.1698 99.1987 99.2244 99.2473 9.59898 9.69898
W+2_RB1out_S02_Backward 98.4727 98.4882 98.5014 98.5126 98.5221 9.21854 9.31854
W+2_RB1out_S02_Forward 99.3225 99.3379 99.351 99.3621 99.3716 9.18272 9.28272
W-2_RB1out_S03_Backward 98.6939 98.7028 98.7102 98.7163 98.7213 9.17733 9.27733
W-2_RB1out_S03_Forward 99.4433 99.4524 99.46 99.4662 99.4713 9.12735 9.22735
W-1_RB1out_S03_Backward 98.5034 98.5142 98.5231 98.5306 98.5369 9.18911 9.28911
W-1_RB1out_S03_Forward 98.406 98.4228 98.4372 98.4494 98.46 9.16583 9.26583
W+0_RB1out_S03_Backward 99.2746 99.2885 99.3003 99.3103 99.3188 9.27305 9.37305
W+0_RB1out_S03_Forward 99.2537 99.2708 99.2855 99.2981 99.3089 9.29878 9.39878
W+1_RB1out_S03_Backward 99.2529 99.2699 99.2845 99.297 99.3077 9.32814 9.42814
W+1_RB1out_S03_Forward 98.8449 98.8647 98.8817 98.8964 98.9091 9.24833 9.34833
W+2_RB1out_S03_Backward 98.2062 98.2117 98.2162 98.2198 98.2227 9.02196 9.12196
W+2_RB1out_S03_Forward 98.6571 98.6571 98.6571 98.6571 98.6571 9.05901 9.15901
W-2_RB1out_S04_Backward 98.7294 98.741 98.7507 98.7588 98.7656 9.20182 9.30182
W-2_RB1out_S04_Forward 99.3716 99.386 99.3983 99.4087 99.4174 9.15618 9.25618
W-1_RB1out_S04_Forward 95.6763 95.695 95.7111 95.7249 95.7369 9.50065 9.60065
W+1_RB1out_S04_Backward 98.3617 98.3725 98.3815 98.389 98.3953 9.33311 9.43311
W+1_RB1out_S04_Forward 99.4231 99.4444 99.4628 99.4787 99.4925 9.34775 9.44775
W-2_RB1out_S05_Backward 98.7128 98.7242 98.7337 98.7417 98.7484 9.20432 9.30432
W-2_RB1out_S05_Forward 99.042 99.0547 99.0653 99.0742 99.0818 9.20237 9.30237
W-1_RB1out_S05_Backward 99.4078 99.4193 99.429 99.437 99.4438 9.16892 9.26892
W+1_RB1out_S05_Backward 99.415 99.4323 99.4472 99.4599 99.4708 9.38076 9.48076
W+2_RB1out_S05_Backward 98.1363 98.1505 98.1624 98.1725 98.1811 9.12346 9.22346
W+2_RB1out_S05_Forward 99.1877 99.1959 99.2026 99.2081 99.2126 8.98971 9.08971
W-2_RB1out_S06_Backward 98.8285 98.843 98.8553 98.8657 98.8746 9.28259 9.38259
W-2_RB1out_S06_Forward 99.1932 99.2148 99.2334 99.2496 99.2637 9.34683 9.44683
W-1_RB1out_S06_Backward 99.0618 99.0694 99.0757 99.0809 99.0851 9.25265 9.35265
W-1_RB1out_S06_Forward 99.4742 99.4902 99.5039 99.5156 99.5256 9.27773 9.37773
W+0_RB1out_S06_Backward 99.2735 99.2904 99.3049 99.3172 99.3278 9.33873 9.43873
W+0_RB1out_S06_Forward 99.5868 99.6037 99.6183 99.6307 99.6414 9.35735 9.45735
W+1_RB1out_S06_Backward 100.193 100.223 100.25 100.274 100.295 9.50604 9.60604
W+1_RB1out_S06_Forward 99.5456 99.5629 99.5778 99.5905 99.6013 9.3166 9.4166
W+2_RB1out_S06_Backward 98.1143 98.1259 98.1357 98.1438 98.1507 9.21118 9.31118
W+2_RB1out_S06_Forward 99.4351 99.4461 99.4552 99.4629 99.4692 9.18076 9.28076
W-2_RB1out_S07_Backward 98.6518 98.6579 98.6629 98.6669 98.6701 9.19078 9.29078
W-2_RB1out_S07_Forward 99.4012 99.4169 99.4302 99.4416 99.4513 9.26528 9.36528
W-1_RB1out_S07_Backward 99.2958 99.3045 99.3117 99.3177 99.3226 9.19879 9.29879
W-1_RB1out_S07_Forward 99.1 99.1117 99.1215 99.1298 99.1367 9.1419 9.2419
W+0_RB1out_S07_Backward 99.5833 99.5962 99.6072 99.6164 99.6241 9.32335 9.42335
W+0_RB1out_S07_Forward 99.9605 99.982 100.001 100.017 100.031 9.41192 9.51192
W+1_RB1out_S07_Backward 99.18 99.1952 99.2082 99.2192 99.2285 9.23574 9.33574
W+1_RB1out_S07_Forward 99.0012 99.0131 99.0232 99.0316 99.0386 9.16016 9.26016
W+2_RB1out_S07_Backward 98.2629 98.2736 98.2825 98.29 98.2963 9.14118 9.24118
W+2_RB1out_S07_Forward 99.5 99.5088 99.516 99.522 99.5269 9.1676 9.2676
W-2_RB1out_S08_Backward 97.8902 97.8967 97.9021 97.9064 97.91 9.0944 9.1944
W-2_RB1out_S08_Forward 99.2952 99.3047 99.3126 99.3192 99.3246 9.09203 9.19203
W-1_RB1out_S08_Backward 98.7851 98.7965 98.806 98.814 98.8206 9.24639 9.34639
W-1_RB1out_S08_Forward 98.6171 98.6269 98.635 98.6418 98.6474 9.24063 9.34063
W+0_RB1out_S08_Backward 99.5348 99.5475 99.5582 99.5671 99.5747 9.22406 9.32406
W+0_RB1out_S08_Forward 99.0585 99.0754 99.0899 99.1022 99.1128 9.23371 9.33371
W+1_RB1out_S08_Backward 98.4221 98.4472 98.4692 98.4885 98.5054 9.4029 9.5029
W+1_RB1out_S08_Forward 99.2627 99.2778 99.2906 99.3015 99.3107 9.27636 9.37636
W+2_RB1out_S08_Backward 98.3968 98.4135 98.4277 98.4398 98.4502 9.2653 9.3653
W+2_RB1out_S08_Forward 99.3308 99.3445 99.356 99.3658 99.3741 9.17072 9.27072
W-2_RB1out_S09_Backward 97.0312 97.0464 97.0592 97.0701 97.0793 9.28528 9.38528
W-2_RB1out_S09_Forward 99.1721 99.1889 99.2033 99.2156 99.2261 9.26245 9.36245
W-1_RB1out_S09_Backward 99.4107 99.4234 99.4342 99.4432 99.4508 9.26231 9.36231
W-1_RB1out_S09_Forward 99.3342 99.3468 99.3575 99.3665 99.3741 9.22152 9.32152
W+0_RB1out_S09_Backward 99.0582 99.0761 99.0914 99.1045 99.1157 9.3124 9.4124
W+0_RB1out_S09_Forward 92.924 92.9394 92.9527 92.964 92.9736 9.27601 9.37601
W+1_RB1out_S09_Backward 98.4704 98.4824 98.4926 98.5011 98.5083 9.25892 9.35892
W+1_RB1out_S09_Forward 99.4178 99.4281 99.4367 99.4439 99.4499 9.1713 9.2713
W+2_RB1out_S09_Backward 98.6902 98.7056 98.7187 98.7298 98.7393 9.29839 9.39839
W+2_RB1out_S09_Forward 99.1098 99.1227 99.1336 99.1428 99.1505 9.12458 9.22458
W-2_RB1out_S10_Backward 93.4768 93.4878 93.497 93.5047 93.5112 9.31704 9.41704
W-2_RB1out_S10_Forward 99.2669 99.2774 99.2862 99.2935 99.2997 9.20058 9.30058
W-1_RB1out_S10_Backward 98.9528 98.9651 98.9754 98.9841 98.9914 9.34755 9.44755
W-1_RB1out_S10_Forward 99.3186 99.3306 99.3407 99.3492 99.3563 9.24159 9.34159
W+0_RB1out_S10_Backward 99.2884 99.302 99.3135 99.3232 99.3314 9.27968 9.37968
W+0_RB1out_S10_Forward 99.078 99.0952 99.1099 99.1226 99.1334 9.35302 9.45302
W+1_RB1out_S10_Backward 98.9594 98.9681 98.9753 98.9812 98.9861 9.1605 9.2605
W+1_RB1out_S10_Forward 98.9847 98.9939 99.0015 99.0078 99.013 9.18053 9.28053
W+2_RB1out_S10_Backward 98.6382 98.6485 98.6572 98.6644 98.6703 9.20618 9.30618
W+2_RB1out_S10_Forward 99.5212 99.5277 99.5329 99.5372 99.5407 9.16155 9.26155
W-2_RB1out_S11_Backward 96.5995 96.6132 96.6248 96.6345 96.6428 9.21271 9.31271
W-2_RB1out_S11_Forward 99.3998 99.4126 99.4233 99.4323 99.4399 9.17617 9.27617
W-1_RB1out_S11_Backward 96.7128 96.7344 96.7531 96.7693 96.7833 9.46172 9.56172
W-1_RB1out_S11_Forward 97.9325 97.9654 97.9946 98.0206 98.0438 9.61772 9.71772
W+0_RB1out_S11_Backward 99.3914 99.4078 99.4219 99.4339 99.4441 9.35151 9.45151
W+0_RB1out_S11_Forward 98.6447 98.668 98.6883 98.706 98.7214 9.36447 9.46447
W+1_RB1out_S11_Backward 91.1274 91.1392 91.1492 91.1575 91.1645 9.25762 9.35762
W+1_RB1out_S11_Forward 99.5462 99.5578 99.5676 99.5758 99.5827 9.15546 9.25546
W+2_RB1out_S11_Backward 98.5169 98.5289 98.5391 98.5476 98.5547 9.23177 9.33177
W+2_RB1out_S11_Forward 98.8916 98.9085 98.9231 98.9355 98.9461 9.30678 9.40678
W-1_RB1out_S12_Backward 99.2141 99.2261 99.2362 99.2446 99.2517 9.26416 9.36416
W-1_RB1out_S12_Forward 97.9271 97.938 97.9471 97.9547 97.961 9.21328 9.31328
W+0_RB1out_S12_Backward 99.5144 99.5212 99.5267 99.5312 99.5349 9.24509 9.34509
W+0_RB1out_S12_Forward 99.3028 99.3141 99.3235 99.3314 99.338 9.21231 9.31231
W+1_RB1out_S12_Backward 99.2801 99.292 99.302 99.3105 99.3176 9.2161 9.3161
W+1_RB1out_S12_Forward 99.4074 99.4182 99.4272 99.4347 99.441 9.17668 9.27668
W+2_RB1out_S12_Backward 98.2244 98.2392 98.2517 98.2624 98.2715 9.30418 9.40418
W+2_RB1out_S12_Forward 99.4614 99.4744 99.4853 99.4946 99.5024 9.27418 9.37418
W-2_RB2in_S01_Backward 98.1987 98.2048 98.2098 98.2138 98.2171 9.15907 9.25907
W-2_RB2in_S01_Forward 97.7665 97.7734 97.779 97.7836 97.7874 9.10687 9.20687
W-1_RB2in_S01_Backward 99.1492 99.1627 99.1742 99.1838 99.192 9.37004 9.47004
W-1_RB2in_S01_Middle 98.9678 98.9846 98.999 99.0114 99.0219 9.35851 9.45851
W-1_RB2in_S01_Forward 99.4807 99.5 99.5167 99.531 99.5433 9.34975 9.44975
W+0_RB2in_S01_Backward 99.3871 99.4033 99.4171 99.4289 99.4389 9.22204 9.32204
W+0_RB2in_S01_Middle 99.5371 99.5586 99.5772 99.5933 99.6072 9.34008 9.44008
W+0_RB2in_S01_Forward 99.2292 99.2432 99.2551 99.2652 99.2737 9.21322 9.31322
W+1_RB2in_S01_Backward 100.07 100.091 100.11 100.127 100.141 9.48473 9.58473
W+1_RB2in_S01_Middle 99.3047 99.3283 99.3488 99.3666 99.3821 9.38084 9.48084
W+1_RB2in_S01_Forward 99.9884 100.016 100.04 100.062 100.081 9.44254 9.54254
W+2_RB2in_S01_Backward 98.3468 98.3536 98.3592 98.3637 98.3674 9.09656 9.19656
W+2_RB2in_S01_Forward 96.9345 96.9375 96.9399 96.9418 96.9433 9.00608 9.10608
W-2_RB2in_S02_Backward 97.7983 97.8069 97.8139 97.8198 97.8246 9.24445 9.34445
W-1_RB2in_S02_Backward 99.3571 99.374 99.3884 99.4008 99.4114 9.34901 9.44901
W-1_RB2in_S02_Middle 98.7568 98.7729 98.7865 98.7982 98.8081 9.25536 9.35536
W-1_RB2in_S02_Forward 99.883 99.904 99.9221 99.9379 99.9515 9.28956 9.38956
W+0_RB2in_S02_Backward 99.2461 99.2639 99.2791 99.2921 99.3033 9.3369 9.4369
W+0_RB2in_S02_Middle 99.2261 99.2429 99.2574 99.2698 99.2804 9.26505 9.36505
W+0_RB2in_S02_Forward 99.5524 99.5649 99.5755 99.5844 99.5918 9.26396 9.36396
W+1_RB2in_S02_Backward 95.8275 95.8446 95.8592 95.8717 95.8825 9.38705 9.48705
W+1_RB2in_S02_Middle 99.8936 99.9194 99.9421 99.962 99.9793 9.47067 9.57067
W+1_RB2in_S02_Forward 99.1072 99.1209 99.1324 99.1421 99.1504 9.26262 9.36262
W+2_RB2in_S02_Backward 98.2897 98.2998 98.3083 98.3153 98.3212 9.25962 9.35962
W+2_RB2in_S02_Forward 97.2254 97.2374 97.2475 97.256 97.2631 9.25101 9.35101
W-2_RB2in_S03_Backward 98.2966 98.3015 98.3055 98.3087 98.3112 9.15124 9.25124
W-2_RB2in_S03_Forward 97.4424 97.451 97.4581 97.464 97.4689 9.12095 9.22095
W-1_RB2in_S03_Backward 98.8264 98.8316 98.8357 98.8391 98.8418 9.11819 9.21819
W-1_RB2in_S03_Middle 98.9619 98.9779 98.9914 99.003 99.0128 9.18353 9.28353
W-1_RB2in_S03_Forward 99.5357 99.5514 99.5647 99.576 99.5857 9.19959 9.29959
W+0_RB2in_S03_Backward 98.2465 98.2657 98.2822 98.2963 98.3085 9.32044 9.42044
W+0_RB2in_S03_Middle 99.3862 99.4037 99.4187 99.4315 99.4425 9.29345 9.39345
W+0_RB2in_S03_Forward 92.4334 92.4486 92.4615 92.4725 92.4819 9.33306 9.43306
W+1_RB2in_S03_Backward 98.8135 98.8288 98.8418 98.8529 98.8622 9.29538 9.39538
W+1_RB2in_S03_Middle 98.6558 98.6747 98.691 98.7049 98.717 9.27939 9.37939
W+2_RB2in_S03_Backward 97.8372 97.8423 97.8465 97.8498 97.8524 9.17937 9.27937
W+2_RB2in_S03_Forward 96.1533 96.1603 96.1659 96.1705 96.1742 9.11688 9.21688
W-2_RB2in_S04_Backward 98.6807 98.6971 98.711 98.7229 98.733 9.30079 9.40079
W-2_RB2in_S04_Forward 97.9243 97.9362 97.9461 97.9545 97.9615 9.23409 9.33409
W-1_RB2in_S04_Backward 100.27 100.301 100.328 100.351 100.372 9.40982 9.50982
W-1_RB2in_S04_Middle 98.639 98.6591 98.6764 98.6915 98.7044 9.28545 9.38545
W-1_RB2in_S04_Forward 98.6867 98.7061 98.7229 98.7374 98.7499 9.22565 9.32565
W+0_RB2in_S04_Backward 99.3309 99.3438 99.3546 99.3637 99.3714 9.213 9.313
W+0_RB2in_S04_Middle 99.1983 99.2178 99.2345 99.249 99.2614 9.29408 9.39408
W+0_RB2in_S04_Forward 99.2654 99.2831 99.2983 99.3113 99.3225 9.30619 9.40619
W+1_RB2in_S04_Middle 97.8208 97.8404 97.8572 97.8718 97.8844 9.35791 9.45791
W+1_RB2in_S04_Forward 99.1719 99.1995 99.2237 99.2449 99.2636 9.34915 9.44915
W+2_RB2in_S04_Backward 98.8274 98.8387 98.8481 98.856 98.8627 9.20193 9.30193
W+2_RB2in_S04_Forward 98.2074 98.2226 98.2356 98.2466 98.256 9.20025 9.30025
W-2_RB2in_S05_Forward 98.0696 98.0811 98.0907 98.0987 98.1055 9.17911 9.27911
W-1_RB2in_S05_Backward 98.9532 98.963 98.9711 98.9779 98.9836 9.2261 9.3261
W-1_RB2in_S05_Middle 98.9229 98.9317 98.9389 98.9449 98.9498 9.19654 9.29654
W-1_RB2in_S05_Forward 99.1463 99.1637 99.1786 99.1914 99.2023 9.22997 9.32997
W+0_RB2in_S05_Backward 99.5046 99.5191 99.5315 99.542 99.5509 9.322 9.422
W+0_RB2in_S05_Middle 99.4066 99.4207 99.4327 99.4428 99.4514 9.27769 9.37769
W+1_RB2in_S05_Backward 98.6995 98.7121 98.7227 98.7316 98.739 9.22456 9.32456
W+1_RB2in_S05_Middle 98.4606 98.4751 98.4874 98.4978 98.5067 9.27808 9.37808
W+1_RB2in_S05_Forward 98.3743 98.4017 98.4258 98.4469 98.4655 9.41581 9.51581
W-2_RB2in_S06_Backward 99.3274 99.3402 99.351 99.36 99.3677 9.31234 9.41234
W-2_RB2in_S06_Forward 97.9181 97.9316 97.943 97.9527 97.9609 9.21152 9.31152
W-1_RB2in_S06_Backward 90.7265 90.7484 90.7676 90.7843 90.7989 9.42099 9.52099
W-1_RB2in_S06_Middle 98.8995 98.9366 98.9699 98.9998 99.0266 9.45719 9.55719
W-1_RB2in_S06_Forward 99.2497 99.2712 99.2898 99.306 99.32 9.2909 9.3909
W+0_RB2in_S06_Backward 99.8257 99.8437 99.859 99.8722 99.8836 9.36695 9.46695
W+0_RB2in_S06_Middle 99.7831 99.8099 99.8334 99.8541 99.8722 9.40764 9.50764
W+0_RB2in_S06_Forward 99.6794 99.7019 99.7215 99.7386 99.7535 9.34963 9.44963
W+1_RB2in_S06_Backward 98.99 99.0063 99.0201 99.032 99.0421 9.33088 9.43088
W+1_RB2in_S06_Middle 98.798 98.819 98.8371 98.8528 98.8664 9.29177 9.39177
W+1_RB2in_S06_Forward 99.2083 99.2379 99.2641 99.2872 99.3077 9.44424 9.54424
W+2_RB2in_S06_Backward 98.8334 98.8472 98.8588 98.8687 98.877 9.29468 9.39468
W+2_RB2in_S06_Forward 98.0089 98.0245 98.0378 98.0491 98.0588 9.34978 9.44978
W-2_RB2in_S07_Backward 98.7318 98.742 98.7504 98.7575 98.7634 9.30845 9.40845
W-1_RB2in_S07_Backward 98.943 98.968 98.9899 99.009 99.0257 9.29171 9.39171
W-1_RB2in_S07_Middle 98.8469 98.8566 98.8646 98.8713 98.8768 9.18046 9.28046
W-1_RB2in_S07_Forward 99.1542 99.1712 99.1857 99.1982 99.2089 9.20662 9.30662
W+0_RB2in_S07_Backward 99.8259 99.8461 99.8635 99.8786 99.8915 9.30172 9.40172
W+1_RB2in_S07_Backward 99.0027 99.012 99.0196 99.026 99.0313 9.14365 9.24365
W+1_RB2in_S07_Middle 98.5844 98.6036 98.6202 98.6345 98.6468 9.22826 9.32826
W+1_RB2in_S07_Forward 99.3038 99.3223 99.3382 99.3519 99.3636 9.18605 9.28605
W+2_RB2in_S07_Backward 98.2898 98.2984 98.3055 98.3113 98.3162 9.22902 9.32902
W+2_RB2in_S07_Forward 97.8213 97.8368 97.85 97.8612 97.8708 9.278 9.378
W-2_RB2in_S08_Backward 97.7904 97.8059 97.8192 97.8305 97.8402 9.33966 9.43966
W-2_RB2in_S08_Forward 97.6908 97.7153 97.7367 97.7553 97.7716 9.42477 9.52477
W-1_RB2in_S08_Backward 99.1424 99.1755 99.2049 99.231 99.2543 9.43108 9.53108
W-1_RB2in_S08_Middle 99.0111 99.0274 99.0412 99.053 99.0631 9.26144 9.36144
W-1_RB2in_S08_Forward 98.839 98.853 98.865 98.8751 98.8836 9.21879 9.31879
W+0_RB2in_S08_Backward 99.8358 99.8534 99.8685 99.8814 99.8925 9.30517 9.40517
W+0_RB2in_S08_Middle 99.1611 99.1854 99.2065 99.225 99.241 9.28574 9.38574
W+0_RB2in_S08_Forward 99.1763 99.1896 99.201 99.2106 99.2187 9.20475 9.30475
W+1_RB2in_S08_Backward 98.9284 98.9465 98.9621 98.9754 98.9869 9.31524 9.41524
W+1_RB2in_S08_Middle 99.1717 99.1875 99.2011 99.2127 99.2225 9.30295 9.40295
W+1_RB2in_S08_Forward 99.1899 99.2047 99.2172 99.2278 99.2368 9.30078 9.40078
W-2_RB2in_S09_Backward 98.2996 98.316 98.3301 98.342 98.3522 9.29806 9.39806
W-2_RB2in_S09_Forward 97.9065 97.9292 97.9489 97.966 97.9809 9.39691 9.49691
W-1_RB2in_S09_Backward 98.9959 99.0091 99.0202 99.0295 99.0374 9.30199 9.40199
W-1_RB2in_S09_Middle 98.3142 98.3335 98.3501 98.3644 98.3768 9.28942 9.38942
W-1_RB2in_S09_Forward 99.2356 99.2499 99.2621 99.2724 99.2812 9.2218 9.3218
W+0_RB2in_S09_Backward 98.5142 98.5272 98.5382 98.5475 98.5553 9.25642 9.35642
W+0_RB2in_S09_Middle 98.9276 98.9485 98.9667 98.9823 98.9959 9.29987 9.39987
W+0_RB2in_S09_Forward 98.4083 98.427 98.443 98.4568 98.4687 9.27557 9.37557
W+1_RB2in_S09_Backward 99.4135 99.4353 99.4543 99.4707 99.4849 9.36684 9.46684
W+1_RB2in_S09_Middle 99.3226 99.3442 99.3629 99.3791 99.3932 9.33794 9.43794
W+1_RB2in_S09_Forward 98.9238 98.9363 98.9469 98.9559 98.9634 9.26507 9.36507
W+2_RB2in_S09_Backward 99.5235 99.5438 99.5613 99.5765 99.5896 9.56821 9.66821
W+2_RB2in_S09_Forward 96.7292 96.7505 96.769 96.785 96.7989 9.38621 9.48621
W-2_RB2in_S10_Backward 98.8639 98.8703 98.8756 98.8798 98.8833 9.20696 9.30696
W-2_RB2in_S10_Forward 98.0389 98.047 98.0537 98.0593 98.0638 9.20129 9.30129
W-1_RB2in_S10_Backward 86.1101 86.1173 86.1232 86.128 86.132 9.15894 9.25894
W-1_RB2in_S10_Middle 98.7705 98.7795 98.787 98.7932 98.7983 9.22946 9.32946
W-1_RB2in_S10_Forward 99.532 99.5403 99.5471 99.5527 99.5573 9.16396 9.26396
W+0_RB2in_S10_Backward 99.3737 99.3909 99.4056 99.4183 99.4291 9.34491 9.44491
W+0_RB2in_S10_Middle 99.2277 99.2463 99.2624 99.2762 99.2881 9.34362 9.44362
W+0_RB2in_S10_Forward 93.6795 93.6971 93.7122 93.7252 93.7364 9.33887 9.43887
W+1_RB2in_S10_Backward 99.6614 99.6838 99.7033 99.7202 99.735 9.39011 9.49011
W+1_RB2in_S10_Middle 98.9215 98.9375 98.9512 98.9629 98.9728 9.29388 9.39388
W+1_RB2in_S10_Forward 98.8037 98.821 98.8359 98.8486 98.8594 9.2841 9.3841
W+2_RB2in_S10_Backward 97.6603 97.6831 97.703 97.7203 97.7353 9.36987 9.46987
W+2_RB2in_S10_Forward 97.3117 97.3202 97.3273 97.3332 97.338 9.23153 9.33153
W-2_RB2in_S11_Backward 97.9009 97.9127 97.9226 97.9309 97.9379 9.30423 9.40423
W-2_RB2in_S11_Forward 97.2082 97.221 97.2318 97.2408 97.2485 9.22451 9.32451
W-1_RB2in_S11_Middle 99.0182 99.0362 99.0517 99.0649 99.0763 9.30707 9.40707
W-1_RB2in_S11_Forward 99.2949 99.3054 99.3142 99.3215 99.3276 9.20649 9.30649
W+0_RB2in_S11_Backward 99.5356 99.5616 99.5845 99.6045 99.6222 9.43768 9.53768
W+0_RB2in_S11_Middle 99.2034 99.2282 99.2499 99.2688 99.2853 9.39649 9.49649
W+0_RB2in_S11_Forward 99.3659 99.3812 99.3941 99.4051 99.4145 9.23087 9.33087
W+1_RB2in_S11_Backward 98.8823 98.8937 98.9033 98.9113 98.918 9.27092 9.37092
W+1_RB2in_S11_Middle 98.6332 98.6432 98.6514 98.6582 98.6639 9.20388 9.30388
W+1_RB2in_S11_Forward 98.9019 98.9129 98.9221 98.9298 98.9362 9.20967 9.30967
W+2_RB2in_S11_Backward 98.5775 98.5841 98.5895 98.5939 98.5974 9.06772 9.16772
W+2_RB2in_S11_Forward 98.0832 98.0959 98.1067 98.1157 98.1233 9.09977 9.19977
W-2_RB2in_S12_Backward 98.1998 98.2162 98.2301 98.2421 98.2522 9.34209 9.44209
W-2_RB2in_S12_Forward 98.5811 98.5898 98.597 98.6029 98.6079 9.14591 9.24591
W-1_RB2in_S12_Backward 99.0673 99.0854 99.1009 99.1142 99.1255 9.31151 9.41151
W-1_RB2in_S12_Middle 99.0099 99.0257 99.0391 99.0505 99.0602 9.25269 9.35269
W-1_RB2in_S12_Forward 99.2713 99.2916 99.3091 99.3242 99.3372 9.29216 9.39216
W+0_RB2in_S12_Backward 99.8228 99.8386 99.852 99.8635 99.8733 9.26297 9.36297
W+0_RB2in_S12_Middle 99.2551 99.2754 99.2929 99.308 99.3211 9.26047 9.36047
W+0_RB2in_S12_Forward 99.1671 99.1795 99.1899 99.1987 99.206 9.18462 9.28462
W+1_RB2in_S12_Backward 98.7063 98.7207 98.7329 98.7433 98.7521 9.29006 9.39006
W+1_RB2in_S12_Middle 99.0138 99.029 99.0419 99.0528 99.0621 9.28539 9.38539
W+1_RB2in_S12_Forward 98.8991 98.9183 98.9349 98.9491 98.9613 9.2437 9.3437
W+2_RB2in_S12_Backward 98.6453 98.6547 98.6626 98.6691 98.6745 9.15334 9.25334
W+2_RB2in_S12_Forward 95.2236 95.2294 95.234 95.2378 95.2409 9.05539 9.15539
W-2_RB2out_S01_Backward 99.3491 99.3579 99.3652 99.3712 99.3762 9.18509 9.28509
W-2_RB2out_S01_Middle 98.1643 98.175 98.1839 98.1914 98.1976 9.16666 9.26666
W-2_RB2out_S01_Forward 97.7278 97.7408 97.7518 97.761 97.7688 9.16104 9.26104
W-1_RB2out_S01_Backward 95.6514 95.6614 95.6698 95.6767 95.6825 9.27533 9.37533
W-1_RB2out_S01_Forward 98.4 98.4122 98.4223 98.4309 98.438 9.26268 9.36268
W+0_RB2out_S01_Forward 97.7301 97.7409 97.75 97.7576 97.7639 9.22684 9.32684
W+1_RB2out_S01_Backward 99.0775 99.0932 99.1066 99.118 99.1278 9.43643 9.53643
W+1_RB2out_S01_Forward 96.9461 96.9584 96.9687 96.9774 96.9848 9.28513 9.38513
W+2_RB2out_S01_Backward 97.2871 97.3032 97.317 97.3288 97.3389 9.47943 9.57943
W+2_RB2out_S01_Forward 94.6642 94.6858 94.7047 94.7212 94.7355 9.3652 9.4652
W-2_RB2out_S02_Backward 98.7628 98.7763 98.7878 98.7974 98.8056 9.29627 9.39627
W-2_RB2out_S02_Middle 94.445 94.4729 94.4976 94.5194 94.5387 9.41454 9.51454
W-2_RB2out_S02_Forward 98.0202 98.0348 98.0473 98.0579 98.067 9.27423 9.37423
W-1_RB2out_S02_Backward 97.9691 97.9778 97.985 97.991 97.9959 9.27188 9.37188
W-1_RB2out_S02_Forward 94.0908 94.1042 94.1155 94.125 94.133 9.26265 9.36265
W+0_RB2out_S02_Backward 98.4098 98.4223 98.4327 98.4415 98.4488 9.27985 9.37985
W+0_RB2out_S02_Forward 97.2335 97.2438 97.2524 97.2595 97.2655 9.26176 9.36176
W+1_RB2out_S02_Backward 97.453 97.4661 97.4772 97.4865 97.4944 9.26852 9.36852
W+1_RB2out_S02_Forward 99.7222 99.7504 99.7752 99.797 99.8162 9.57288 9.67288
W+2_RB2out_S02_Backward 100.086 100.103 100.117 100.129 100.139 9.3253 9.4253
W+2_RB2out_S02_Middle 98.8337 98.8585 98.8802 98.8991 98.9157 9.40105 9.50105
W+2_RB2out_S02_Forward 97.7962 97.8096 97.821 97.8306 97.8387 9.26337 9.36337
W-2_RB2out_S03_Backward 98.9847 98.9963 99.006 99.0141 99.0209 9.25131 9.35131
W-2_RB2out_S03_Middle 98.2253 98.2429 98.2579 98.2708 98.2818 9.19872 9.29872
W-2_RB2out_S03_Forward 97.162 97.1745 97.1851 97.194 97.2015 9.18188 9.28188
W+0_RB2out_S03_Backward 98.1358 98.152 98.1658 98.1776 98.1876 9.3224 9.4224
W+0_RB2out_S03_Forward 92.6685 92.6886 92.706 92.721 92.7341 9.56442 9.66442
W+1_RB2out_S03_Backward 97.5062 97.5287 97.5482 97.5652 97.5799 9.42934 9.52934
W+1_RB2out_S03_Forward 93.5346 93.5451 93.5539 93.5613 93.5674 9.2074 9.3074
W+2_RB2out_S03_Backward 98.9944 99.0037 99.0115 99.0179 99.0232 9.20547 9.30547
W+2_RB2out_S03_Middle 97.192 97.2109 97.2272 97.2413 97.2534 9.20518 9.30518
W+2_RB2out_S03_Forward 93.2197 93.2315 93.2414 93.2498 93.2568 9.13781 9.23781
W-2_RB2out_S04_Backward 92.1706 92.1816 92.1909 92.1987 92.2052 9.25003 9.35003
W-2_RB2out_S04_Middle 93.9278 93.9566 93.9821 94.0047 94.0247 9.48181 9.58181
W-2_RB2out_S04_Forward 98.486 98.4979 98.5079 98.5163 98.5234 9.22423 9.32423
W-1_RB2out_S04_Backward 94.1008 94.1175 94.1319 94.1442 94.1547 9.4866 9.5866
W-1_RB2out_S04_Forward 91.8223 91.8458 91.8664 91.8844 91.9001 9.4802 9.5802
W+1_RB2out_S04_Backward 97.4106 97.4202 97.4281 97.4347 97.4402 9.27313 9.37313
W+1_RB2out_S04_Forward 96.0828 96.0933 96.102 96.1093 96.1154 9.27017 9.37017
W+2_RB2out_S04_Backward 98.8812 98.8936 98.904 98.9127 98.9201 9.23746 9.33746
W+2_RB2out_S04_Middle 98.6958 98.7129 98.7276 98.7402 98.751 9.26554 9.36554
W+2_RB2out_S04_Forward 97.7219 97.7345 97.7452 97.7541 97.7617 9.16973 9.26973
W-2_RB2out_S05_Backward 99.6032 99.621 99.6363 99.6494 99.6606 9.2739 9.3739
W-2_RB2out_S05_Middle 98.0515 98.0624 98.0715 98.0792 98.0856 9.16635 9.26635
W-2_RB2out_S05_Forward 97.8001 97.8133 97.8245 97.8339 97.8419 9.16349 9.26349
W-1_RB2out_S05_Backward 98.5231 98.5322 98.5398 98.5461 98.5513 9.19707 9.29707
W-1_RB2out_S05_Forward 98.1389 98.1492 98.1577 98.1649 98.1708 9.17433 9.27433
W+0_RB2out_S05_Backward 96.4759 96.496 96.5135 96.5286 96.5417 9.61435 9.71435
W+0_RB2out_S05_Forward 95.2587 95.2879 95.3138 95.3367 95.357 9.75801 9.85801
W+1_RB2out_S05_Backward 97.8586 97.8662 97.8724 97.8775 97.8817 9.25647 9.35647
W+1_RB2out_S05_Forward 98.1526 98.1646 98.1746 98.1831 98.1901 9.28632 9.38632
W+2_RB2out_S05_Backward 98.3979 98.4088 98.418 98.4257 98.4321 9.16872 9.26872
W+2_RB2out_S05_Middle 98.5 98.5161 98.5298 98.5416 98.5516 9.16538 9.26538
W+2_RB2out_S05_Forward 96.4686 96.4789 96.4875 96.4947 96.5007 9.06832 9.16832
W-2_RB2out_S06_Backward 99.0611 99.0777 99.0919 99.1039 99.1142 9.34993 9.44993
W-2_RB2out_S06_Middle 98.5461 98.5661 98.5834 98.5983 98.6112 9.29011 9.39011
W-2_RB2out_S06_Forward 98.2837 98.2957 98.3059 98.3144 98.3216 9.20228 9.30228
W-1_RB2out_S06_Backward 98.4498 98.4662 98.4802 98.4922 98.5024 9.31748 9.41748
W-1_RB2out_S06_Forward 96.4032 96.4127 96.4206 96.4272 96.4327 9.24035 9.34035
W+0_RB2out_S06_Backward 98.7034 98.7148 98.7243 98.7324 98.7391 9.24315 9.34315
W+0_RB2out_S06_Forward 98.7905 98.8092 98.8253 98.8392 98.8511 9.44121 9.54121
W+1_RB2out_S06_Backward 98.0523 98.0673 98.08 98.0908 98.1 9.34165 9.44165
W+1_RB2out_S06_Forward 97.5171 97.5302 97.5413 97.5507 97.5586 9.2777 9.3777
W+2_RB2out_S06_Backward 99.1473 99.1654 99.1808 99.194 99.2053 9.36712 9.46712
W+2_RB2out_S06_Middle 98.5291 98.5523 98.5724 98.5899 98.6051 9.37177 9.47177
W+2_RB2out_S06_Forward 92.0287 92.0426 92.0544 92.0644 92.0729 9.30081 9.40081
W-2_RB2out_S07_Backward 98.3559 98.3816 98.4043 98.4241 98.4416 9.38637 9.48637
W-2_RB2out_S07_Middle 98.1744 98.1886 98.2006 98.2108 98.2194 9.25635 9.35635
W-2_RB2out_S07_Forward 97.923 97.944 97.9621 97.9777 97.9913 9.35685 9.45685
W-1_RB2out_S07_Forward 97.4416 97.4491 97.4552 97.4602 97.4643 9.10833 9.20833
W+0_RB2out_S07_Backward 96.1376 96.1491 96.1587 96.1668 96.1736 9.21815 9.31815
W+0_RB2out_S07_Forward 97.2788 97.3007 97.3196 97.3361 97.3503 9.35532 9.45532
W+1_RB2out_S07_Backward 99.0727 99.0904 99.1056 99.1187 99.1299 9.33395 9.43395
W+1_RB2out_S07_Forward 98.0637 98.0704 98.0759 98.0804 98.084 9.187 9.287
W+2_RB2out_S07_Backward 98.6134 98.6243 98.6334 98.641 98.6473 9.24648 9.34648
W+2_RB2out_S07_Middle 98.4481 98.4631 98.4758 98.4867 98.4959 9.20241 9.30241
W+2_RB2out_S07_Forward 97.8609 97.8728 97.8828 97.8913 97.8983 9.20067 9.30067
W-2_RB2out_S08_Backward 99.5301 99.5412 99.5506 99.5584 99.565 9.3 9.4
W-2_RB2out_S08_Middle 98.3441 98.3708 98.3944 98.415 98.4332 9.37627 9.47627
W-2_RB2out_S08_Forward 97.4577 97.4703 97.481 97.4899 97.4974 9.18508 9.28508
W-1_RB2out_S08_Backward 94.6458 94.6581 94.6685 94.6772 94.6846 9.24181 9.34181
W-1_RB2out_S08_Forward 98.4892 98.5013 98.5115 98.52 98.5272 9.22241 9.32241
W+0_RB2out_S08_Backward 98.4261 98.4396 98.451 98.4607 98.4688 9.24395 9.34395
W+0_RB2out_S08_Forward 97.4964 97.5051 97.5123 97.5182 97.5231 9.15695 9.25695
W+1_RB2out_S08_Backward 98.4872 98.497 98.5052 98.512 98.5177 9.23406 9.33406
W+1_RB2out_S08_Forward 95.2437 95.2527 95.2602 95.2664 95.2715 9.2159 9.3159
W+2_RB2out_S08_Middle 97.8335 97.8509 97.8657 97.8785 97.8894 9.20751 9.30751
W+2_RB2out_S08_Forward 97.1139 97.1283 97.1405 97.1509 97.1597 9.20028 9.30028
W-2_RB2out_S09_Backward 99.1958 99.2061 99.2147 99.2218 99.2277 9.23763 9.33763
W-2_RB2out_S09_Middle 98.697 98.7157 98.7318 98.7456 98.7575 9.3766 9.4766
W-2_RB2out_S09_Forward 97.479 97.4993 97.5167 97.5318 97.5448 9.44195 9.54195
W-1_RB2out_S09_Backward 98.568 98.5757 98.582 98.5871 98.5914 9.26694 9.36694
W-1_RB2out_S09_Forward 96.0363 96.0474 96.0567 96.0645 96.071 9.29475 9.39475
W+0_RB2out_S09_Backward 97.9411 97.9501 97.9576 97.9638 97.9689 9.26149 9.36149
W+0_RB2out_S09_Forward 97.9779 97.9918 98.0034 98.0133 98.0217 9.29463 9.39463
W+1_RB2out_S09_Backward 95.5226 95.5389 95.5528 95.5647 95.5749 9.38698 9.48698
W+1_RB2out_S09_Forward 98.3539 98.3721 98.3877 98.4011 98.4127 9.33132 9.43132
W+2_RB2out_S09_Backward 99.0781 99.0908 99.1015 99.1105 99.118 9.27883 9.37883
W+2_RB2out_S09_Middle 98.3998 98.4126 98.4235 98.4326 98.4403 9.23835 9.33835
W+2_RB2out_S09_Forward 98.0797 98.0915 98.1015 98.1098 98.1168 9.22108 9.32108
W-2_RB2out_S10_Backward 99.2713 99.2877 99.3018 99.3137 99.324 9.44571 9.54571
W-2_RB2out_S10_Middle 97.1739 97.1968 97.2167 97.2341 97.2492 9.46096 9.56096
W-2_RB2out_S10_Forward 97.9184 97.9358 97.9508 97.9637 97.9747 9.40562 9.50562
W-1_RB2out_S10_Forward 98.4106 98.4277 98.4423 98.4548 98.4656 9.39231 9.49231
W+0_RB2out_S10_Backward 98.4442 98.4596 98.4728 98.4841 98.4936 9.34091 9.44091
W+0_RB2out_S10_Forward 92.856 92.8735 92.8886 92.9016 92.9127 9.36056 9.46056
W+1_RB2out_S10_Backward 98.3621 98.3727 98.3816 98.3891 98.3953 9.24529 9.34529
W+1_RB2out_S10_Forward 96.325 96.3338 96.3411 96.3472 96.3521 9.22804 9.32804
W+2_RB2out_S10_Backward 99.3948 99.4059 99.4152 99.423 99.4295 9.31177 9.41177
W+2_RB2out_S10_Middle 97.938 97.9486 97.9576 97.965 97.9712 9.305 9.405
W+2_RB2out_S10_Forward 91.9036 91.9146 91.9239 91.9317 91.9382 9.25468 9.35468
W-2_RB2out_S11_Backward 98.7897 98.7955 98.8003 98.8041 98.8072 9.15855 9.25855
W-2_RB2out_S11_Middle 98.134 98.1507 98.165 98.1772 98.1877 9.23465 9.33465
W-2_RB2out_S11_Forward 97.3064 97.3162 97.3243 97.3311 97.3368 9.18366 9.28366
W-1_RB2out_S11_Backward 98.4603 98.4729 98.4836 98.4926 98.5001 9.2573 9.3573
W-1_RB2out_S11_Forward 97.8174 97.8299 97.8404 97.8492 97.8567 9.26255 9.36255
W+0_RB2out_S11_Backward 98.0406 98.0579 98.0728 98.0856 98.0965 9.47115 9.57115
W+0_RB2out_S11_Forward 96.5513 96.5718 96.5896 96.6049 96.6182 9.44672 9.54672
W+1_RB2out_S11_Backward 98.1379 98.1461 98.1529 98.1584 98.163 9.21865 9.31865
W+1_RB2out_S11_Forward 98.8107 98.8441 98.8739 98.9005 98.9242 9.58908 9.68908
W+2_RB2out_S11_Backward 99.136 99.1417 99.1464 99.1501 99.1531 9.14561 9.24561
W+2_RB2out_S11_Middle 97.4601 97.4686 97.4756 97.4814 97.4862 9.17148 9.27148
W+2_RB2out_S11_Forward 97.8034 97.8168 97.8281 97.8376 97.8457 9.20383 9.30383
W-2_RB2out_S12_Backward 98.9489 98.9633 98.9755 98.9859 98.9947 9.28736 9.38736
W-2_RB2out_S12_Middle 98.1092 98.1207 98.1302 98.1383 98.145 9.23016 9.33016
W-2_RB2out_S12_Forward 98.3172 98.338 98.3561 98.3718 98.3854 9.31968 9.41968
W-1_RB2out_S12_Backward 107.108 107.16 107.207 107.25 107.289 9.9344 10.0344
W-1_RB2out_S12_Forward 99.0845 99.1148 99.1416 99.1653 99.1863 9.62706 9.72706
W+0_RB2out_S12_Backward 99.0062 99.0294 99.0497 99.0672 99.0825 9.40598 9.50598
W+0_RB2out_S12_Forward 97.9247 97.9405 97.9539 97.9654 97.9752 9.38015 9.48015
W+1_RB2out_S12_Backward 97.8916 97.9001 97.9071 97.9128 97.9176 9.23555 9.33555
W+1_RB2out_S12_Forward 96.5471 96.559 96.5691 96.5775 96.5845 9.2682 9.3682
W+2_RB2out_S12_Backward 98.7798 98.7912 98.8008 98.8088 98.8155 9.26679 9.36679
W+2_RB2out_S12_Middle 98.4825 98.4953 98.5062 98.5153 98.523 9.27765 9.37765
W+2_RB2out_S12_Forward 98.7643 98.7961 98.8243 98.8493 98.8715 9.60112 9.70112
W-2_RB3-_S01_Backward 98.8588 98.8632 98.8666 98.8694 98.8716 9.08718 9.18718
W-2_RB3-_S01_Forward 98.4849 98.4979 98.5088 98.518 98.5257 9.19821 9.29821
W-1_RB3-_S01_Backward 99.4244 99.4296 99.4338 99.4372 99.4398 9.18626 9.28626
W-1_RB3-_S01_Forward 98.8007 98.8099 98.8175 98.8238 98.8291 9.2346 9.3346
W+0_RB3-_S01_Backward 99.1736 99.1867 99.1977 99.207 99.2148 9.24725 9.34725
W+0_RB3-_S01_Forward 99.1355 99.1392 99.1421 99.1445 99.1463 9.12644 9.22644
W+1_RB3-_S01_Backward 99.0398 99.0514 99.0611 99.0692 99.076 9.31107 9.41107
W+1_RB3-_S01_Forward 98.9042 98.9148 98.9235 98.9308 98.9369 9.28274 9.38274
W+2_RB3-_S01_Backward 99.2748 99.2821 99.2881 99.2929 99.2969 9.14356 9.24356
W+2_RB3-_S01_Forward 98.9645 98.9706 98.9756 98.9796 98.9828 9.1158 9.2158
W-2_RB3-_S02_Backward 99.322 99.3322 99.3407 99.3477 99.3536 9.2722 9.3722
W-2_RB3-_S02_Forward 99.6395 99.6491 99.6571 99.6638 99.6693 9.364 9.464
W-1_RB3-_S02_Backward 99.0251 99.0336 99.0406 99.0463 99.0511 9.26321 9.36321
W-1_RB3-_S02_Forward 98.9526 98.9668 98.9787 98.9888 98.9973 9.2889 9.3889
W+0_RB3-_S02_Backward 99.1163 99.1259 99.134 99.1406 99.1461 9.17524 9.27524
W+0_RB3-_S02_Forward 100.427 100.469 100.508 100.542 100.573 9.67402 9.77402
W+1_RB3-_S02_Backward 98.9818 98.9945 99.0052 99.0142 99.0217 9.33593 9.43593
W+1_RB3-_S02_Forward 99.0935 99.1089 99.1219 99.133 99.1424 9.35609 9.45609
W+2_RB3-_S02_Backward 99.4111 99.4276 99.4416 99.4536 99.4637 9.33056 9.43056
W+2_RB3-_S02_Forward 99.1884 99.2097 99.2281 99.2441 99.258 9.41702 9.51702
W-2_RB3-_S03_Backward 98.9083 98.9183 98.9267 98.9336 98.9394 9.19406 9.29406
W-2_RB3-_S03_Forward 98.9824 98.9913 98.9987 99.0047 99.0097 9.127 9.227
W-1_RB3-_S03_Backward 99.354 99.3621 99.3687 99.3741 99.3786 9.17244 9.27244
W-1_RB3-_S03_Forward 99.3711 99.3853 99.3974 99.4076 99.4162 9.17976 9.27976
W+0_RB3-_S03_Backward 98.9737 98.9805 98.986 98.9905 98.9941 9.20155 9.30155
W+0_RB3-_S03_Forward 66.8082 66.8279 66.8452 66.8606 66.8741 9.63784 9.73784
W+1_RB3-_S03_Backward 98.932 98.9433 98.9528 98.9608 98.9675 9.26898 9.36898
W+1_RB3-_S03_Forward 98.5737 98.584 98.5926 98.5998 98.6058 9.31362 9.41362
W+2_RB3-_S03_Backward 98.5792 98.5851 98.5899 98.5938 98.5969 9.20504 9.30504
W+2_RB3-_S03_Forward 99.1605 99.1762 99.1895 99.2009 99.2106 9.32086 9.42086
W-2_RB3-_S04_Backward 98.9565 98.9652 98.9725 98.9784 98.9834 9.19229 9.29229
W-2_RB3-_S04_Forward 98.3584 98.3722 98.3839 98.3939 98.4022 9.2269 9.3269
W-1_RB3-_S04_Backward 98.7273 98.7412 98.7529 98.7628 98.7711 9.25502 9.35502
W-1_RB3-_S04_Forward 98.2848 98.2997 98.3124 98.3233 98.3325 9.21929 9.31929
W+0_RB3-_S04_Backward 98.9934 99.0023 99.0098 99.016 99.0211 9.18226 9.28226
W+0_RB3-_S04_Forward 98.2128 98.2261 98.2374 98.247 98.2551 9.3074 9.4074
W+1_RB3-_S04_Backward 99.1297 99.1363 99.1417 99.1461 99.1497 9.27352 9.37352
W+1_RB3-_S04_Forward 98.3624 98.372 98.38 98.3867 98.3922 9.27898 9.37898
W+2_RB3-_S04_Backward 97.5102 97.531 97.5491 97.5647 97.5783 9.49842 9.59842
W+2_RB3-_S04_Forward 99.0785 99.0887 99.0972 99.1042 99.1101 9.18905 9.28905
W-2_RB3-_S05_Backward 97.9022 97.9219 97.939 97.9537 97.9664 9.41883 9.51883
W-2_RB3-_S05_Forward 97.6671 97.681 97.6928 97.7028 97.7112 9.34861 9.44861
W-1_RB3-_S05_Backward 98.5892 98.6041 98.6167 98.6274 98.6365 9.29192 9.39192
W-1_RB3-_S05_Forward 99.2307 99.2428 99.2529 99.2615 99.2687 9.27607 9.37607
W+1_RB3-_S05_Backward 99.6142 99.6283 99.6402 99.6503 99.6588 9.33079 9.43079
W+1_RB3-_S05_Forward 98.7441 98.7554 98.7649 98.7729 98.7795 9.25385 9.35385
W+2_RB3-_S05_Backward 99.3236 99.3354 99.3453 99.3536 99.3605 9.29606 9.39606
W+2_RB3-_S05_Forward 99.0641 99.0844 99.1019 99.1171 99.1302 9.21847 9.31847
W-2_RB3-_S06_Backward 98.3908 98.3997 98.4071 98.4132 98.4183 9.21445 9.31445
W-2_RB3-_S06_Forward 98.8139 98.8203 98.8254 98.8296 98.833 9.12765 9.22765
W-1_RB3-_S06_Backward 97.797 97.8095 97.82 97.8289 97.8363 9.34993 9.44993
W-1_RB3-_S06_Forward 99.163 99.1666 99.1694 99.1716 99.1734 9.11209 9.21209
W+0_RB3-_S06_Backward 98.7141 98.726 98.7361 98.7445 98.7515 9.26303 9.36303
W+0_RB3-_S06_Forward 98.5222 98.5302 98.5367 98.5422 98.5466 9.23173 9.33173
W+1_RB3-_S06_Backward 99.9267 99.9442 99.9593 99.9722 99.9833 9.36555 9.46555
W+1_RB3-_S06_Forward 99.2221 99.2408 99.2569 99.2708 99.2826 9.41273 9.51273
W-2_RB3-_S07_Backward 98.7224 98.7333 98.7424 98.7501 98.7565 9.28891 9.38891
W-2_RB3-_S07_Forward 98.6437 98.6613 98.6763 98.6892 98.7002 9.30853 9.40853
W-1_RB3-_S07_Backward 99.4267 99.4379 99.4472 99.455 99.4615 9.23191 9.33191
W-1_RB3-_S07_Forward 99.1933 99.2084 99.2213 99.2322 99.2415 9.2364 9.3364
W+0_RB3-_S07_Backward 99.2249 99.2374 99.2479 99.2567 99.2641 9.34158 9.44158
W+0_RB3-_S07_Forward 98.13 98.1434 98.1548 98.1644 98.1725 9.40361 9.50361
W+1_RB3-_S07_Backward 99.3017 99.3198 99.3352 99.3485 99.3598 9.28033 9.38033
W+1_RB3-_S07_Forward 98.517 98.5269 98.535 98.5418 98.5474 9.16714 9.26714
W+2_RB3-_S07_Backward 99.2857 99.2983 99.3089 99.3178 99.3254 9.28834 9.38834
W+2_RB3-_S07_Forward 99.498 99.5152 99.53 99.5426 99.5534 9.36939 9.46939
W-2_RB3-_S08_Backward 98.9571 98.9744 98.9891 99.0018 99.0126 9.33249 9.43249
W-2_RB3-_S08_Forward 98.741 98.7535 98.7641 98.7729 98.7803 9.21132 9.31132
W-1_RB3-_S08_Backward 99.7649 99.7795 99.7919 99.8024 99.8113 9.36709 9.46709
W-1_RB3-_S08_Forward 98.3474 98.3644 98.379 98.3915 98.4023 9.3419 9.4419
W+0_RB3-_S08_Backward 99.1562 99.1699 99.1814 99.1912 99.1994 9.19023 9.29023
W+0_RB3-_S08_Forward 98.6826 98.695 98.7055 98.7143 98.7217 9.21034 9.31034
W+1_RB3-_S08_Backward 99.2094 99.2208 99.2304 99.2385 99.2452 9.19362 9.29362
W+1_RB3-_S08_Forward 96.0912 96.1228 96.1508 96.1757 96.1978 9.54871 9.64871
W+2_RB3-_S08_Backward 99.5422 99.5548 99.5655 99.5745 99.5821 9.28251 9.38251
W+2_RB3-_S08_Forward 99.1124 99.1368 99.1581 99.1767 99.1929 9.43213 9.53213
W-2_RB3-_S09_Backward 99.3759 99.3907 99.4034 99.4141 99.4232 9.25968 9.35968
W-2_RB3-_S09_Forward 98.8119 98.8181 98.8232 98.8273 98.8306 9.13804 9.23804
W+0_RB3-_S09_Backward 99.5808 99.5966 99.6102 99.6217 99.6316 9.31202 9.41202
W+0_RB3-_S09_Forward 99.1137 99.127 99.1382 99.1476 99.1556 9.27017 9.37017
W+1_RB3-_S09_Backward 99.388 99.4048 99.4191 99.4313 99.4418 9.32107 9.42107
W+1_RB3-_S09_Forward 70.1679 70.1867 70.2032 70.2176 70.2302 9.4699 9.5699
W+2_RB3-_S09_Backward 99.3522 99.3637 99.3734 99.3814 99.3882 9.1778 9.2778
W+2_RB3-_S09_Forward 98.571 98.5849 98.5966 98.6066 98.615 9.21736 9.31736
W-2_RB3-_S10_Backward 97.4311 97.434 97.4363 97.438 97.4394 9.41588 9.51588
W-2_RB3-_S10_Forward 93.8754 93.8754 93.8754 93.8754 93.8754 9.25133 9.35133
W-1_RB3-_S10_Backward 97.7578 97.7644 97.7699 97.7743 97.7779 9.23608 9.33608
W+0_RB3-_S10_Backward 94.9181 94.9309 94.9417 94.9508 94.9585 9.25 9.35
W+1_RB3-_S10_Backward 97.3797 97.3947 97.4075 97.4183 97.4275 9.30413 9.40413
W+1_RB3-_S10_Forward 99.0711 99.0801 99.0876 99.0938 99.0988 9.2517 9.3517
W+2_RB3-_S10_Backward 97.9269 97.9437 97.9581 97.9703 97.9808 9.26949 9.36949
W+2_RB3-_S10_Forward 98.6754 98.6847 98.6923 98.6986 98.7038 9.17181 9.27181
W-2_RB3-_S11_Backward 99.2142 99.2244 99.2329 99.24 99.2459 9.2242 9.3242
W-2_RB3-_S11_Forward 98.9088 98.9275 98.9436 98.9575 98.9694 9.31516 9.41516
W-1_RB3-_S11_Backward 99.3109 99.321 99.3295 99.3366 99.3425 9.19297 9.29297
W-1_RB3-_S11_Forward 99.1382 99.1541 99.1677 99.1793 99.1892 9.2718 9.3718
W+0_RB3-_S11_Backward 99.1816 99.1913 99.1994 99.2062 99.2118 9.34883 9.44883
W+0_RB3-_S11_Forward 70.7711 70.7938 70.8139 70.8317 70.8475 9.62482 9.72482
W+1_RB3-_S11_Backward 97.7202 97.7413 97.7596 97.7755 97.7892 9.46695 9.56695
W+1_RB3-_S11_Forward 97.1059 97.1214 97.1347 97.146 97.1556 9.36939 9.46939
W+2_RB3-_S11_Backward 99.4203 99.4263 99.4312 99.4352 99.4384 9.10125 9.20125
W+2_RB3-_S11_Forward 98.5175 98.5204 98.5226 98.5243 98.5257 9.08043 9.18043
W-2_RB3-_S12_Backward 99.3874 99.3964 99.4038 99.4099 99.415 9.24984 9.34984
W-2_RB3-_S12_Forward 98.6709 98.6817 98.6908 98.6984 98.7047 9.1916 9.2916
W-1_RB3-_S12_Backward 99.2864 99.2964 99.3046 99.3115 99.3171 9.27755 9.37755
W-1_RB3-_S12_Forward 99.4477 99.4574 99.4655 99.4723 99.4779 9.22079 9.32079
W+0_RB3-_S12_Backward 98.6144 98.629 98.6414 98.652 98.6609 9.31136 9.41136
W+0_RB3-_S12_Forward 99.3619 99.3801 99.3957 99.4092 99.4207 9.31388 9.41388
W+1_RB3-_S12_Backward 99.1143 99.1334 99.1498 99.1639 99.176 9.36183 9.46183
W+1_RB3-_S12_Forward 99.2441 99.2635 99.2803 99.2948 99.3073 9.28419 9.38419
W-2_RB3+_S01_Backward 99.1774 99.1863 99.1936 99.1996 99.2046 9.1785 9.2785
W-2_RB3+_S01_Forward 97.6879 97.6956 97.7018 97.7069 97.7111 9.12535 9.22535
W-1_RB3+_S01_Backward 99.4042 99.4102 99.4151 99.419 99.4222 9.14377 9.24377
W-1_RB3+_S01_Forward 98.0005 98.0164 98.0299 98.0415 98.0514 9.25835 9.35835
W+0_RB3+_S01_Backward 98.9951 99.0084 99.0196 99.029 99.037 9.19934 9.29934
W+0_RB3+_S01_Forward 98.8087 98.8129 98.8162 98.8189 98.821 9.01096 9.11096
W+1_RB3+_S01_Backward 99.1649 99.1693 99.1728 99.1756 99.1778 9.24642 9.34642
W+1_RB3+_S01_Forward 98.5988 98.6045 98.6092 98.613 98.616 9.2329 9.3329
W+2_RB3+_S01_Backward 96.7637 96.7808 96.7956 96.8082 96.8191 9.28631 9.38631
W+2_RB3+_S01_Forward 98.1492 98.158 98.1652 98.1711 98.1761 9.13737 9.23737
W-2_RB3+_S02_Backward 97.5847 97.602 97.6168 97.6295 97.6404 9.28924 9.38924
W-2_RB3+_S02_Forward 99.1271 99.1382 99.1476 99.1555 99.162 9.2805 9.3805
W-1_RB3+_S02_Backward 99.2501 99.2581 99.2646 99.2701 99.2745 9.20201 9.30201
W-1_RB3+_S02_Forward 99.199 99.2135 99.2258 99.2363 99.2452 9.27584 9.37584
W+0_RB3+_S02_Backward 99.5411 99.5829 99.6207 99.6547 99.6854 9.48478 9.58478
W+0_RB3+_S02_Forward 98.6292 98.637 98.6434 98.6486 98.653 9.1742 9.2742
W+1_RB3+_S02_Backward 99.3032 99.3212 99.3366 99.3498 99.3612 9.43811 9.53811
W+1_RB3+_S02_Forward 119.082 119.146 119.204 119.257 119.306 10.1022 10.2022
W+2_RB3+_S02_Backward 99.5415 99.5539 99.5643 99.5731 99.5805 9.33111 9.43111
W+2_RB3+_S02_Forward 99.0789 99.0871 99.0938 99.0994 99.1039 9.21855 9.31855
W-2_RB3+_S03_Backward 99.3663 99.3742 99.3807 99.386 99.3903 9.16473 9.26473
W-2_RB3+_S03_Forward 98.6522 98.6641 98.674 98.6824 98.6894 9.17797 9.27797
W-1_RB3+_S03_Backward 99.1286 99.1371 99.1442 99.15 99.1548 9.17207 9.27207
W-1_RB3+_S03_Forward 99.1457 99.1593 99.1709 99.1806 99.1888 9.16425 9.26425
W+0_RB3+_S03_Backward 98.924 98.929 98.9331 98.9364 98.939 9.09156 9.19156
W+0_RB3+_S03_Forward 99.2214 99.2282 99.2337 99.2382 99.2418 9.09228 9.19228
W+1_RB3+_S03_Backward 99.0363 99.045 99.0522 99.0582 99.0631 9.22115 9.32115
W+1_RB3+_S03_Forward 98.2833 98.3014 98.317 98.3303 98.3418 9.33557 9.43557
W+2_RB3+_S03_Backward 90.1238 90.1262 90.1281 90.1295 90.1307 9.39993 9.49993
W+2_RB3+_S03_Forward 96.6968 96.6973 96.6976 96.6979 96.6981 9.34503 9.44503
W-2_RB3+_S04_Backward 97.5587 97.5802 97.5988 97.6149 97.6288 9.44269 9.54269
W-2_RB3+_S04_Forward 97.3008 97.3084 97.3146 97.3198 97.324 9.33298 9.43298
W-1_RB3+_S04_Backward 99.0017 99.024 99.0434 99.0603 99.0749 9.31964 9.41964
W-1_RB3+_S04_Forward 98.812 98.8292 98.8438 98.8564 98.8671 9.313 9.413
W+0_RB3+_S04_Backward 95.0445 95.0684 95.0892 95.1073 95.1232 9.58973 9.68973
W+0_RB3+_S04_Forward 94.967 95.0107 95.0504 95.0863 95.1189 9.76442 9.86442
W+1_RB3+_S04_Backward 99.4237 99.4309 99.4367 99.4415 99.4455 9.28967 9.38967
W+1_RB3+_S04_Forward 98.8989 98.9159 98.9306 98.9432 98.9539 9.32864 9.42864
W+2_RB3+_S04_Backward 98.6765 98.688 98.6977 98.7058 98.7127 9.23213 9.33213
W+2_RB3+_S04_Forward 99.1696 99.1801 99.1888 99.1961 99.2021 9.19142 9.29142
W-2_RB3+_S05_Backward 98.7369 98.7499 98.7609 98.7702 98.778 9.21392 9.31392
W-2_RB3+_S05_Forward 98.9189 98.9315 98.9421 98.9511 98.9586 9.19927 9.29927
W-1_RB3+_S05_Backward 1.65481e-48 1.40262e-50 1.18885e-52 1.00767e-54 8.54097e-57 9.68195 9.78195
W-1_RB3+_S05_Forward 97.0198 97.0439 97.065 97.0835 97.0997 9.35177 9.45177
W+1_RB3+_S05_Backward 99.496 99.5158 99.5329 99.5477 99.5604 9.34798 9.44798
W+1_RB3+_S05_Forward 99.2727 99.2852 99.2957 99.3046 99.3121 9.21352 9.31352
W+2_RB3+_S05_Backward 99.6711 99.687 99.7006 99.7122 99.7221 9.31512 9.41512
W+2_RB3+_S05_Forward 98.4382 98.455 98.4694 98.4817 98.4922 9.26783 9.36783
W-2_RB3+_S06_Backward 99.394 99.4055 99.4151 99.4231 99.4299 9.25715 9.35715
W-2_RB3+_S06_Forward 99.3688 99.3781 99.3857 99.3921 99.3973 9.16759 9.26759
W-1_RB3+_S06_Backward 99.2651 99.2745 99.2823 99.2887 99.294 9.16154 9.26154
W-1_RB3+_S06_Forward 98.9824 98.991 98.9981 99.004 99.0089 9.21498 9.31498
W+0_RB3+_S06_Backward 98.9049 98.9103 98.9146 98.9181 98.9209 9.17078 9.27078
W+0_RB3+_S06_Forward 99.7018 99.7099 99.7165 99.722 99.7264 9.23346 9.33346
W+1_RB3+_S06_Backward 99.1829 99.195 99.2052 99.2137 99.2209 9.33942 9.43942
W+1_RB3+_S06_Forward 99.4927 99.5125 99.5295 99.5442 99.5568 9.39124 9.49124
W+2_RB3+_S06_Backward 99.1429 99.1551 99.1653 99.1739 99.1812 9.2597 9.3597
W+2_RB3+_S06_Forward 98.2115 98.2192 98.2256 98.2308 98.235 9.20005 9.30005
W-2_RB3+_S07_Backward 98.6069 98.6418 98.673 98.7008 98.7257 9.63944 9.73944
W-2_RB3+_S07_Forward 98.9106 98.9365 98.9592 98.9791 98.9966 9.54303 9.64303
W-1_RB3+_S07_Backward 99.3999 99.4114 99.421 99.429 99.4356 9.23871 9.33871
W-1_RB3+_S07_Forward 99.665 99.6755 99.6843 99.6916 99.6977 9.25103 9.35103
W+0_RB3+_S07_Backward 98.8567 98.8625 98.8671 98.8708 98.8738 9.2859 9.3859
W+0_RB3+_S07_Forward 99.4203 99.4269 99.4322 99.4365 99.4401 9.26409 9.36409
W+1_RB3+_S07_Backward 98.9104 98.9357 98.9578 98.9772 98.9942 9.40102 9.50102
W+1_RB3+_S07_Forward 99.2308 99.2503 99.2672 99.2817 99.2943 9.32524 9.42524
W+2_RB3+_S07_Backward 99.3703 99.3781 99.3846 99.3899 99.3942 9.33299 9.43299
W+2_RB3+_S07_Forward 99.7035 99.712 99.7189 99.7247 99.7295 9.27735 9.37735
W-2_RB3+_S08_Backward 98.9478 98.9602 98.9706 98.9793 98.9866 9.24523 9.34523
W-2_RB3+_S08_Forward 98.8446 98.8517 98.8575 98.8622 98.866 9.14957 9.24957
W-1_RB3+_S08_Backward 97.0475 97.0742 97.0975 97.1181 97.1361 9.5915 9.6915
W-1_RB3+_S08_Forward 98.7058 98.7222 98.7361 98.7481 98.7582 9.32666 9.42666
W+0_RB3+_S08_Backward 96.3553 96.3671 96.3771 96.3854 96.3925 9.35157 9.45157
W+0_RB3+_S08_Forward 96.659 96.6726 96.6841 96.6938 96.7021 9.35836 9.45836
W+1_RB3+_S08_Backward 99.1315 99.1462 99.1588 99.1694 99.1784 9.27692 9.37692
W+1_RB3+_S08_Forward 99.1579 99.1702 99.1805 99.1892 99.1964 9.27199 9.37199
W+2_RB3+_S08_Backward 99.076 99.094 99.1094 99.1226 99.1339 9.29716 9.39716
W+2_RB3+_S08_Forward 98.6075 98.6215 98.6333 98.6434 98.6519 9.19727 9.29727
W-2_RB3+_S09_Backward 97.4315 97.4523 97.4702 97.4857 97.4992 9.59758 9.69758
W-2_RB3+_S09_Forward 93.9852 94.0041 94.0204 94.0346 94.0468 9.48232 9.58232
W-1_RB3+_S09_Backward 99.2954 99.3086 99.3198 99.3292 99.3372 9.2967 9.3967
W-1_RB3+_S09_Forward 99.408 99.4249 99.4392 99.4515 99.462 9.29951 9.39951
W+0_RB3+_S09_Backward 99.3619 99.3747 99.3855 99.3946 99.4023 9.29345 9.39345
W+0_RB3+_S09_Forward 99.3087 99.3204 99.3302 99.3385 99.3454 9.24215 9.34215
W+1_RB3+_S09_Backward 87.3496 87.3669 87.3818 87.3946 87.4057 9.36987 9.46987
W+1_RB3+_S09_Forward 98.7912 98.8068 98.8201 98.8315 98.8411 9.30289 9.40289
W+2_RB3+_S09_Backward 99.5358 99.5453 99.5532 99.5597 99.5652 9.21033 9.31033
W+2_RB3+_S09_Forward 99.5927 99.6049 99.615 99.6235 99.6307 9.14414 9.24414
W-2_RB3+_S10_Backward 99.2653 99.275 99.283 99.2897 99.2953 9.24986 9.34986
W-2_RB3+_S10_Forward 99.5175 99.5297 99.5399 99.5485 99.5557 9.23496 9.33496
W-1_RB3+_S10_Backward 97.4095 97.4144 97.4184 97.4216 97.4242 9.20033 9.30033
W+0_RB3+_S10_Backward 99.2804 99.297 99.3112 99.3233 99.3336 9.31634 9.41634
W+0_RB3+_S10_Forward 98.4824 98.502 98.519 98.5337 98.5464 9.3342 9.4342
W+1_RB3+_S10_Backward 99.1424 99.1558 99.1671 99.1766 99.1847 9.31575 9.41575
W+1_RB3+_S10_Forward 98.4657 98.4795 98.491 98.5008 98.5091 9.28587 9.38587
W+2_RB3+_S10_Backward 98.6335 98.6455 98.6556 98.6642 98.6713 9.21249 9.31249
W+2_RB3+_S10_Forward 98.9626 98.9698 98.9756 98.9804 98.9842 9.11642 9.21642
W-2_RB3+_S11_Backward 99.2488 99.2632 99.2755 99.2859 99.2947 9.29339 9.39339
W-2_RB3+_S11_Forward 99.3234 99.3419 99.3577 99.3714 99.3832 9.31481 9.41481
W-1_RB3+_S11_Backward 95.3676 95.3762 95.3834 95.3894 95.3943 9.26843 9.36843
W-1_RB3+_S11_Forward 95.6969 95.7061 95.7138 95.7201 95.7254 9.2518 9.3518
W+0_RB3+_S11_Backward 99.5855 99.6029 99.6178 99.6305 99.6414 9.34978 9.44978
W+0_RB3+_S11_Forward 98.5754 98.5894 98.6012 98.6112 98.6196 9.3711 9.4711
W+1_RB3+_S11_Backward 99.1128 99.1251 99.1354 99.1441 99.1515 9.24489 9.34489
W+1_RB3+_S11_Forward 99.3295 99.3474 99.3627 99.3758 99.3871 9.3043 9.4043
W+2_RB3+_S11_Backward 99.5216 99.5393 99.5545 99.5675 99.5786 9.33429 9.43429
W+2_RB3+_S11_Forward 98.8439 98.8563 98.8668 98.8756 98.883 9.2208 9.3208
W-2_RB3+_S12_Backward 99.5351 99.5439 99.551 99.557 99.5619 9.18131 9.28131
W-2_RB3+_S12_Forward 98.9928 98.9991 99.0043 99.0085 99.0119 9.14689 9.24689
W-1_RB3+_S12_Backward 99.1865 99.1945 99.201 99.2064 99.2109 9.27672 9.37672
W-1_RB3+_S12_Forward 99.1118 99.1176 99.1223 99.1261 99.1291 9.19598 9.29598
W+0_RB3+_S12_Backward 99.2652 99.2774 99.2876 99.2963 99.3035 9.26666 9.36666
W+0_RB3+_S12_Forward 99.0758 99.0847 99.092 99.0981 99.1031 9.19183 9.29183
W+1_RB3+_S12_Backward 98.3472 98.3605 98.3718 98.3813 98.3893 9.34713 9.44713
W+1_RB3+_S12_Forward 98.796 98.8211 98.8431 98.8624 98.8792 9.44162 9.54162
W+2_RB3+_S12_Backward 99.4328 99.4393 99.4445 99.4488 99.4523 9.13511 9.23511
W+2_RB3+_S12_Forward 98.8137 98.828 98.8402 98.8505 98.8592 9.20249 9.30249
W-2_RB4-_S01_Backward 95.0708 95.0708 95.0708 95.0708 95.0708 8.84807 8.94807
W-2_RB4-_S01_Forward 100.003 100.003 100.003 100.003 100.003 9.04 9.14
W-1_RB4-_S01_Backward 99.211 99.2199 99.2273 99.2334 99.2385 9.25538 9.35538
W-1_RB4-_S01_Forward 99.5967 99.6111 99.6233 99.6337 99.6425 9.41934 9.51934
W+0_RB4-_S01_Backward 99.3457 99.3561 99.3648 99.3721 99.3781 9.25089 9.35089
W+0_RB4-_S01_Forward 98.4658 98.4876 98.5066 98.5231 98.5374 9.35607 9.45607
W+1_RB4-_S01_Backward 100.077 100.092 100.104 100.114 100.123 9.45457 9.55457
W-2_RB4-_S02_Backward 92.31 92.3139 92.317 92.3195 92.3215 9.36165 9.46165
W-2_RB4-_S02_Forward 97.9862 97.9862 97.9862 97.9862 97.9862 9.12036 9.22036
W-1_RB4-_S02_Backward 86.1224 86.1251 86.1272 86.1288 86.1301 9.54041 9.64041
W+0_RB4-_S02_Backward 99.5193 99.5415 99.5608 99.5776 99.5921 9.35113 9.45113
W+0_RB4-_S02_Forward 95.3426 95.3502 95.3563 95.3614 95.3656 9.24921 9.34921
W+1_RB4-_S02_Backward 98.991 99.0238 99.0528 99.0786 99.1015 9.73307 9.83307
W+1_RB4-_S02_Forward 97.8091 97.8386 97.8645 97.8875 97.9077 9.61622 9.71622
W-2_RB4-_S03_Backward 99.3896 99.3953 99.3999 99.4037 99.4067 9.21937 9.31937
W-1_RB4-_S03_Backward 99.0273 99.0336 99.0388 99.043 99.0464 9.15156 9.25156
W-1_RB4-_S03_Forward 98.2154 98.2288 98.2401 98.2497 98.2578 9.2663 9.3663
W+0_RB4-_S03_Backward 95.3948 95.4063 95.416 95.4242 95.4311 9.27183 9.37183
W+0_RB4-_S03_Forward 92.5256 92.5394 92.551 92.5609 92.5693 9.30374 9.40374
W+1_RB4-_S03_Backward 100.048 100.069 100.087 100.102 100.115 9.35593 9.45593
W+1_RB4-_S03_Forward 99.4353 99.4565 99.4748 99.4907 99.5044 9.39851 9.49851
W-2_RB4--_S04_Backward 94.0332 94.0368 94.0396 94.0418 94.0436 9.05333 9.15333
W-2_RB4--_S04_Forward 99.326 99.3438 99.3591 99.3723 99.3836 9.21499 9.31499
W-1_RB4--_S04_Backward 96.4895 96.5048 96.5177 96.5288 96.5382 9.17874 9.27874
W-1_RB4--_S04_Forward 98.8049 98.823 98.8384 98.8518 98.8632 9.2213 9.3213
W+0_RB4--_S04_Backward 99.6307 99.6442 99.6556 99.6652 99.6734 9.23467 9.33467
W+0_RB4--_S04_Forward 98.5661 98.5786 98.589 98.5979 98.6053 9.2143 9.3143
W+1_RB4--_S04_Backward 95.2895 95.3 95.3087 95.316 95.3222 9.34206 9.44206
W+1_RB4--_S04_Forward 97.9802 98.0055 98.0276 98.047 98.064 9.50998 9.60998
W+2_RB4--_S04_Backward 96.368 96.368 96.368 96.368 96.368 9.2202 9.3202
W+2_RB4--_S04_Forward 98.8721 98.8875 98.9006 98.9117 98.9212 9.21017 9.31017
W-2_RB4-_S05_Backward 98.1427 98.1542 98.1639 98.172 98.1787 9.2375 9.3375
W-2_RB4-_S05_Forward 99.397 99.4204 99.4408 99.4585 99.4739 9.36281 9.46281
W-1_RB4-_S05_Backward 98.8663 98.8744 98.881 98.8865 98.891 9.22038 9.32038
W-1_RB4-_S05_Forward 99.2081 99.2257 99.2407 99.2536 99.2646 9.27231 9.37231
W+0_RB4-_S05_Backward 95.4987 95.5117 95.5226 95.5319 95.5397 9.3025 9.4025
W+0_RB4-_S05_Forward 98.4491 98.4595 98.4681 98.4753 98.4813 9.29683 9.39683
W+1_RB4-_S05_Backward 99.1743 99.1828 99.1897 99.1955 99.2002 9.26579 9.36579
W+1_RB4-_S05_Forward 97.1148 97.1241 97.1318 97.1381 97.1434 9.23704 9.33704
W+2_RB4-_S05_Backward 98.9718 98.983 98.9924 99.0003 99.0069 9.26061 9.36061
W+2_RB4-_S05_Forward 99.5404 99.5599 99.5767 99.5911 99.6035 9.27593 9.37593
W-2_RB4-_S06_Backward 99.3656 99.3754 99.3836 99.3904 99.3961 9.30725 9.40725
W-2_RB4-_S06_Forward 98.9633 98.9937 99.0206 99.0444 99.0655 9.55967 9.65967
W+0_RB4-_S06_Backward 99.5178 99.5286 99.5377 99.5453 99.5516 9.2932 9.3932
W+0_RB4-_S06_Forward 98.2235 98.2378 98.25 98.2603 98.2691 9.27927 9.37927
W+1_RB4-_S06_Backward 98.6683 98.6852 98.6996 98.7119 98.7224 9.41282 9.51282
W+1_RB4-_S06_Forward 100.207 100.236 100.261 100.283 100.303 9.43812 9.53812
W+2_RB4-_S06_Backward 98.1027 98.1099 98.1158 98.1206 98.1246 9.2458 9.3458
W+2_RB4-_S06_Forward 100.091 100.128 100.162 100.192 100.219 9.43566 9.53566
W-2_RB4-_S07_Backward 98.1937 98.1973 98.2001 98.2023 98.204 9.2995 9.3995
W-1_RB4-_S07_Backward 98.897 98.9168 98.9339 98.9487 98.9615 9.2992 9.3992
W-1_RB4-_S07_Forward 99.4378 99.4485 99.4574 99.4648 99.471 9.28036 9.38036
W+0_RB4-_S07_Backward 98.3016 98.3209 98.3375 98.3519 98.3643 9.45887 9.55887
W+0_RB4-_S07_Forward 73.4659 73.4723 73.4776 73.482 73.4856 9.33799 9.43799
W+1_RB4-_S07_Backward 99.0587 99.0714 99.0822 99.0912 99.0988 9.30407 9.40407
W+1_RB4-_S07_Forward 99.7434 99.7745 99.802 99.8263 99.8478 9.32949 9.42949
W-2_RB4-_S08_Backward 100.034 100.069 100.101 100.13 100.155 9.53406 9.63406
W-2_RB4-_S08_Forward 100.372 100.403 100.431 100.456 100.478 9.48099 9.58099
W-1_RB4-_S08_Backward 98.6349 98.646 98.6552 98.663 98.6695 9.30533 9.40533
W-1_RB4-_S08_Forward 99.6506 99.6698 99.6863 99.7005 99.7126 9.37951 9.47951
W+0_RB4-_S08_Backward 100.21 100.235 100.258 100.278 100.295 9.4359 9.5359
W+0_RB4-_S08_Forward 96.228 96.2567 96.282 96.3043 96.324 9.44973 9.54973
W+1_RB4-_S08_Backward 99.5297 99.5437 99.5556 99.5657 99.5742 9.31871 9.41871
W+1_RB4-_S08_Forward 98.3451 98.3707 98.393 98.4126 98.4297 9.37343 9.47343
W+2_RB4-_S08_Backward 98.3457 98.3668 98.3851 98.4009 98.4147 9.26193 9.36193
W+2_RB4-_S08_Forward 101.991 102.021 102.047 102.07 102.09 9.44626 9.54626
W-2_RB4_S09_Backward 98.3065 98.3182 98.3281 98.3363 98.3433 9.29096 9.39096
W-2_RB4_S09_Forward 99.9895 100.011 100.029 100.044 100.058 9.46187 9.56187
W-1_RB4_S09_Backward 96.8331 96.8545 96.8731 96.8892 96.9032 9.51059 9.61059
W-1_RB4_S09_Forward 101.72 101.756 101.788 101.817 101.842 9.63754 9.73754
W+0_RB4_S09_Backward 96.6907 96.7123 96.731 96.7472 96.7613 9.41071 9.51071
W+0_RB4_S09_Forward 99.4797 99.5017 99.5209 99.5375 99.5519 9.37305 9.47305
W+1_RB4_S09_Backward 99.4266 99.4512 99.4728 99.4916 99.508 9.42133 9.52133
W+1_RB4_S09_Forward 99.383 99.3984 99.4114 99.4225 99.4319 9.31549 9.41549
W+2_RB4_S09_Backward 97.5989 97.6042 97.6084 97.6118 97.6145 9.23784 9.33784
W+2_RB4_S09_Forward 99.7701 99.7919 99.8107 99.827 99.8412 9.39013 9.49013
W-2_RB4-_S10_Backward 98.9509 98.9597 98.967 98.973 98.978 9.35816 9.45816
W-2_RB4-_S10_Forward 99.433 99.456 99.4759 99.4933 99.5084 9.39605 9.49605
W-1_RB4-_S10_Backward 89.8985 89.9087 89.9172 89.9243 89.9303 9.34606 9.44606
W-1_RB4-_S10_Forward 100.198 100.233 100.263 100.29 100.314 9.50449 9.60449
W+0_RB4-_S10_Backward 99.1668 99.1768 99.1851 99.192 99.1977 9.29844 9.39844
W+0_RB4-_S10_Forward 99.1149 99.1344 99.1513 99.1659 99.1785 9.39633 9.49633
W+1_RB4-_S10_Backward 98.2822 98.297 98.3096 98.3203 98.3294 9.40063 9.50063
W+1_RB4-_S10_Forward 98.2542 98.2802 98.303 98.323 98.3405 9.50246 9.60246
W+2_RB4-_S10_Backward 96.6291 96.6438 96.6562 96.6668 96.6757 9.33257 9.43257
W+2_RB4-_S10_Forward 99.6468 99.6686 99.6874 99.7038 99.7179 9.39246 9.49246
W-2_RB4_S11_Backward 98.457 98.4606 98.4634 98.4655 98.4673 9.20824 9.30824
W-2_RB4_S11_Forward 98.9816 99.0047 99.0248 99.0423 99.0576 9.44524 9.54524
W-1_RB4_S11_Backward 99.3796 99.3952 99.4085 99.4199 99.4296 9.3703 9.4703
W-1_RB4_S11_Forward 95.4817 95.5014 95.5185 95.5333 95.5461 9.39038 9.49038
W+0_RB4_S11_Backward 94.2889 94.3036 94.3161 94.3267 94.3358 9.39474 9.49474
W+0_RB4_S11_Forward 99.9954 100.021 100.043 100.062 100.079 9.48605 9.58605
W+1_RB4_S11_Backward 99.5926 99.6079 99.6209 99.6319 99.6412 9.3331 9.4331
W+1_RB4_S11_Forward 99.2827 99.2967 99.3086 99.3186 99.3271 9.29318 9.39318
W+2_RB4_S11_Backward 99.6335 99.6471 99.6586 99.6684 99.6766 9.28005 9.38005
W+2_RB4_S11_Forward 99.3265 99.3454 99.3617 99.3757 99.3878 9.38254 9.48254
W-2_RB4-_S12_Backward 97.3249 97.3278 97.3301 97.3319 97.3333 9.30308 9.40308
W-2_RB4-_S12_Forward 98.8404 98.849 98.8561 98.8619 98.8668 9.291 9.391
W-1_RB4-_S12_Backward 90.7624 90.7663 90.7693 90.7718 90.7738 9.09265 9.19265
W-1_RB4-_S12_Forward 94.2661 94.2692 94.2717 94.2737 94.2753 9.1202 9.2202
W+0_RB4-_S12_Backward 98.0817 98.1006 98.1169 98.1309 98.1429 9.50422 9.60422
W+0_RB4-_S12_Forward 94.2416 94.2588 94.2735 94.2861 94.2969 9.50445 9.60445
W+1_RB4-_S12_Backward 98.4253 98.442 98.4562 98.4683 98.4786 9.33608 9.43608
W+1_RB4-_S12_Forward 98.0007 98.0124 98.0223 98.0305 98.0375 9.2468 9.3468
W+2_RB4-_S12_Backward 98.3441 98.3593 98.3722 98.3832 98.3925 9.30529 9.40529
W+2_RB4-_S12_Forward 99.4239 99.4348 99.4438 99.4514 99.4577 9.26991 9.36991
W-1_RB4+_S01_Backward 98.7473 98.756 98.7632 98.7692 98.7741 9.22651 9.32651
W-1_RB4+_S01_Forward 98.6566 98.6718 98.6848 98.6958 98.7052 9.25207 9.35207
W+0_RB4+_S01_Backward 98.7037 98.706 98.7078 98.7092 98.7103 9.13986 9.23986
W+0_RB4+_S01_Forward 98.6703 98.6842 98.6958 98.7057 98.714 9.27957 9.37957
W+1_RB4+_S01_Backward 96.8475 96.8616 96.8735 96.8836 96.8922 9.47473 9.57473
W+1_RB4+_S01_Forward 93.0268 93.0476 93.0656 93.0813 93.0948 9.49892 9.59892
W-2_RB4+_S02_Backward 98.6702 98.6855 98.6986 98.7096 98.719 9.34437 9.44437
W-2_RB4+_S02_Forward 103.964 103.994 104.02 104.043 104.063 9.43112 9.53112
W-1_RB4+_S02_Backward 99.3414 99.3524 99.3616 99.3692 99.3756 9.29137 9.39137
W-1_RB4+_S02_Forward 99.1727 99.1824 99.1904 99.1971 99.2026 9.20182 9.30182
W+0_RB4+_S02_Backward 98.3742 98.3849 98.3939 98.4014 98.4077 9.29209 9.39209
W+0_RB4+_S02_Forward 97.4534 97.4671 97.4787 97.4885 97.4968 9.28696 9.38696
W+1_RB4+_S02_Backward 99.2484 99.2744 99.2972 99.3172 99.3348 9.45964 9.55964
W+1_RB4+_S02_Forward 98.8379 98.8485 98.8572 98.8645 98.8706 9.29793 9.39793
W+2_RB4+_S02_Backward 100.75 100.788 100.823 100.854 100.882 9.61522 9.71522
W+2_RB4+_S02_Forward 99.0634 99.0918 99.1168 99.1388 99.1581 9.52488 9.62488
W-2_RB4+_S03_Backward 97.9656 97.9722 97.9776 97.982 97.9856 9.21544 9.31544
W-2_RB4+_S03_Forward 99.0364 99.0545 99.0701 99.0834 99.0949 9.30679 9.40679
W-1_RB4+_S03_Backward 99.111 99.1208 99.1289 99.1357 99.1414 9.17298 9.27298
W-1_RB4+_S03_Forward 99.0309 99.0487 99.0641 99.0772 99.0884 9.23464 9.33464
W+0_RB4+_S03_Backward 99.0143 99.0242 99.0324 99.0393 99.045 9.26586 9.36586
W+0_RB4+_S03_Forward 99.4614 99.4789 99.4939 99.5068 99.5178 9.34368 9.44368
W+1_RB4+_S03_Backward 98.036 98.0512 98.0641 98.0751 98.0844 9.2768 9.3768
W+1_RB4+_S03_Forward 98.7405 98.7524 98.7624 98.7709 98.778 9.31179 9.41179
W+2_RB4+_S03_Backward 98.1872 98.2137 98.2371 98.2576 98.2756 9.36529 9.46529
W+2_RB4+_S03_Forward 98.7476 98.7775 98.804 98.8273 98.848 9.32374 9.42374
W-2_RB4-_S04_Backward 98.9772 98.9863 98.9938 99 99.0051 9.15877 9.25877
W-2_RB4-_S04_Forward 98.7613 98.7892 98.8138 98.8355 98.8545 9.38353 9.48353
W-1_RB4-_S04_Backward 99.3207 99.3283 99.3346 99.3397 99.3439 9.14501 9.24501
W-1_RB4-_S04_Forward 97.815 97.8237 97.8308 97.8368 97.8416 9.14088 9.24088
W+0_RB4-_S04_Backward 98.494 98.5141 98.5314 98.5464 98.5593 9.32293 9.42293
W+0_RB4-_S04_Forward 98.8099 98.8197 98.8279 98.8346 98.8403 9.23105 9.33105
W+2_RB4-_S04_Backward 98.5578 98.5722 98.5844 98.5947 98.6035 9.25014 9.35014
W+2_RB4-_S04_Forward 99.4201 99.4477 99.4719 99.4933 99.5121 9.40621 9.50621
W-1_RB4+_S05_Backward 98.3659 98.3768 98.386 98.3936 98.4 9.20851 9.30851
W-1_RB4+_S05_Forward 98.5688 98.585 98.5989 98.6107 98.6208 9.27785 9.37785
W+0_RB4+_S05_Backward 99.1873 99.2075 99.225 99.2401 99.2532 9.34178 9.44178
W+0_RB4+_S05_Forward 98.6134 98.6241 98.6331 98.6405 98.6467 9.31753 9.41753
W+1_RB4+_S05_Backward 99.0039 99.0087 99.0126 99.0157 99.0182 9.27534 9.37534
W+1_RB4+_S05_Forward 99.2601 99.2798 99.2968 99.3114 99.3241 9.32316 9.42316
W+2_RB4+_S05_Backward 99.0777 99.0962 99.1122 99.1259 99.1376 9.24144 9.34144
W+2_RB4+_S05_Forward 98.9386 98.9602 98.979 98.9953 99.0094 9.32546 9.42546
W-1_RB4+_S06_Backward 98.8431 98.8468 98.8497 98.852 98.8538 9.24636 9.34636
W-1_RB4+_S06_Forward 99.3515 99.3749 99.3953 99.4132 99.4287 9.39105 9.49105
W+0_RB4+_S06_Backward 98.6001 98.6103 98.6188 98.6258 98.6317 9.26385 9.36385
W+0_RB4+_S06_Forward 99.075 99.096 99.1141 99.1299 99.1435 9.39392 9.49392
W+1_RB4+_S06_Backward 99.4626 99.4848 99.504 99.5207 99.5352 9.45228 9.55228
W+1_RB4+_S06_Forward 102.055 102.089 102.12 102.148 102.172 9.61547 9.71547
W-2_RB4+_S07_Backward 96.2286 96.2289 96.2291 96.2292 96.2293 9.10359 9.20359
W-2_RB4+_S07_Forward 98.724 98.7255 98.7267 98.7275 98.7282 9.21078 9.31078
W-1_RB4+_S07_Backward 98.2315 98.2462 98.2586 98.2692 98.2782 9.21978 9.31978
W-1_RB4+_S07_Forward 99.0342 99.0442 99.0524 99.0593 99.065 9.1792 9.2792
W+0_RB4+_S07_Backward 97.217 97.2245 97.2306 97.2356 97.2397 9.13107 9.23107
W+0_RB4+_S07_Forward 98.553 98.5572 98.5605 98.5632 98.5653 9.13624 9.23624
W+1_RB4+_S07_Backward 99.8118 99.82 99.8267 99.8323 99.8369 9.22411 9.32411
W+1_RB4+_S07_Forward 99.2947 99.3089 99.321 99.3311 99.3397 9.15704 9.25704
W+2_RB4+_S07_Backward 96.4353 96.4538 96.4696 96.4833 96.495 9.37392 9.47392
W+2_RB4+_S07_Forward 100.001 100.001 100.001 100.001 100.001 9.27207 9.37207
W-2_RB4+_S08_Backward 92.408 92.4216 92.4332 92.443 92.4514 9.29152 9.39152
W-2_RB4+_S08_Forward 94.8436 94.8622 94.8782 94.892 94.9038 9.34873 9.44873
W-1_RB4+_S08_Backward 97.3448 97.3492 97.3527 97.3556 97.3578 9.08289 9.18289
W-1_RB4+_S08_Forward 97.8536 97.8664 97.8772 97.8862 97.8938 9.18554 9.28554
W+0_RB4+_S08_Backward 99.0336 99.0446 99.0538 99.0615 99.0679 9.34956 9.44956
W+0_RB4+_S08_Forward 98.9109 98.9159 98.9199 98.9231 98.9257 9.27397 9.37397
W+1_RB4+_S08_Backward 98.0256 98.0321 98.0374 98.0416 98.0451 9.29426 9.39426
W+1_RB4+_S08_Forward 99.0634 99.0768 99.0881 99.0977 99.1058 9.35284 9.45284
W+2_RB4+_S08_Backward 87.7276 87.7323 87.7361 87.7391 87.7416 9.15509 9.25509
W+2_RB4+_S08_Forward 80.3383 80.3447 80.3499 80.3542 80.3577 9.13685 9.23685
W-2_RB4+_S10_Backward 95.4631 95.4745 95.484 95.492 95.4987 9.37656 9.47656
W-2_RB4+_S10_Forward 100.392 100.426 100.457 100.484 100.507 9.49094 9.59094
W-1_RB4+_S10_Backward 97.6693 97.6846 97.6977 97.7089 97.7184 9.44623 9.54623
W-1_RB4+_S10_Forward 101.578 101.643 101.703 101.76 101.812 9.88559 9.98559
W+0_RB4+_S10_Backward 99.4752 99.4907 99.5039 99.5152 99.5247 9.308 9.408
W+0_RB4+_S10_Forward 68.6763 68.6938 68.7092 68.7226 68.7343 9.4244 9.5244
W+1_RB4+_S10_Backward 98.7813 98.7888 98.795 98.8 98.8042 9.23444 9.33444
W+1_RB4+_S10_Forward 98.8599 98.8771 98.892 98.9047 98.9155 9.31521 9.41521
W+2_RB4+_S10_Backward 99.4836 99.4963 99.507 99.516 99.5236 9.3652 9.4652
W+2_RB4+_S10_Forward 99.2739 99.2978 99.3186 99.3368 99.3526 9.44232 9.54232
W-2_RB4+_S12_Backward 97.6755 97.683 97.6891 97.6942 97.6983 9.31486 9.41486
W-2_RB4+_S12_Forward 100.07 100.097 100.12 100.14 100.158 9.38454 9.48454
W-1_RB4+_S12_Backward 99.0418 99.0543 99.0648 99.0736 99.0811 9.27036 9.37036
W-1_RB4+_S12_Forward 98.8123 98.8235 98.8328 98.8406 98.8471 9.18921 9.28921
W+0_RB4+_S12_Backward 99.4073 99.4196 99.43 99.4388 99.4461 9.28395 9.38395
W+0_RB4+_S12_Forward 99.2681 99.2853 99.3001 99.3128 99.3237 9.32311 9.42311
W+1_RB4+_S12_Backward 98.3211 98.3352 98.3471 98.3572 98.3657 9.41936 9.51936
W+1_RB4+_S12_Forward 100.173 100.201 100.225 100.246 100.265 9.46445 9.56445
W+2_RB4+_S12_Backward 98.4203 98.4374 98.4521 98.4647 98.4754 9.29998 9.39998
W+2_RB4+_S12_Forward 100.203 100.22 100.234 100.246 100.256 9.31119 9.41119
W-2_RB4+_S04_Backward 98.3631 98.3709 98.3773 98.3826 98.3869 9.19288 9.29288
W-2_RB4+_S04_Forward 99.1845 99.204 99.2207 99.2351 99.2475 9.27025 9.37025
W-1_RB4+_S04_Backward 98.6656 98.6723 98.6779 98.6824 98.686 9.13032 9.23032
W-1_RB4+_S04_Forward 98.9904 98.9971 99.0026 99.0071 99.0107 9.18218 9.28218
W+0_RB4+_S04_Backward 98.257 98.2661 98.2736 98.2799 98.2851 9.21587 9.31587
W+0_RB4+_S04_Forward 99.5792 99.603 99.6237 99.6418 99.6575 9.38888 9.48888
W+1_RB4+_S04_Backward 98.8359 98.849 98.8602 98.8695 98.8775 9.24582 9.34582
W+1_RB4+_S04_Forward 97.9981 98.0193 98.0376 98.0534 98.0672 9.52844 9.62844
W+2_RB4+_S04_Backward 99.6491 99.6638 99.6762 99.6868 99.6957 9.20123 9.30123
W+2_RB4+_S04_Forward 98.6861 98.7072 98.7256 98.7415 98.7553 9.37987 9.47987
W-2_RB4++_S04_Backward 99.006 99.0315 99.0538 99.0733 99.0904 9.30428 9.40428
W-2_RB4++_S04_Forward 90.6359 90.6465 90.6553 90.6626 90.6687 9.21044 9.31044
W-1_RB4++_S04_Backward 99.4075 99.4118 99.4153 99.418 99.4202 9.11794 9.21794
W-1_RB4++_S04_Forward 99.0838 99.0979 99.1098 99.12 99.1286 9.25172 9.35172
W+0_RB4++_S04_Backward 99.4376 99.4438 99.4488 99.4529 99.4563 9.19673 9.29673
W+0_RB4++_S04_Forward 99.633 99.6572 99.6783 99.6966 99.7126 9.31048 9.41048
W+2_RB4++_S04_Backward 94.868 94.8738 94.8785 94.8823 94.8853 9.20474 9.30474
W+2_RB4++_S04_Forward 98.8171 98.8382 98.8565 98.8724 98.8862 9.30461 9.40461
