W-2_RB1in_S01_Backward 97.2834 97.3322 97.3719 97.4041 97.4304 9.08633 9.18633
W-2_RB1in_S01_Forward 99.254 99.3195 99.3745 99.4205 99.4591 9.09927 9.19927
W-1_RB1in_S01_Backward 98.8475 98.9084 98.9589 99.0008 99.0356 9.24572 9.34572
W-1_RB1in_S01_Forward 98.7164 98.8009 98.8734 98.9356 98.9889 9.26769 9.36769
W+0_RB1in_S01_Backward 98.1857 98.25 98.3038 98.349 98.3868 9.1978 9.2978
W+0_RB1in_S01_Forward 97.6147 97.6833 97.741 97.7895 97.8302 9.18499 9.28499
W+1_RB1in_S01_Backward 95.2317 95.323 95.4027 95.4723 95.533 9.55642 9.65642
W+2_RB1in_S01_Backward 96.5422 96.6026 96.6526 96.6939 96.7281 9.09919 9.19919
W+2_RB1in_S01_Forward 99.4238 99.4779 99.5222 99.5585 99.5882 9.08458 9.18458
W-2_RB1in_S02_Backward 97.2039 97.2562 97.2989 97.3337 97.3621 9.19791 9.29791
W-2_RB1in_S02_Forward 99.2519 99.3058 99.3498 99.3859 99.4155 9.15851 9.25851
W-1_RB1in_S02_Backward 95.1512 95.2065 95.2523 95.2901 95.3215 9.10421 9.20421
W-1_RB1in_S02_Forward 98.395 98.4596 98.5133 98.558 98.5952 9.11914 9.21914
W+0_RB1in_S02_Backward 97.3108 97.3944 97.4665 97.5286 97.5822 9.50575 9.60575
W+0_RB1in_S02_Forward 95.9417 96.0178 96.0828 96.1385 96.186 9.25401 9.35401
W+1_RB1in_S02_Backward 97.6128 97.6957 97.7669 97.8282 97.8808 9.34717 9.44717
W+1_RB1in_S02_Forward 96.9384 97.0284 97.1069 97.1754 97.235 9.32068 9.42068
W+2_RB1in_S02_Backward 97.3195 97.3709 97.4128 97.447 97.4748 9.07662 9.17662
W+2_RB1in_S02_Forward 98.3363 98.3946 98.4426 98.4821 98.5146 9.06875 9.16875
W-2_RB1in_S03_Backward 97.1236 97.1786 97.224 97.2613 97.2921 9.21265 9.31265
W-2_RB1in_S03_Forward 98.7895 98.868 98.9347 98.9915 99.0397 9.2268 9.3268
W-1_RB1in_S03_Backward 96.4392 96.5297 96.6088 96.678 96.7384 9.34979 9.44979
W-1_RB1in_S03_Forward 98.4773 98.5386 98.5894 98.6314 98.6661 9.14661 9.24661
W+0_RB1in_S03_Backward 97.7585 97.8304 97.8912 97.9425 97.9858 9.21447 9.31447
W+0_RB1in_S03_Forward 96.7454 96.8195 96.8825 96.9359 96.9812 9.22464 9.32464
W+1_RB1in_S03_Backward 94.6417 94.7157 94.7788 94.8326 94.8784 9.3484 9.4484
W+1_RB1in_S03_Forward 97.361 97.4445 97.5162 97.578 97.631 9.27812 9.37812
W+2_RB1in_S03_Backward 95.8902 95.9339 95.9691 95.9976 96.0205 9.07048 9.17048
W+2_RB1in_S03_Forward 96.9612 96.9612 96.9612 96.9612 96.9612 9.05754 9.15754
W-2_RB1in_S04_Backward 85.0096 85.071 85.1226 85.1661 85.2026 9.21271 9.31271
W-2_RB1in_S04_Forward 99.3802 99.4449 99.4992 99.5446 99.5827 9.1509 9.2509
W-1_RB1in_S04_Backward 98.4776 98.5494 98.6099 98.6607 98.7035 9.21018 9.31018
W-1_RB1in_S04_Forward 98.1252 98.212 98.2874 98.3528 98.4095 9.2347 9.3347
W+1_RB1in_S04_Backward 98.4689 98.5578 98.6353 98.7027 98.7614 9.38913 9.48913
W+1_RB1in_S04_Forward 98.8501 98.9237 98.9863 99.0395 99.0848 9.23466 9.33466
W+2_RB1in_S04_Backward 97.5248 97.5704 97.6071 97.6366 97.6602 9.00644 9.10644
W+2_RB1in_S04_Forward 99.3435 99.3925 99.4322 99.4646 99.4908 8.95153 9.05153
W-2_RB1in_S05_Backward 97.3423 97.41 97.467 97.515 97.5555 9.24482 9.34482
W-2_RB1in_S05_Forward 99.1567 99.2132 99.2596 99.2977 99.3289 9.108 9.208
W-1_RB1in_S05_Backward 97.9053 97.9596 98.0039 98.0401 98.0697 9.19669 9.29669
W+0_RB1in_S05_Backward 98.1683 98.2403 98.3014 98.3532 98.397 9.12977 9.22977
W+0_RB1in_S05_Forward 98.4028 98.4727 98.5315 98.581 98.6225 9.09439 9.19439
W+1_RB1in_S05_Backward 98.0081 98.0847 98.1502 98.2062 98.254 9.38438 9.48438
W+1_RB1in_S05_Forward 98.6953 98.7941 98.8806 98.9565 99.0229 9.4201 9.5201
W+2_RB1in_S05_Backward 97.193 97.2355 97.2696 97.297 97.3191 9.08679 9.18679
W+2_RB1in_S05_Forward 98.2044 98.2664 98.3178 98.3603 98.3955 9.07858 9.17858
W-2_RB1in_S06_Backward 97.364 97.411 97.4492 97.4801 97.5052 9.19009 9.29009
W-2_RB1in_S06_Forward 99.7356 99.8273 99.9072 99.9768 100.037 9.33123 9.43123
W-1_RB1in_S06_Backward 98.526 98.6063 98.6749 98.7334 98.7833 9.26374 9.36374
W-1_RB1in_S06_Forward 98.8223 98.8993 98.9648 99.0204 99.0676 9.227 9.327
W+0_RB1in_S06_Backward 97.5017 97.5621 97.6124 97.6543 97.6892 9.22153 9.32153
W+0_RB1in_S06_Forward 96.9638 97.0546 97.1334 97.2017 97.261 9.30565 9.40565
W+1_RB1in_S06_Backward 97.2482 97.3288 97.3977 97.4565 97.5067 9.32078 9.42078
W+1_RB1in_S06_Forward 97.0887 97.1637 97.2275 97.2816 97.3276 9.23517 9.33517
W+2_RB1in_S06_Backward 96.9765 97.0398 97.0928 97.1372 97.1745 9.26814 9.36814
W+2_RB1in_S06_Forward 98.4345 98.5195 98.5926 98.6554 98.7095 9.3429 9.4429
W-2_RB1in_S07_Backward 97.7319 97.7996 97.8566 97.9046 97.9451 9.2613 9.3613
W-2_RB1in_S07_Forward 99.5929 99.658 99.7125 99.7582 99.7965 9.21908 9.31908
W-1_RB1in_S07_Backward 98.5182 98.587 98.6446 98.6929 98.7333 9.19269 9.29269
W-1_RB1in_S07_Forward 99.0615 99.1263 99.1803 99.2251 99.2625 9.19613 9.29613
W+1_RB1in_S07_Backward 98.3412 98.4018 98.452 98.4934 98.5277 9.10003 9.20003
W+1_RB1in_S07_Forward 98.6618 98.7321 98.7914 98.8415 98.8837 9.10643 9.20643
W+2_RB1in_S07_Backward 96.8879 96.9422 96.987 97.0239 97.0542 9.16173 9.26173
W+2_RB1in_S07_Forward 98.6475 98.7164 98.7744 98.8231 98.864 9.12711 9.22711
W-1_RB1in_S08_Backward 93.3555 93.4325 93.4983 93.5544 93.6023 9.32128 9.42128
W-1_RB1in_S08_Forward 95.0337 95.109 95.1729 95.2273 95.2735 9.2375 9.3375
W+0_RB1in_S08_Backward 97.9744 98.0469 98.1082 98.16 98.2037 9.22983 9.32983
W+0_RB1in_S08_Forward 96.7655 96.8204 96.8656 96.9029 96.9336 9.13222 9.23222
W+1_RB1in_S08_Backward 96.0194 96.0997 96.1686 96.2279 96.2788 9.29348 9.39348
W+1_RB1in_S08_Forward 94.8138 94.9157 95.0062 95.0866 95.1579 9.49747 9.59747
W+2_RB1in_S08_Backward 95.3686 95.4325 95.4857 95.53 95.5669 9.15123 9.25123
W+2_RB1in_S08_Forward 98.7606 98.8375 98.9033 98.9595 99.0075 9.15469 9.25469
W-2_RB1in_S09_Backward 96.7858 96.8474 96.8987 96.9416 96.9773 9.24571 9.34571
W-2_RB1in_S09_Forward 99.0158 99.0899 99.1525 99.2055 99.2502 9.21007 9.31007
W-1_RB1in_S09_Backward 97.4326 97.4893 97.5361 97.5747 97.6065 9.23095 9.33095
W-1_RB1in_S09_Forward 98.7522 98.8386 98.9131 98.9775 99.033 9.2939 9.3939
W+0_RB1in_S09_Backward 97.2485 97.3224 97.385 97.4379 97.4826 9.20501 9.30501
W+0_RB1in_S09_Forward 96.4051 96.4765 96.5371 96.5884 96.6319 9.28241 9.38241
W+1_RB1in_S09_Backward 96.5794 96.6519 96.7131 96.7649 96.8087 9.15592 9.25592
W+1_RB1in_S09_Forward 98.1944 98.2785 98.3512 98.414 98.4683 9.17594 9.27594
W+2_RB1in_S09_Backward 95.4997 95.6019 95.693 95.7742 95.8466 9.52222 9.62222
W+2_RB1in_S09_Forward 97.7885 97.8773 97.9541 98.0208 98.0785 9.2197 9.3197
W-2_RB1in_S10_Backward 97.7203 97.788 97.8447 97.8921 97.9317 9.21844 9.31844
W-2_RB1in_S10_Forward 97.2135 97.2848 97.3451 97.3959 97.4389 9.21166 9.31166
W-1_RB1in_S10_Backward 96.8174 96.8794 96.9309 96.9736 97.0092 9.25974 9.35974
W-1_RB1in_S10_Forward 98.7016 98.7858 98.8583 98.9207 98.9743 9.28627 9.38627
W+0_RB1in_S10_Backward 98.2639 98.334 98.3932 98.4431 98.4852 9.26628 9.36628
W+0_RB1in_S10_Forward 97.7725 97.8499 97.9161 97.9727 98.0211 9.32383 9.42383
W+1_RB1in_S10_Backward 96.8675 96.9088 96.9417 96.9679 96.9887 9.10731 9.20731
W+1_RB1in_S10_Forward 98.5365 98.5729 98.6017 98.6245 98.6425 9.11049 9.21049
W+2_RB1in_S10_Backward 96.5628 96.6303 96.687 96.7347 96.7747 9.19459 9.29459
W+2_RB1in_S10_Forward 98.7504 98.8244 98.8871 98.9403 98.9854 9.14467 9.24467
W-2_RB1in_S11_Backward 88.1604 88.2324 88.2941 88.3469 88.392 9.25465 9.35465
W-2_RB1in_S11_Forward 99.2331 99.2891 99.3351 99.3731 99.4044 9.09313 9.19313
W-1_RB1in_S11_Backward 97.8114 97.8832 97.9436 97.9944 98.0372 9.17008 9.27008
W-1_RB1in_S11_Forward 98.7919 98.8609 98.9187 98.9672 99.0077 9.15932 9.25932
W+0_RB1in_S11_Backward 97.1688 97.25 97.3195 97.3791 97.4301 9.26523 9.36523
W+0_RB1in_S11_Forward 95.0679 95.1535 95.2279 95.2925 95.3485 9.33015 9.43015
W+1_RB1in_S11_Backward 97.2105 97.2831 97.3445 97.3964 97.4402 9.23617 9.33617
W+1_RB1in_S11_Forward 97.1324 97.2081 97.2726 97.3276 97.3744 9.20512 9.30512
W+2_RB1in_S11_Backward 95.3979 95.4866 95.5641 95.6318 95.6909 9.32661 9.42661
W+2_RB1in_S11_Forward 98.6777 98.7551 98.8208 98.8767 98.9242 9.12399 9.22399
W-2_RB1in_S12_Backward 97.5367 97.6109 97.6737 97.7267 97.7716 9.21489 9.31489
W-2_RB1in_S12_Forward 98.8219 98.898 98.9625 99.0173 99.0639 9.19231 9.29231
W-1_RB1in_S12_Backward 97.5741 97.6408 97.6971 97.7444 97.7843 9.27118 9.37118
W-1_RB1in_S12_Forward 98.6469 98.7133 98.7687 98.8151 98.8539 9.18084 9.28084
W+0_RB1in_S12_Backward 98.3831 98.4619 98.5295 98.5876 98.6373 9.33144 9.43144
W+0_RB1in_S12_Forward 97.6742 97.758 97.8302 97.8925 97.9463 9.34864 9.44864
W+1_RB1in_S12_Backward 85.6282 85.6861 85.7347 85.7755 85.8096 9.25497 9.35497
W+1_RB1in_S12_Forward 97.3941 97.4688 97.5324 97.5865 97.6326 9.22188 9.32188
W+2_RB1in_S12_Backward 90.9365 91.014 91.0807 91.138 91.1873 9.2915 9.3915
W+2_RB1in_S12_Forward 98.8043 98.8977 98.9789 99.0496 99.1111 9.32697 9.42697
W-2_RB1out_S01_Backward 98.1013 98.1543 98.1975 98.2327 98.2615 9.09055 9.19055
W-2_RB1out_S01_Forward 98.8736 98.9339 98.9837 99.0248 99.0588 9.07167 9.17167
W-1_RB1out_S01_Backward 99.1944 99.2655 99.3254 99.3757 99.418 9.287 9.387
W-1_RB1out_S01_Forward 99.2125 99.2885 99.3532 99.4084 99.4553 9.27209 9.37209
W+0_RB1out_S01_Backward 99.1311 99.1929 99.2444 99.2872 99.323 9.21667 9.31667
W+0_RB1out_S01_Forward 98.7596 98.8341 98.8971 98.9504 98.9954 9.23767 9.33767
W+1_RB1out_S01_Backward 89.0159 89.0877 89.149 89.2013 89.2459 9.3657 9.4657
W+1_RB1out_S01_Forward 98.7921 98.8548 98.9066 98.9496 98.9851 9.28783 9.38783
W+2_RB1out_S01_Backward 97.6453 97.7191 97.7814 97.8341 97.8787 9.26537 9.36537
W+2_RB1out_S01_Forward 97.2604 97.3484 97.4248 97.4911 97.5487 9.3892 9.4892
W-2_RB1out_S02_Backward 98.3443 98.4205 98.4853 98.5403 98.587 9.24533 9.34533
W-2_RB1out_S02_Forward 98.9959 99.0664 99.1259 99.1761 99.2185 9.19698 9.29698
W-1_RB1out_S02_Backward 98.8123 98.8881 98.9525 99.0071 99.0535 9.17323 9.27323
W-1_RB1out_S02_Forward 98.2276 98.3341 98.4289 98.5132 98.5882 9.39849 9.49849
W+0_RB1out_S02_Backward 99.1699 99.2595 99.3372 99.4047 99.4634 9.38389 9.48389
W+0_RB1out_S02_Forward 98.528 98.629 98.7177 98.7957 98.8643 9.31565 9.41565
W+1_RB1out_S02_Backward 107.395 107.527 107.647 107.757 107.857 9.9458 10.0458
W+1_RB1out_S02_Forward 98.4851 98.5892 98.6819 98.7645 98.838 9.59898 9.69898
W+2_RB1out_S02_Backward 98.0574 98.1344 98.2 98.2559 98.3036 9.21854 9.31854
W+2_RB1out_S02_Forward 98.9012 98.9799 99.0469 99.1038 99.1521 9.18272 9.28272
W-2_RB1out_S03_Backward 98.405 98.4634 98.5119 98.552 98.5853 9.17733 9.27733
W-2_RB1out_S03_Forward 99.1427 99.204 99.2546 99.2964 99.3311 9.12735 9.22735
W-1_RB1out_S03_Backward 98.1734 98.2386 98.293 98.3384 98.3764 9.18911 9.28911
W-1_RB1out_S03_Forward 97.9681 98.0481 98.1166 98.1752 98.2254 9.16583 9.26583
W+0_RB1out_S03_Backward 98.8862 98.9594 99.0215 99.0741 99.1187 9.27305 9.37305
W+0_RB1out_S03_Forward 98.8139 98.8936 98.962 99.0207 99.0711 9.29878 9.39878
W+1_RB1out_S03_Backward 98.8163 98.8955 98.9635 99.0218 99.0718 9.32814 9.42814
W+1_RB1out_S03_Forward 98.3584 98.4448 98.5195 98.5839 98.6395 9.24833 9.34833
W+2_RB1out_S03_Backward 97.991 98.0379 98.0758 98.1064 98.1312 9.02196 9.12196
W+2_RB1out_S03_Forward 98.6571 98.6571 98.6571 98.6571 98.6571 9.05901 9.15901
W-2_RB1out_S04_Backward 98.3785 98.4473 98.5049 98.5531 98.5935 9.20182 9.30182
W-2_RB1out_S04_Forward 98.9721 99.0472 99.111 99.165 99.2109 9.15618 9.25618
W-1_RB1out_S04_Forward 95.2144 95.2967 95.3676 95.4289 95.4817 9.50065 9.60065
W+1_RB1out_S04_Backward 98.0302 98.0956 98.1502 98.1959 98.234 9.33311 9.43311
W+1_RB1out_S04_Forward 98.9121 99.0018 99.0795 99.1468 99.2052 9.34775 9.44775
W-2_RB1out_S05_Backward 98.3667 98.4346 98.4915 98.5391 98.5789 9.20432 9.30432
W-2_RB1out_S05_Forward 98.6718 98.7433 98.8034 98.854 98.8966 9.20237 9.30237
W-1_RB1out_S05_Backward 99.0649 99.1317 99.1878 99.2348 99.2742 9.16892 9.26892
W+1_RB1out_S05_Backward 98.9646 99.0467 99.1171 99.1773 99.2289 9.38076 9.48076
W+2_RB1out_S05_Backward 97.7453 97.8189 97.8813 97.9343 97.9792 9.12346 9.22346
W+2_RB1out_S05_Forward 98.9073 98.9655 99.0133 99.0525 99.0848 8.98971 9.08971
W-2_RB1out_S06_Backward 98.4352 98.5086 98.571 98.6241 98.6692 9.28259 9.38259
W-2_RB1out_S06_Forward 98.6838 98.7725 98.8496 98.9165 98.9746 9.34683 9.44683
W-1_RB1out_S06_Backward 98.7947 98.8504 98.8961 98.9335 98.9643 9.25265 9.35265
W-1_RB1out_S06_Forward 99.0518 99.1293 99.1956 99.2523 99.3007 9.27773 9.37773
W+0_RB1out_S06_Backward 98.8331 98.9136 98.9825 99.0415 99.0919 9.33873 9.43873
W+0_RB1out_S06_Forward 99.1509 99.2301 99.2979 99.3561 99.406 9.35735 9.45735
W+1_RB1out_S06_Backward 99.5686 99.6701 99.76 99.8397 99.9104 9.50604 9.60604
W+1_RB1out_S06_Forward 99.0954 99.1775 99.2478 99.3081 99.3596 9.3166 9.4166
W+2_RB1out_S06_Backward 97.7692 97.8363 97.8926 97.9399 97.9796 9.21118 9.31118
W+2_RB1out_S06_Forward 99.0991 99.1653 99.2207 99.267 99.3056 9.18076 9.28076
W-2_RB1out_S07_Backward 98.419 98.4694 98.5102 98.5432 98.57 9.19078 9.29078
W-2_RB1out_S07_Forward 98.9803 99.0583 99.1248 99.1814 99.2297 9.26528 9.36528
W-1_RB1out_S07_Backward 99.0109 99.0687 99.1165 99.1561 99.1889 9.19879 9.29879
W-1_RB1out_S07_Forward 98.7513 98.8191 98.876 98.9238 98.9639 9.1419 9.2419
W+0_RB1out_S07_Backward 99.2118 99.2828 99.3428 99.3934 99.4361 9.32335 9.42335
W+0_RB1out_S07_Forward 99.4454 99.5357 99.6141 99.6819 99.7407 9.41192 9.51192
W+1_RB1out_S07_Backward 98.7629 98.8409 98.9072 98.9636 99.0114 9.23574 9.33574
W+1_RB1out_S07_Forward 98.6473 98.716 98.7736 98.8221 98.8628 9.16016 9.26016
W+2_RB1out_S07_Backward 97.9393 98.0027 98.0557 98.1002 98.1374 9.14118 9.24118
W+2_RB1out_S07_Forward 99.2085 99.2681 99.3173 99.3579 99.3915 9.1676 9.2676
W-2_RB1out_S08_Backward 97.6553 97.7049 97.7454 97.7785 97.8055 9.0944 9.1944
W-2_RB1out_S08_Forward 98.9892 99.0507 99.1018 99.1443 99.1795 9.09203 9.19203
W-1_RB1out_S08_Backward 98.4387 98.5067 98.5636 98.6112 98.6511 9.24639 9.34639
W-1_RB1out_S08_Forward 98.3055 98.368 98.42 98.4632 98.499 9.24063 9.34063
W+0_RB1out_S08_Backward 99.1634 99.2351 99.2955 99.3462 99.3889 9.22406 9.32406
W+0_RB1out_S08_Forward 98.6183 98.6988 98.7676 98.8266 98.877 9.23371 9.33371
W+1_RB1out_S08_Backward 97.8637 97.9579 98.0404 98.1128 98.1762 9.4029 9.5029
W+1_RB1out_S08_Forward 98.8491 98.9266 98.9924 99.0483 99.0958 9.27636 9.37636
W+2_RB1out_S08_Backward 97.9631 98.0424 98.1103 98.1684 98.2181 9.2653 9.3653
W+2_RB1out_S08_Forward 98.9488 99.021 99.0821 99.1339 99.1778 9.17072 9.27072
W-2_RB1out_S09_Backward 96.6188 96.6958 96.7614 96.8171 96.8644 9.28528 9.38528
W-2_RB1out_S09_Forward 98.7339 98.8141 98.8826 98.9413 98.9915 9.26245 9.36245
W-1_RB1out_S09_Backward 99.0436 99.1139 99.1732 99.2232 99.2654 9.26231 9.36231
W-1_RB1out_S09_Forward 98.9691 99.039 99.098 99.1478 99.1898 9.22152 9.32152
W+0_RB1out_S09_Backward 98.5978 98.6815 98.7533 98.8148 98.8675 9.3124 9.4124
W+0_RB1out_S09_Forward 92.5191 92.5932 92.6567 92.7109 92.7573 9.27601 9.37601
W+1_RB1out_S09_Backward 98.1201 98.1875 98.2443 98.2921 98.3323 9.25892 9.35892
W+1_RB1out_S09_Forward 99.0909 99.1562 99.2105 99.2558 99.2934 9.1713 9.2713
W+2_RB1out_S09_Backward 98.277 98.3536 98.419 98.4746 98.522 9.29839 9.39839
W+2_RB1out_S09_Forward 98.7324 98.8051 98.8664 98.9179 98.9613 9.12458 9.22458
W-2_RB1out_S10_Backward 93.1501 93.2137 93.267 93.3118 93.3494 9.31704 9.41704
W-2_RB1out_S10_Forward 98.9412 99.0056 99.0594 99.1043 99.1418 9.20058 9.30058
W-1_RB1out_S10_Backward 98.5972 98.6655 98.7231 98.7716 98.8125 9.34755 9.44755
W-1_RB1out_S10_Forward 98.9623 99.0314 99.0894 99.1382 99.1792 9.24159 9.34159
W+0_RB1out_S10_Backward 98.9018 98.9754 99.0376 99.0902 99.1346 9.27968 9.37968
W+0_RB1out_S10_Forward 98.6375 98.7173 98.7858 98.8446 98.895 9.35302 9.45302
W+1_RB1out_S10_Backward 98.669 98.7284 98.7774 98.8178 98.8513 9.1605 9.2605
W+1_RB1out_S10_Forward 98.6878 98.7477 98.7974 98.8386 98.8728 9.18053 9.28053
W+2_RB1out_S10_Backward 98.3179 98.3814 98.4343 98.4785 98.5153 9.20618 9.30618
W+2_RB1out_S10_Forward 99.2826 99.3336 99.375 99.4088 99.4362 9.16155 9.26155
W-2_RB1out_S11_Backward 96.2135 96.2868 96.3488 96.4012 96.4456 9.21271 9.31271
W-2_RB1out_S11_Forward 99.0269 99.0989 99.1594 99.2104 99.2533 9.17617 9.27617
W-1_RB1out_S11_Backward 96.1982 96.2881 96.3662 96.4339 96.4926 9.46172 9.56172
W-1_RB1out_S11_Forward 97.2758 97.3804 97.4736 97.5567 97.6307 9.61772 9.71772
W+0_RB1out_S11_Backward 98.9608 99.0397 99.1072 99.1649 99.2143 9.35151 9.45151
W+0_RB1out_S11_Forward 98.1083 98.2005 98.2808 98.3509 98.412 9.36447 9.46447
W+1_RB1out_S11_Backward 90.7828 90.8492 90.9052 90.9523 90.9919 9.25762 9.35762
W+1_RB1out_S11_Forward 99.1988 99.2663 99.3231 99.3707 99.4107 9.15546 9.25546
W+2_RB1out_S11_Backward 98.1609 98.2299 98.2879 98.3366 98.3775 9.23177 9.33177
W+2_RB1out_S11_Forward 98.4568 98.5357 98.6033 98.6614 98.7112 9.30678 9.40678
W-1_RB1out_S12_Backward 98.8591 98.928 98.9859 99.0345 99.0753 9.26416 9.36416
W-1_RB1out_S12_Forward 97.6007 97.6646 97.7181 97.7629 97.8004 9.21328 9.31328
W+0_RB1out_S12_Backward 99.2717 99.3229 99.3647 99.3989 99.4268 9.24509 9.34509
W+0_RB1out_S12_Forward 98.9584 99.0261 99.0827 99.1301 99.1697 9.21231 9.31231
W+1_RB1out_S12_Backward 98.9325 98.9994 99.0558 99.1033 99.1433 9.2161 9.3161
W+1_RB1out_S12_Forward 99.0756 99.1411 99.1958 99.2415 99.2797 9.17668 9.27668
W+2_RB1out_S12_Backward 97.8241 97.8986 97.962 98.016 98.0619 9.30418 9.40418
W+2_RB1out_S12_Forward 99.0886 99.1599 99.22 99.2708 99.3137 9.27418 9.37418
W-2_RB2in_S01_Backward 97.9715 98.0202 98.0598 98.0919 98.1181 9.15907 9.25907
W-2_RB2in_S01_Forward 97.5215 97.573 97.6151 97.6496 97.6778 9.10687 9.20687
W-1_RB2in_S01_Backward 98.7638 98.8372 98.8992 98.9516 98.9959 9.37004 9.47004
W-1_RB2in_S01_Middle 98.5283 98.6086 98.6774 98.7362 98.7866 9.35851 9.45851
W-1_RB2in_S01_Forward 98.9955 99.0825 99.1575 99.2219 99.2774 9.34975 9.44975
W+0_RB2in_S01_Backward 98.9553 99.0351 99.1032 99.1612 99.2107 9.22204 9.32204
W+0_RB2in_S01_Middle 99.0216 99.112 99.1904 99.2583 99.3171 9.34008 9.44008
W+0_RB2in_S01_Forward 98.8317 98.9071 98.971 99.0249 99.0706 9.21322 9.31322
W+1_RB2in_S01_Backward 99.5569 99.6462 99.7238 99.7912 99.8497 9.48473 9.58473
W+1_RB2in_S01_Middle 98.7558 98.8506 98.9332 99.0051 99.0676 9.38084 9.48084
W+1_RB2in_S01_Forward 99.3885 99.4883 99.5762 99.6535 99.7216 9.44254 9.54254
W+2_RB2in_S01_Backward 98.104 98.1551 98.1969 98.2311 98.259 9.09656 9.19656
W+2_RB2in_S01_Forward 96.7854 96.8209 96.8487 96.8704 96.8874 9.00608 9.10608
W-2_RB2in_S02_Backward 97.5122 97.5707 97.619 97.6588 97.6918 9.24445 9.34445
W-1_RB2in_S02_Backward 98.9233 99.0021 99.0696 99.1276 99.1773 9.34901 9.44901
W-1_RB2in_S02_Middle 98.3285 98.4076 98.4752 98.5328 98.5819 9.25536 9.35536
W-1_RB2in_S02_Forward 99.3843 99.4714 99.547 99.6126 99.6695 9.28956 9.38956
W+0_RB2in_S02_Backward 98.7872 98.8707 98.9423 99.0036 99.0562 9.3369 9.4369
W+0_RB2in_S02_Middle 98.792 98.8708 98.9384 98.9963 99.0461 9.26505 9.36505
W+0_RB2in_S02_Forward 99.1835 99.2548 99.3148 99.3652 99.4076 9.26396 9.36396
W+1_RB2in_S02_Backward 95.3933 95.4718 95.5392 95.5971 95.6469 9.38705 9.48705
W+1_RB2in_S02_Middle 99.3206 99.417 99.5017 99.5759 99.641 9.47067 9.57067
W+1_RB2in_S02_Forward 98.7192 98.793 98.8554 98.9082 98.9528 9.26262 9.36262
W+2_RB2in_S02_Backward 97.9747 98.0372 98.0893 98.1327 98.169 9.25962 9.35962
W+2_RB2in_S02_Forward 96.8777 96.9446 97.0009 97.0483 97.0883 9.25101 9.35101
W-2_RB2in_S03_Backward 98.0953 98.14 98.1759 98.2047 98.2279 9.15124 9.25124
W-2_RB2in_S03_Forward 97.1621 97.2189 97.266 97.3049 97.3372 9.12095 9.22095
W-1_RB2in_S03_Backward 98.6219 98.6668 98.703 98.7321 98.7556 9.11819 9.21819
W-1_RB2in_S03_Middle 98.5362 98.615 98.6821 98.7394 98.7882 9.18353 9.28353
W-1_RB2in_S03_Forward 99.116 99.1938 99.2602 99.3167 99.3648 9.19959 9.29959
W+0_RB2in_S03_Backward 97.7659 97.8521 97.9263 97.9901 98.0451 9.32044 9.42044
W+0_RB2in_S03_Middle 98.9332 99.0158 99.0865 99.1471 99.199 9.29345 9.39345
W+0_RB2in_S03_Forward 92.03 92.1045 92.168 92.2223 92.2685 9.33306 9.43306
W+1_RB2in_S03_Backward 98.3952 98.4734 98.5399 98.5964 98.6444 9.29538 9.39538
W+1_RB2in_S03_Middle 98.1799 98.2654 98.3389 98.4022 98.4566 9.27939 9.37939
W+2_RB2in_S03_Backward 97.6353 97.6797 97.7154 97.7442 97.7674 9.17937 9.27937
W+2_RB2in_S03_Forward 95.9038 95.9566 95.9997 96.0349 96.0636 9.11688 9.21688
W-2_RB2in_S04_Backward 98.2462 98.3264 98.3948 98.4532 98.503 9.30079 9.40079
W-2_RB2in_S04_Forward 97.58 97.6464 97.7022 97.7492 97.7888 9.23409 9.33409
W-1_RB2in_S04_Backward 99.6297 99.7349 99.8278 99.9099 99.9825 9.40982 9.50982
W-1_RB2in_S04_Middle 98.1521 98.2379 98.3122 98.3765 98.4321 9.28545 9.38545
W-1_RB2in_S04_Forward 98.213 98.2967 98.3692 98.4318 98.4859 9.22565 9.32565
W+0_RB2in_S04_Backward 98.9545 99.0271 99.0881 99.1396 99.1828 9.213 9.313
W+0_RB2in_S04_Middle 98.7178 98.8033 98.8772 98.9409 98.9958 9.29408 9.39408
W+0_RB2in_S04_Forward 98.8137 98.8953 98.9655 99.0257 99.0774 9.30619 9.40619
W+1_RB2in_S04_Middle 97.3462 97.43 97.5025 97.5652 97.6195 9.35791 9.45791
W+1_RB2in_S04_Forward 98.568 98.669 98.7578 98.8358 98.9043 9.34915 9.44915
W+2_RB2in_S04_Backward 98.483 98.5506 98.6073 98.6546 98.6942 9.20193 9.30193
W+2_RB2in_S04_Forward 97.7976 97.8736 97.9384 97.9936 98.0406 9.20025 9.30025
W-2_RB2in_S05_Forward 97.7282 97.7946 97.8504 97.8972 97.9365 9.17911 9.27911
W-1_RB2in_S05_Backward 98.646 98.7071 98.7581 98.8005 98.8359 9.2261 9.3261
W-1_RB2in_S05_Middle 98.6376 98.6955 98.7433 98.783 98.8158 9.19654 9.29654
W-1_RB2in_S05_Forward 98.6947 98.7769 98.8475 98.9079 98.9596 9.22997 9.32997
W+0_RB2in_S05_Backward 99.1094 99.1831 99.2459 99.2992 99.3446 9.322 9.422
W+0_RB2in_S05_Middle 99.0139 99.0879 99.1506 99.2038 99.2489 9.27769 9.37769
W+1_RB2in_S05_Backward 98.3308 98.402 98.4619 98.5123 98.5547 9.22456 9.32456
W+1_RB2in_S05_Middle 98.0678 98.1411 98.2034 98.2564 98.3015 9.27808 9.37808
W+1_RB2in_S05_Forward 97.7815 97.8801 97.9669 98.0433 98.1105 9.41581 9.51581
W-2_RB2in_S06_Backward 98.9526 99.0249 99.0857 99.1369 99.18 9.31234 9.41234
W-2_RB2in_S06_Forward 97.5409 97.6122 97.6725 97.7237 97.767 9.21152 9.31152
W-1_RB2in_S06_Backward 90.2296 90.3142 90.3883 90.453 90.5095 9.42099 9.52099
W-1_RB2in_S06_Middle 98.1951 98.304 98.4019 98.4899 98.5689 9.45719 9.55719
W-1_RB2in_S06_Forward 98.7411 98.8297 98.9066 98.9735 99.0315 9.2909 9.3909
W+0_RB2in_S06_Backward 99.3695 99.4519 99.5227 99.5835 99.6358 9.36695 9.46695
W+0_RB2in_S06_Middle 99.1996 99.297 99.3826 99.4579 99.5241 9.40764 9.50764
W+0_RB2in_S06_Forward 99.1561 99.2464 99.325 99.3934 99.453 9.34963 9.44963
W+1_RB2in_S06_Backward 98.5638 98.6419 98.7088 98.7659 98.8148 9.33088 9.43088
W+1_RB2in_S06_Middle 98.294 98.3825 98.4592 98.5257 98.5832 9.29177 9.39177
W+1_RB2in_S06_Forward 98.5872 98.6887 98.7786 98.858 98.9283 9.44424 9.54424
W+2_RB2in_S06_Backward 98.4499 98.5223 98.5836 98.6356 98.6797 9.29468 9.39468
W+2_RB2in_S06_Forward 97.5978 97.6734 97.738 97.7932 97.8403 9.34978 9.44978
W-2_RB2in_S07_Backward 98.4093 98.4737 98.5273 98.572 98.6091 9.30845 9.40845
W-1_RB2in_S07_Backward 98.3801 98.4756 98.5592 98.6324 98.6964 9.29171 9.39171
W-1_RB2in_S07_Middle 98.5375 98.5996 98.6512 98.6941 98.7297 9.18046 9.28046
W-1_RB2in_S07_Forward 98.7186 98.7976 98.8654 98.9236 98.9735 9.20662 9.30662
W+0_RB2in_S07_Backward 99.3292 99.4174 99.4935 99.5592 99.616 9.30172 9.40172
W+1_RB2in_S07_Backward 98.704 98.7642 98.8142 98.8556 98.89 9.14365 9.24365
W+1_RB2in_S07_Middle 98.1081 98.193 98.2661 98.3293 98.3837 9.22826 9.32826
W+1_RB2in_S07_Forward 98.8362 98.9204 98.9928 99.055 99.1086 9.18605 9.28605
W+2_RB2in_S07_Backward 98.0089 98.0658 98.113 98.1521 98.1844 9.22902 9.32902
W+2_RB2in_S07_Forward 97.4054 97.4825 97.5481 97.6041 97.6518 9.278 9.378
W-2_RB2in_S08_Backward 97.3729 97.4502 97.5161 97.5723 97.6201 9.33966 9.43966
W-2_RB2in_S08_Forward 97.1323 97.2277 97.3111 97.3839 97.4474 9.42477 9.52477
W-1_RB2in_S08_Backward 98.4745 98.5814 98.6766 98.7613 98.8366 9.43108 9.53108
W-1_RB2in_S08_Middle 98.5787 98.6585 98.7267 98.7848 98.8344 9.26144 9.36144
W-1_RB2in_S08_Forward 98.4481 98.5217 98.5841 98.6371 98.682 9.21879 9.31879
W+0_RB2in_S08_Backward 99.3864 99.4677 99.5375 99.5975 99.6489 9.30517 9.40517
W+0_RB2in_S08_Middle 98.6057 98.7008 98.7838 98.8563 98.9195 9.28574 9.38574
W+0_RB2in_S08_Forward 98.8006 98.8717 98.9319 98.9829 99.026 9.20475 9.30475
W+1_RB2in_S08_Backward 98.4687 98.5516 98.6228 98.6841 98.7367 9.31524 9.41524
W+1_RB2in_S08_Middle 98.7532 98.8301 98.8958 98.952 99 9.30295 9.40295
W+1_RB2in_S08_Forward 98.7836 98.8598 98.9246 98.9795 99.0262 9.30078 9.40078
W-2_RB2in_S09_Backward 97.863 97.9434 98.0121 98.0708 98.1208 9.29806 9.39806
W-2_RB2in_S09_Forward 97.3756 97.4675 97.5475 97.6171 97.6776 9.39691 9.49691
W-1_RB2in_S09_Backward 98.62 98.6918 98.7524 98.8036 98.8468 9.30199 9.40199
W-1_RB2in_S09_Middle 97.8447 97.9277 97.9996 98.0616 98.1153 9.28942 9.38942
W-1_RB2in_S09_Forward 98.8449 98.9179 98.98 99.0327 99.0775 9.2218 9.3218
W+0_RB2in_S09_Backward 98.1421 98.2132 98.2733 98.3239 98.3667 9.25642 9.35642
W+0_RB2in_S09_Middle 98.4238 98.5123 98.589 98.6554 98.7129 9.29987 9.39987
W+0_RB2in_S09_Forward 97.9451 98.0278 98.0991 98.1606 98.2136 9.27557 9.37557
W+1_RB2in_S09_Backward 98.8985 98.9881 99.0659 99.1336 99.1923 9.36684 9.46684
W+1_RB2in_S09_Middle 98.8125 98.9013 98.9785 99.0455 99.1037 9.33794 9.43794
W+1_RB2in_S09_Forward 98.5615 98.6309 98.6895 98.7389 98.7805 9.26507 9.36507
W+2_RB2in_S09_Backward 99.0322 99.1188 99.1938 99.2586 99.3148 9.56821 9.66821
W+2_RB2in_S09_Forward 96.2269 96.3142 96.3902 96.4561 96.5134 9.38621 9.48621
W-2_RB2in_S10_Backward 98.6262 98.6769 98.7182 98.7518 98.7792 9.20696 9.30696
W-2_RB2in_S10_Forward 97.7646 97.8209 97.8674 97.9057 97.9373 9.20129 9.30129
W-1_RB2in_S10_Backward 85.8687 85.9183 85.9592 85.9929 86.0207 9.15894 9.25894
W-1_RB2in_S10_Middle 98.4778 98.5369 98.586 98.6266 98.6603 9.22946 9.32946
W-1_RB2in_S10_Forward 99.2479 99.3067 99.3551 99.3949 99.4276 9.16396 9.26396
W+0_RB2in_S10_Backward 98.9331 99.013 99.0815 99.1403 99.1908 9.34491 9.44491
W+0_RB2in_S10_Middle 98.7629 98.8459 98.9175 98.9792 99.0324 9.34362 9.44362
W+0_RB2in_S10_Forward 93.2353 93.3153 93.384 93.4431 93.4939 9.33887 9.43887
W+1_RB2in_S10_Backward 99.1407 99.2305 99.3088 99.3769 99.4362 9.39011 9.49011
W+1_RB2in_S10_Middle 98.4928 98.5721 98.6396 98.6973 98.7464 9.29388 9.39388
W+1_RB2in_S10_Forward 98.3542 98.4361 98.5063 98.5664 98.6179 9.2841 9.3841
W+2_RB2in_S10_Backward 97.1336 97.2242 97.3031 97.372 97.4319 9.36987 9.46987
W+2_RB2in_S10_Forward 97.032 97.0887 97.1356 97.1745 97.2067 9.23153 9.33153
W-2_RB2in_S11_Backward 97.5581 97.6242 97.6798 97.7266 97.766 9.30423 9.40423
W-2_RB2in_S11_Forward 96.8426 96.9125 96.9715 97.0213 97.0633 9.22451 9.32451
W-1_RB2in_S11_Middle 98.5606 98.6432 98.7141 98.7751 98.8275 9.30707 9.40707
W-1_RB2in_S11_Forward 98.97 99.0343 99.0879 99.1327 99.1701 9.20649 9.30649
W+0_RB2in_S11_Backward 98.9656 99.0609 99.1447 99.2183 99.283 9.43768 9.53768
W+0_RB2in_S11_Middle 98.645 98.7399 98.8229 98.8955 98.959 9.39649 9.49649
W+0_RB2in_S11_Forward 98.9554 99.0317 99.0967 99.152 99.1991 9.23087 9.33087
W+1_RB2in_S11_Backward 98.5414 98.6078 98.6635 98.7103 98.7495 9.27092 9.37092
W+1_RB2in_S11_Middle 98.3178 98.381 98.4335 98.4772 98.5135 9.20388 9.30388
W+1_RB2in_S11_Forward 98.5644 98.6309 98.6864 98.7329 98.7717 9.20967 9.30967
W+2_RB2in_S11_Backward 98.3352 98.3868 98.4288 98.463 98.4909 9.06772 9.16772
W+2_RB2in_S11_Forward 97.7109 97.7827 97.8431 97.8939 97.9367 9.09977 9.19977
W-2_RB2in_S12_Backward 97.7722 97.8505 97.9175 97.9748 98.0238 9.34209 9.44209
W-2_RB2in_S12_Forward 98.2972 98.3548 98.4024 98.4419 98.4746 9.14591 9.24591
W-1_RB2in_S12_Backward 98.6023 98.6868 98.7592 98.8213 98.8746 9.31151 9.41151
W-1_RB2in_S12_Middle 98.588 98.6661 98.7327 98.7895 98.8379 9.25269 9.35269
W-1_RB2in_S12_Forward 98.7742 98.8624 98.9386 99.0044 99.0612 9.29216 9.39216
W+0_RB2in_S12_Backward 99.4064 99.483 99.5485 99.6044 99.6521 9.26297 9.36297
W+0_RB2in_S12_Middle 98.7644 98.8509 98.9258 98.9905 99.0466 9.26047 9.36047
W+0_RB2in_S12_Forward 98.809 98.8778 98.9357 98.9846 99.0257 9.18462 9.28462
W+1_RB2in_S12_Backward 98.3075 98.3825 98.4461 98.5 98.5458 9.29006 9.39006
W+1_RB2in_S12_Middle 98.5986 98.6763 98.7423 98.7984 98.8461 9.28539 9.38539
W+1_RB2in_S12_Forward 98.4166 98.5031 98.5776 98.6418 98.697 9.2437 9.3437
W+2_RB2in_S12_Backward 98.3418 98.4029 98.4536 98.4957 98.5306 9.15334 9.25334
W+2_RB2in_S12_Forward 95.0075 95.0539 95.0916 95.1222 95.1471 9.05539 9.15539
W-2_RB2out_S01_Backward 99.0555 99.1155 99.165 99.2059 99.2397 9.18509 9.28509
W-2_RB2out_S01_Middle 97.8351 97.9001 97.9544 97.9997 98.0376 9.16666 9.26666
W-2_RB2out_S01_Forward 97.356 97.427 97.4869 97.5375 97.5803 9.16104 9.26104
W-1_RB2out_S01_Backward 95.3349 95.398 95.4506 95.4944 95.5308 9.27533 9.37533
W-1_RB2out_S01_Forward 98.0427 98.1119 98.1701 98.219 98.2601 9.26268 9.36268
W+0_RB2out_S01_Forward 97.3978 97.4633 97.518 97.5637 97.602 9.22684 9.32684
W+1_RB2out_S01_Backward 98.6626 98.7389 98.8041 98.8598 98.9074 9.43643 9.53643
W+1_RB2out_S01_Forward 96.5917 96.6596 96.7169 96.7653 96.806 9.28513 9.38513
W+2_RB2out_S01_Backward 96.8643 96.9418 97.008 97.0647 97.1131 9.47943 9.57943
W+2_RB2out_S01_Forward 94.1618 94.2484 94.3238 94.3895 94.4467 9.3652 9.4652
W-2_RB2out_S02_Backward 98.3781 98.4513 98.5132 98.5656 98.6098 9.29627 9.39627
W-2_RB2out_S02_Middle 93.8584 93.9544 94.0392 94.1143 94.1807 9.41454 9.51454
W-2_RB2out_S02_Forward 97.6224 97.6965 97.7595 97.8131 97.8588 9.27423 9.37423
W-1_RB2out_S02_Backward 97.6799 97.739 97.7878 97.8281 97.8614 9.27188 9.37188
W-1_RB2out_S02_Forward 93.7142 93.7857 93.8462 93.8973 93.9406 9.26265 9.36265
W+0_RB2out_S02_Backward 98.0452 98.1156 98.1749 98.2248 98.2667 9.27985 9.37985
W+0_RB2out_S02_Forward 96.9087 96.9734 97.0274 97.0723 97.1096 9.26176 9.36176
W+1_RB2out_S02_Backward 97.0791 97.1504 97.2107 97.2615 97.3045 9.26852 9.36852
W+1_RB2out_S02_Forward 99.1135 99.2146 99.3036 99.382 99.4511 9.57288 9.67288
W+2_RB2out_S02_Backward 99.6514 99.7311 99.7992 99.8574 99.9073 9.3253 9.4253
W+2_RB2out_S02_Middle 98.2822 98.3754 98.457 98.5285 98.5912 9.40105 9.50105
W+2_RB2out_S02_Forward 97.4211 97.492 97.5521 97.6029 97.646 9.26337 9.36337
W-2_RB2out_S03_Backward 98.6399 98.707 98.7633 98.8106 98.8502 9.25131 9.35131
W-2_RB2out_S03_Middle 97.7716 97.8542 97.9249 97.9856 98.0375 9.19872 9.29872
W-2_RB2out_S03_Forward 96.8017 96.8707 96.9289 96.978 97.0194 9.18188 9.28188
W+0_RB2out_S03_Backward 97.7054 97.7848 97.8526 97.9105 97.9599 9.3224 9.4224
W+0_RB2out_S03_Forward 92.1873 92.2716 92.3448 92.4081 92.4631 9.56442 9.66442
W+1_RB2out_S03_Backward 96.98 97.0711 97.1504 97.2194 97.2794 9.42934 9.52934
W+1_RB2out_S03_Forward 93.2129 93.2762 93.3291 93.3734 93.4104 9.2074 9.3074
W+2_RB2out_S03_Backward 98.6937 98.7543 98.8046 98.8463 98.8809 9.20547 9.30547
W+2_RB2out_S03_Middle 96.724 96.8074 96.8793 96.9413 96.9949 9.20518 9.30518
W+2_RB2out_S03_Forward 92.8796 92.9449 92.9999 93.0462 93.0853 9.13781 9.23781
W-2_RB2out_S04_Backward 91.843 91.9066 91.96 92.0049 92.0425 9.25003 9.35003
W-2_RB2out_S04_Middle 93.3326 93.4291 93.5147 93.5906 93.6579 9.48181 9.58181
W-2_RB2out_S04_Forward 98.1397 98.2064 98.2625 98.3098 98.3496 9.22423 9.32423
W-1_RB2out_S04_Backward 93.6743 93.7514 93.8176 93.8745 93.9233 9.4866 9.5866
W-1_RB2out_S04_Forward 91.2944 91.3839 91.4622 91.5308 91.5908 9.4802 9.5802
W+1_RB2out_S04_Backward 97.1114 97.171 97.2207 97.262 97.2965 9.27313 9.37313
W+1_RB2out_S04_Forward 95.7613 95.8247 95.8778 95.9221 95.9591 9.27017 9.37017
W+2_RB2out_S04_Backward 98.5174 98.5877 98.6469 98.6967 98.7385 9.23746 9.33746
W+2_RB2out_S04_Middle 98.2564 98.336 98.4044 98.463 98.5133 9.26554 9.36554
W+2_RB2out_S04_Forward 97.3591 97.4285 97.4871 97.5366 97.5783 9.16973 9.26973
W-2_RB2out_S05_Backward 99.1427 99.2264 99.2983 99.3598 99.4126 9.2739 9.3739
W-2_RB2out_S05_Middle 97.7233 97.7874 97.8412 97.8862 97.924 9.16635 9.26635
W-2_RB2out_S05_Forward 97.4302 97.5002 97.5595 97.6097 97.6522 9.16349 9.26349
W-1_RB2out_S05_Backward 98.2274 98.287 98.3365 98.3776 98.4116 9.19707 9.29707
W-1_RB2out_S05_Forward 97.8139 97.8788 97.9327 97.9777 98.0151 9.17433 9.27433
W+0_RB2out_S05_Backward 95.9966 96.0804 96.1531 96.2161 96.2708 9.61435 9.71435
W+0_RB2out_S05_Forward 94.6548 94.7527 94.8396 94.9166 94.9848 9.75801 9.85801
W+1_RB2out_S05_Backward 97.6008 97.6541 97.698 97.7341 97.7638 9.25647 9.35647
W+1_RB2out_S05_Forward 97.7986 97.8672 97.9249 97.9733 98.014 9.28632 9.38632
W+2_RB2out_S05_Backward 98.0684 98.1328 98.1868 98.232 98.2699 9.16872 9.26872
W+2_RB2out_S05_Middle 98.0769 98.1545 98.2208 98.2776 98.3261 9.16538 9.26538
W+2_RB2out_S05_Forward 96.1501 96.2131 96.2656 96.3095 96.3462 9.06832 9.16832
W-2_RB2out_S06_Backward 98.6213 98.7023 98.7716 98.8306 98.8811 9.34993 9.44993
W-2_RB2out_S06_Middle 98.0542 98.1415 98.2169 98.282 98.3382 9.29011 9.39011
W-2_RB2out_S06_Forward 97.9339 98.0012 98.0579 98.1056 98.1458 9.20228 9.30228
W-1_RB2out_S06_Backward 98.014 98.0944 98.163 98.2215 98.2715 9.31748 9.41748
W-1_RB2out_S06_Forward 96.1046 96.164 96.2135 96.2548 96.2892 9.24035 9.34035
W+0_RB2out_S06_Backward 98.3625 98.4289 98.4846 98.5313 98.5705 9.24315 9.34315
W+0_RB2out_S06_Forward 98.3258 98.4088 98.4803 98.542 98.5952 9.44121 9.54121
W+1_RB2out_S06_Backward 97.6419 97.7187 97.784 97.8394 97.8866 9.34165 9.44165
W+1_RB2out_S06_Forward 97.1425 97.2139 97.2743 97.3252 97.3683 9.2777 9.3777
W+2_RB2out_S06_Backward 98.6835 98.7677 98.84 98.902 98.9551 9.36712 9.46712
W+2_RB2out_S06_Middle 97.9891 98.0825 98.1638 98.2345 98.2961 9.37177 9.47177
W+2_RB2out_S06_Forward 91.6472 91.7187 91.7794 91.831 91.8748 9.30081 9.40081
W-2_RB2out_S07_Backward 97.7919 97.8862 97.9691 98.0419 98.1059 9.38637 9.48637
W-2_RB2out_S07_Middle 97.7822 97.856 97.9186 97.9717 98.0167 9.25635 9.35635
W-2_RB2out_S07_Forward 97.4204 97.5086 97.5851 97.6513 97.7087 9.35685 9.45685
W-1_RB2out_S07_Forward 97.1814 97.2357 97.2803 97.3168 97.3468 9.10833 9.20833
W+0_RB2out_S07_Backward 95.7969 95.8631 95.9187 95.9653 96.0045 9.21815 9.31815
W+0_RB2out_S07_Forward 96.7653 96.8545 96.932 96.9994 97.0579 9.35532 9.45532
W+1_RB2out_S07_Backward 98.6211 98.7027 98.7728 98.833 98.8847 9.33395 9.43395
W+1_RB2out_S07_Forward 97.824 97.8745 97.9158 97.9496 97.9772 9.187 9.287
W+2_RB2out_S07_Backward 98.28 98.3458 98.4007 98.4466 98.485 9.24648 9.34648
W+2_RB2out_S07_Middle 98.0438 98.119 98.183 98.2375 98.2839 9.20241 9.30241
W+2_RB2out_S07_Forward 97.5151 97.5817 97.6377 97.685 97.7247 9.20067 9.30067
W-2_RB2out_S08_Backward 99.1945 99.2601 99.315 99.361 99.3996 9.3 9.4
W-2_RB2out_S08_Middle 97.7623 97.8592 97.9445 98.0196 98.0856 9.37627 9.47627
W-2_RB2out_S08_Forward 97.0887 97.1599 97.2197 97.2702 97.3126 9.18508 9.28508
W-1_RB2out_S08_Backward 94.2859 94.3553 94.4137 94.4628 94.5042 9.24181 9.34181
W-1_RB2out_S08_Forward 98.1321 98.2013 98.2594 98.3083 98.3494 9.22241 9.32241
W+0_RB2out_S08_Backward 98.0416 98.1148 98.1766 98.2289 98.2731 9.24395 9.34395
W+0_RB2out_S08_Forward 97.2135 97.2708 97.3182 97.3576 97.3901 9.15695 9.25695
W+1_RB2out_S08_Backward 98.18 98.2411 98.292 98.3345 98.3698 9.23406 9.33406
W+1_RB2out_S08_Forward 94.9533 95.0118 95.0603 95.1006 95.134 9.2159 9.3159
W+2_RB2out_S08_Middle 97.3915 97.4715 97.5401 97.5991 97.6497 9.20751 9.30751
W+2_RB2out_S08_Forward 96.7173 96.7917 96.8549 96.9086 96.9541 9.20028 9.30028
W-2_RB2out_S09_Backward 98.8704 98.9354 98.9895 99.0345 99.072 9.23763 9.33763
W-2_RB2out_S09_Middle 98.2251 98.3099 98.3829 98.4457 98.4997 9.3766 9.4766
W-2_RB2out_S09_Forward 96.9844 97.072 97.1478 97.2132 97.2697 9.44195 9.54195
W-1_RB2out_S09_Backward 98.3064 98.3605 98.405 98.4416 98.4717 9.26694 9.36694
W-1_RB2out_S09_Forward 95.7047 95.7693 95.8235 95.8689 95.9071 9.29475 9.39475
W+0_RB2out_S09_Backward 97.6492 97.7081 97.757 97.7976 97.8312 9.26149 9.36149
W+0_RB2out_S09_Forward 97.5871 97.6613 97.7241 97.7772 97.8221 9.29463 9.39463
W+1_RB2out_S09_Backward 95.0984 95.1759 95.2423 95.2991 95.3477 9.38698 9.48698
W+1_RB2out_S09_Forward 97.8933 97.9762 98.0476 98.1089 98.1617 9.33132 9.43132
W+2_RB2out_S09_Backward 98.7063 98.7781 98.8385 98.8893 98.932 9.27883 9.37883
W+2_RB2out_S09_Middle 98.0314 98.1018 98.1613 98.2115 98.2538 9.23835 9.33835
W+2_RB2out_S09_Forward 97.7287 97.7968 97.854 97.9021 97.9424 9.22108 9.32108
W-2_RB2out_S10_Backward 98.8409 98.9197 98.9872 99.0449 99.0942 9.44571 9.54571
W-2_RB2out_S10_Middle 96.6536 96.7425 96.8201 96.888 96.9472 9.46096 9.56096
W-2_RB2out_S10_Forward 97.4732 97.5537 97.6228 97.6821 97.7331 9.40562 9.50562
W-1_RB2out_S10_Forward 97.9736 98.0528 98.1208 98.1791 98.2291 9.39231 9.49231
W+0_RB2out_S10_Backward 98.0353 98.1106 98.1749 98.2298 98.2767 9.34091 9.44091
W+0_RB2out_S10_Forward 92.4201 92.4979 92.5651 92.6229 92.6728 9.36056 9.46056
W+1_RB2out_S10_Backward 98.0341 98.0988 98.1529 98.1981 98.2359 9.24529 9.34529
W+1_RB2out_S10_Forward 96.0336 96.0929 96.142 96.1826 96.2162 9.22804 9.32804
W+2_RB2out_S10_Backward 99.0607 99.126 99.1807 99.2265 99.265 9.31177 9.41177
W+2_RB2out_S10_Middle 97.6163 97.6793 97.7321 97.7763 97.8133 9.305 9.405
W+2_RB2out_S10_Forward 91.576 91.6395 91.693 91.7378 91.7755 9.25468 9.35468
W-2_RB2out_S11_Backward 98.5642 98.6131 98.6527 98.6848 98.7107 9.15855 9.25855
W-2_RB2out_S11_Middle 97.7053 97.7831 97.8499 97.9072 97.9562 9.23465 9.33465
W-2_RB2out_S11_Forward 97.0008 97.0616 97.1122 97.1544 97.1895 9.18366 9.28366
W-1_RB2out_S11_Backward 98.0967 98.1663 98.2251 98.2746 98.3164 9.2573 9.3573
W-1_RB2out_S11_Forward 97.4513 97.5219 97.5814 97.6315 97.6735 9.26255 9.36255
W+0_RB2out_S11_Backward 97.5982 97.6782 97.7469 97.806 97.8566 9.47115 9.57115
W+0_RB2out_S11_Forward 96.0582 96.1448 96.2199 96.2849 96.3411 9.44672 9.54672
W+1_RB2out_S11_Backward 97.8613 97.9181 97.9649 98.0035 98.0353 9.21865 9.31865
W+1_RB2out_S11_Forward 98.1493 98.254 98.3475 98.4309 98.5054 9.58908 9.68908
W+2_RB2out_S11_Backward 98.9139 98.9622 99.0013 99.0328 99.0584 9.14561 9.24561
W+2_RB2out_S11_Middle 97.1759 97.234 97.282 97.3216 97.3543 9.17148 9.27148
W+2_RB2out_S11_Forward 97.4294 97.5001 97.56 97.6108 97.6537 9.20383 9.30383
W-2_RB2out_S12_Backward 98.5502 98.6251 98.6887 98.7427 98.7884 9.28736 9.38736
W-2_RB2out_S12_Middle 97.7686 97.8349 97.8906 97.9373 97.9764 9.23016 9.33016
W-2_RB2out_S12_Forward 97.8215 97.908 97.9831 98.0483 98.1048 9.31968 9.41968
W-1_RB2out_S12_Backward 106.216 106.346 106.465 106.574 106.673 9.9344 10.0344
W-1_RB2out_S12_Forward 98.4585 98.56 98.6501 98.7299 98.8007 9.62706 9.72706
W+0_RB2out_S12_Backward 98.4635 98.5573 98.639 98.7101 98.7719 9.40598 9.50598
W+0_RB2out_S12_Forward 97.5098 97.586 97.6512 97.7068 97.7544 9.38015 9.48015
W+1_RB2out_S12_Backward 97.609 97.6668 97.7146 97.754 97.7866 9.23555 9.33555
W+1_RB2out_S12_Forward 96.1952 96.2633 96.3206 96.3687 96.4092 9.2682 9.3682
W+2_RB2out_S12_Backward 98.4323 98.5005 98.5575 98.6053 98.6453 9.26679 9.36679
W+2_RB2out_S12_Middle 98.1137 98.1842 98.2437 98.294 98.3363 9.27765 9.37765
W+2_RB2out_S12_Forward 98.1195 98.2231 98.3152 98.3971 98.4699 9.60112 9.70112
W-2_RB3-_S01_Backward 98.6712 98.7138 98.7477 98.7747 98.7962 9.08718 9.18718
W-2_RB3-_S01_Forward 98.1143 98.1851 98.2449 98.2954 98.338 9.19821 9.29821
W-1_RB3-_S01_Backward 99.2142 99.2608 99.2982 99.3282 99.3524 9.18626 9.28626
W-1_RB3-_S01_Forward 98.4973 98.559 98.61 98.6522 98.6872 9.2346 9.3346
W+0_RB3-_S01_Backward 98.7994 98.8709 98.9313 98.9822 99.0252 9.24725 9.34725
W+0_RB3-_S01_Forward 98.9705 99.0085 99.0386 99.0624 99.0813 9.12644 9.22644
W+1_RB3-_S01_Backward 98.6885 98.7573 98.815 98.8633 98.9038 9.31107 9.41107
W+1_RB3-_S01_Forward 98.5796 98.6438 98.6974 98.7422 98.7795 9.28274 9.38274
W+2_RB3-_S01_Backward 99.0125 99.0679 99.1132 99.1501 99.1803 9.14356 9.24356
W+2_RB3-_S01_Forward 98.7371 98.7859 98.8255 98.8577 98.8839 9.1158 9.2158
W-2_RB3-_S02_Backward 99.0055 99.0683 99.1207 99.1643 99.2008 9.2722 9.3722
W-2_RB3-_S02_Forward 99.3305 99.3927 99.4442 99.4871 99.5226 9.364 9.464
W-1_RB3-_S02_Backward 98.7416 98.7997 98.8476 98.8872 98.9198 9.26321 9.36321
W-1_RB3-_S02_Forward 98.5542 98.6298 98.6938 98.7479 98.7936 9.2889 9.3889
W+0_RB3-_S02_Backward 98.8075 98.8695 98.9211 98.9639 98.9994 9.17524 9.27524
W+0_RB3-_S02_Forward 99.647 99.7653 99.8721 99.9686 100.056 9.67402 9.77402
W+1_RB3-_S02_Backward 98.6103 98.682 98.7423 98.7931 98.8358 9.33593 9.43593
W+1_RB3-_S02_Forward 98.6736 98.7521 98.8188 98.8755 98.9237 9.35609 9.45609
W+2_RB3-_S02_Backward 98.9737 99.0544 99.1233 99.1821 99.2322 9.33056 9.43056
W+2_RB3-_S02_Forward 98.6838 98.7718 98.8482 98.9145 98.972 9.41702 9.51702
W-2_RB3-_S03_Backward 98.5957 98.6578 98.7096 98.7527 98.7887 9.19406 9.29406
W-2_RB3-_S03_Forward 98.6879 98.748 98.7977 98.8387 98.8726 9.127 9.227
W-1_RB3-_S03_Backward 99.0761 99.1338 99.1812 99.2201 99.2521 9.17244 9.27244
W-1_RB3-_S03_Forward 98.9699 99.046 99.1104 99.1649 99.2109 9.17976 9.27976
W+0_RB3-_S03_Backward 98.727 98.7795 98.8222 98.8571 98.8854 9.20155 9.30155
W+0_RB3-_S03_Forward 66.3952 66.4628 66.5226 66.5755 66.6222 9.63784 9.73784
W+1_RB3-_S03_Backward 98.5926 98.6587 98.7142 98.7608 98.7998 9.26898 9.36898
W+1_RB3-_S03_Forward 98.2533 98.3168 98.3697 98.4139 98.4507 9.31362 9.41362
W+2_RB3-_S03_Backward 98.3517 98.401 98.4409 98.4733 98.4994 9.20504 9.30504
W+2_RB3-_S03_Forward 98.7467 98.8229 98.8879 98.9435 98.9909 9.32086 9.42086
W-2_RB3-_S04_Backward 98.6717 98.7294 98.7772 98.8168 98.8496 9.19229 9.29229
W-2_RB3-_S04_Forward 97.9736 98.0462 98.1077 98.1598 98.204 9.2269 9.3269
W-1_RB3-_S04_Backward 98.3356 98.41 98.473 98.5262 98.5712 9.25502 9.35502
W-1_RB3-_S04_Forward 97.8808 97.9559 98.0198 98.0743 98.1206 9.21929 9.31929
W+0_RB3-_S04_Backward 98.7015 98.7605 98.8094 98.85 98.8835 9.18226 9.28226
W+0_RB3-_S04_Forward 97.8386 97.9094 97.9693 98.0201 98.0631 9.3074 9.4074
W+1_RB3-_S04_Backward 98.8859 98.9378 98.9801 99.0145 99.0426 9.27352 9.37352
W+1_RB3-_S04_Forward 98.0608 98.1209 98.1709 98.2126 98.2473 9.27898 9.37898
W+2_RB3-_S04_Backward 97.016 97.1022 97.177 97.242 97.2984 9.49842 9.59842
W+2_RB3-_S04_Forward 98.7622 98.825 98.8773 98.9209 98.9573 9.18905 9.28905
W-2_RB3-_S05_Backward 97.423 97.5076 97.5807 97.644 97.6987 9.41883 9.51883
W-2_RB3-_S05_Forward 97.2814 97.3541 97.4157 97.468 97.5123 9.34861 9.44861
W-1_RB3-_S05_Backward 98.1803 98.2569 98.322 98.3773 98.4242 9.29192 9.39192
W-1_RB3-_S05_Forward 98.8798 98.9473 99.0042 99.0521 99.0925 9.27607 9.37607
W+1_RB3-_S05_Backward 99.2161 99.2917 99.3556 99.4097 99.4554 9.33079 9.43079
W+1_RB3-_S05_Forward 98.4054 98.4714 98.5268 98.5733 98.6122 9.25385 9.35385
W+2_RB3-_S05_Backward 98.974 99.042 99.099 99.1469 99.1871 9.29606 9.39606
W+2_RB3-_S05_Forward 98.5726 98.6592 98.7342 98.799 98.8551 9.21847 9.31847
W-2_RB3-_S06_Backward 98.1012 98.1597 98.2083 98.2485 98.2818 9.21445 9.31445
W-2_RB3-_S06_Forward 98.5787 98.629 98.6698 98.7031 98.7302 9.12765 9.22765
W-1_RB3-_S06_Backward 97.4305 97.5012 97.5607 97.6108 97.653 9.34993 9.44993
W-1_RB3-_S06_Forward 98.9981 99.0365 99.0668 99.0907 99.1096 9.11209 9.21209
W+0_RB3-_S06_Backward 98.361 98.4295 98.4871 98.5354 98.576 9.26303 9.36303
W+0_RB3-_S06_Forward 98.2516 98.3073 98.3532 98.391 98.4221 9.23173 9.33173
W+1_RB3-_S06_Backward 99.4775 99.5588 99.6286 99.6885 99.7399 9.36555 9.46555
W+1_RB3-_S06_Forward 98.7498 98.8348 98.9078 98.9707 99.0247 9.41273 9.51273
W-2_RB3-_S07_Backward 98.394 98.4582 98.5121 98.5572 98.5949 9.28891 9.38891
W-2_RB3-_S07_Forward 98.1892 98.2719 98.3428 98.4036 98.4556 9.30853 9.40853
W-1_RB3-_S07_Backward 99.0923 99.1576 99.2124 99.2583 99.2968 9.23191 9.33191
W-1_RB3-_S07_Forward 98.7849 98.8608 98.9254 98.9805 99.0273 9.2364 9.3364
W+0_RB3-_S07_Backward 98.8583 98.9291 98.9888 99.0389 99.0811 9.34158 9.44158
W+0_RB3-_S07_Forward 97.7478 97.8206 97.8821 97.9341 97.978 9.40361 9.50361
W+1_RB3-_S07_Backward 98.8367 98.9212 98.9936 99.0557 99.109 9.28033 9.38033
W+1_RB3-_S07_Forward 98.2039 98.2667 98.3189 98.3622 98.3983 9.16714 9.26714
W+2_RB3-_S07_Backward 98.9229 98.9925 99.0512 99.1006 99.1423 9.28834 9.38834
W+2_RB3-_S07_Forward 99.0573 99.1372 99.2058 99.2646 99.3151 9.36939 9.46939
W-2_RB3-_S08_Backward 98.5164 98.5962 98.6648 98.7236 98.7741 9.33249 9.43249
W-2_RB3-_S08_Forward 98.374 98.4449 98.5046 98.5547 98.5969 9.21132 9.31132
W-1_RB3-_S08_Backward 99.3613 99.4371 99.5015 99.5561 99.6024 9.36709 9.46709
W-1_RB3-_S08_Forward 97.9113 97.9904 98.0582 98.1164 98.1663 9.3419 9.4419
W+0_RB3-_S08_Backward 98.7678 98.8417 98.9042 98.957 99.0016 9.19023 9.29023
W+0_RB3-_S08_Forward 98.3243 98.393 98.451 98.4999 98.5411 9.21034 9.31034
W+1_RB3-_S08_Backward 98.8607 98.9291 98.9864 99.0344 99.0745 9.19362 9.29362
W+1_RB3-_S08_Forward 95.4524 95.5549 95.646 95.727 95.7991 9.54871 9.64871
W+2_RB3-_S08_Backward 99.1765 99.2466 99.3057 99.3555 99.3976 9.28251 9.38251
W+2_RB3-_S08_Forward 98.5541 98.6496 98.733 98.8058 98.8694 9.43213 9.53213
W-2_RB3-_S09_Backward 98.9735 99.0484 99.1122 99.1665 99.2126 9.25968 9.35968
W-2_RB3-_S09_Forward 98.5806 98.6301 98.6704 98.7031 98.7297 9.13804 9.23804
W+0_RB3-_S09_Backward 99.1623 99.2392 99.305 99.3611 99.4091 9.31202 9.41202
W+0_RB3-_S09_Forward 98.7348 98.8071 98.8682 98.9197 98.9633 9.27017 9.37017
W+1_RB3-_S09_Backward 98.9506 99.0306 99.0991 99.1577 99.2078 9.32107 9.42107
W+1_RB3-_S09_Forward 69.7544 69.8238 69.8848 69.9383 69.9852 9.4699 9.5699
W+2_RB3-_S09_Backward 99.0026 99.0712 99.1286 99.1767 99.2169 9.1778 9.2778
W+2_RB3-_S09_Forward 98.1777 98.2524 98.3155 98.369 98.4141 9.21736 9.31736
W-2_RB3-_S10_Backward 97.288 97.3222 97.3489 97.3698 97.3861 9.41588 9.51588
W-2_RB3-_S10_Forward 93.8752 93.8753 93.8753 93.8754 93.8754 9.25133 9.35133
W-1_RB3-_S10_Backward 97.5136 97.5655 97.6078 97.6423 97.6704 9.23608 9.33608
W+0_RB3-_S10_Backward 94.5533 94.6228 94.6816 94.7312 94.7732 9.25 9.35
W+1_RB3-_S10_Backward 96.9763 97.0512 97.115 97.1694 97.2157 9.30413 9.40413
W+1_RB3-_S10_Forward 98.7728 98.8335 98.8838 98.9254 98.9597 9.2517 9.3517
W+2_RB3-_S10_Backward 97.4897 97.5695 97.6379 97.6964 97.7465 9.26949 9.36949
W+2_RB3-_S10_Forward 98.3718 98.4336 98.4846 98.5269 98.5618 9.17181 9.27181
W-2_RB3-_S11_Backward 98.89 98.9548 99.0087 99.0535 99.0908 9.2242 9.3242
W-2_RB3-_S11_Forward 98.4362 98.5212 98.5943 98.6571 98.7112 9.31516 9.41516
W-1_RB3-_S11_Backward 98.9941 99.057 99.1094 99.1531 99.1896 9.19297 9.29297
W-1_RB3-_S11_Forward 98.7119 98.7907 98.858 98.9153 98.9642 9.2718 9.3718
W+0_RB3-_S11_Backward 98.8757 98.9366 98.9873 99.0296 99.0648 9.34883 9.44883
W+0_RB3-_S11_Forward 70.3057 70.3809 70.4476 70.5069 70.5594 9.62482 9.72482
W+1_RB3-_S11_Backward 97.2134 97.3022 97.3793 97.446 97.5039 9.46695 9.56695
W+1_RB3-_S11_Forward 96.6969 96.7721 96.8364 96.8912 96.9381 9.36939 9.46939
W+2_RB3-_S11_Backward 99.1952 99.2436 99.2829 99.3147 99.3406 9.10125 9.20125
W+2_RB3-_S11_Forward 98.3801 98.4127 98.4383 98.4583 98.474 9.08043 9.18043
W-2_RB3-_S12_Backward 99.0967 99.1555 99.2043 99.2447 99.2781 9.24984 9.34984
W-2_RB3-_S12_Forward 98.3448 98.4086 98.4621 98.5069 98.5444 9.1916 9.2916
W-1_RB3-_S12_Backward 98.9704 99.0338 99.0864 99.1302 99.1666 9.27755 9.37755
W-1_RB3-_S12_Forward 99.142 99.2029 99.2537 99.2959 99.3311 9.22079 9.32079
W+0_RB3-_S12_Backward 98.2115 98.2871 98.3513 98.4058 98.4521 9.31136 9.41136
W+0_RB3-_S12_Forward 98.9001 98.9834 99.0549 99.1165 99.1693 9.31388 9.41388
W+1_RB3-_S12_Backward 98.635 98.7211 98.7951 98.8589 98.9137 9.36183 9.46183
W+1_RB3-_S12_Forward 98.7628 98.8484 98.9224 98.9862 99.0412 9.28419 9.38419
W-2_RB3+_S01_Backward 98.8901 98.9483 98.9965 99.0365 99.0695 9.1785 9.2785
W-2_RB3+_S01_Forward 97.4226 97.4778 97.5232 97.5604 97.591 9.12535 9.22535
W-1_RB3+_S01_Backward 99.1737 99.2237 99.2641 99.2968 99.3233 9.14377 9.24377
W-1_RB3+_S01_Forward 97.5824 97.6591 97.7248 97.7808 97.8287 9.25835 9.35835
W+0_RB3+_S01_Backward 98.6163 98.6885 98.7496 98.8011 98.8447 9.19934 9.29934
W+0_RB3+_S01_Forward 98.6314 98.6714 98.7033 98.7288 98.7491 9.01096 9.11096
W+1_RB3+_S01_Backward 98.9818 99.023 99.0559 99.0822 99.1032 9.24642 9.34642
W+1_RB3+_S01_Forward 98.3812 98.4281 98.4661 98.497 98.522 9.2329 9.3329
W+2_RB3+_S01_Backward 96.3254 96.4046 96.4727 96.5311 96.5813 9.28631 9.38631
W+2_RB3+_S01_Forward 97.8591 97.9183 97.9673 98.0077 98.0411 9.13737 9.23737
W-2_RB3+_S02_Backward 97.1366 97.2182 97.2881 97.348 97.3993 9.28924 9.38924
W-2_RB3+_S02_Forward 98.7916 98.8571 98.912 98.958 98.9966 9.2805 9.3805
W-1_RB3+_S02_Backward 98.9795 99.0353 99.0812 99.119 99.1502 9.20201 9.30201
W-1_RB3+_S02_Forward 98.8047 98.8783 98.9409 98.9941 99.0393 9.27584 9.37584
W+0_RB3+_S02_Backward 98.773 98.8895 98.9948 99.0899 99.1757 9.48478 9.58478
W+0_RB3+_S02_Forward 98.3648 98.4194 98.4643 98.5013 98.5317 9.1742 9.2742
W+1_RB3+_S02_Backward 98.8463 98.9288 98.9997 99.0605 99.1128 9.43811 9.53811
W+1_RB3+_S02_Forward 118.028 118.178 118.317 118.443 118.56 10.1022 10.2022
W+2_RB3+_S02_Backward 99.1826 99.2515 99.3096 99.3585 99.3998 9.33111 9.43111
W+2_RB3+_S02_Forward 98.797 98.8554 98.9034 98.9429 98.9754 9.21855 9.31855
W-2_RB3+_S03_Backward 99.093 99.1498 99.1965 99.2348 99.2663 9.16473 9.26473
W-2_RB3+_S03_Forward 98.3005 98.3688 98.4261 98.4743 98.5147 9.17797 9.27797
W-1_RB3+_S03_Backward 98.8426 98.9011 98.9495 98.9894 99.0223 9.17207 9.27207
W-1_RB3+_S03_Forward 98.758 98.8318 98.8941 98.9469 98.9914 9.16425 9.26425
W+0_RB3+_S03_Backward 98.724 98.768 98.8035 98.832 98.855 9.09156 9.19156
W+0_RB3+_S03_Forward 98.9747 99.0271 99.0699 99.1048 99.1331 9.09228 9.19228
W+1_RB3+_S03_Backward 98.7456 98.805 98.8541 98.8946 98.9281 9.22115 9.32115
W+1_RB3+_S03_Forward 97.8243 97.907 97.9781 98.0392 98.0918 9.33557 9.43557
W+2_RB3+_S03_Backward 90.0009 90.0305 90.0536 90.0715 90.0855 9.39993 9.49993
W+2_RB3+_S03_Forward 96.6523 96.6653 96.6747 96.6814 96.6863 9.34503 9.44503
W-2_RB3+_S04_Backward 97.0461 97.1358 97.2137 97.2812 97.3397 9.44269 9.54269
W-2_RB3+_S04_Forward 97.0421 97.0956 97.1395 97.1757 97.2055 9.33298 9.43298
W-1_RB3+_S04_Backward 98.4765 98.5676 98.6469 98.7158 98.7757 9.31964 9.41964
W-1_RB3+_S04_Forward 98.3665 98.4478 98.5174 98.577 98.628 9.313 9.413
W+0_RB3+_S04_Backward 94.5011 94.5939 94.675 94.7459 94.8077 9.58973 9.68973
W+0_RB3+_S04_Forward 94.1928 94.3078 94.4123 94.5073 94.5935 9.76442 9.86442
W+1_RB3+_S04_Backward 99.1636 99.2186 99.2635 99.3002 99.3301 9.28967 9.38967
W+1_RB3+_S04_Forward 98.4608 98.5402 98.6084 98.6668 98.717 9.32864 9.42864
W+2_RB3+_S04_Backward 98.3324 98.3993 98.4555 98.5027 98.5423 9.23213 9.33213
W+2_RB3+_S04_Forward 98.8398 98.9056 98.9604 99.006 99.0439 9.19142 9.29142
W-2_RB3+_S05_Backward 98.3638 98.4351 98.4953 98.5461 98.5889 9.21392 9.31392
W-2_RB3+_S05_Forward 98.5552 98.6249 98.6837 98.7332 98.775 9.19927 9.29927
W-1_RB3+_S05_Backward 8.64678e-28 7.32899e-30 6.21203e-32 5.2653e-34 4.46285e-36 9.68195 9.78195
W-1_RB3+_S05_Forward 96.481 96.5721 96.6518 96.7217 96.7829 9.35177 9.45177
W+1_RB3+_S05_Backward 99.0145 99.0996 99.1732 99.2368 99.2918 9.34798 9.44798
W+1_RB3+_S05_Forward 98.9116 98.9809 99.0393 99.0886 99.1301 9.21352 9.31352
W+2_RB3+_S05_Backward 99.2513 99.3284 99.3944 99.4507 99.4989 9.31512 9.41512
W+2_RB3+_S05_Forward 98.0071 98.0854 98.1525 98.2101 98.2594 9.26783 9.36783
W-2_RB3+_S06_Backward 99.0515 99.1182 99.1742 99.2212 99.2606 9.25715 9.35715
W-2_RB3+_S06_Forward 99.0703 99.1305 99.1805 99.2219 99.2563 9.16759 9.26759
W-1_RB3+_S06_Backward 98.9575 99.02 99.0717 99.1145 99.1499 9.16154 9.26154
W-1_RB3+_S06_Forward 98.6946 98.7535 98.8021 98.8422 98.8754 9.21498 9.31498
W+0_RB3+_S06_Backward 98.6888 98.7365 98.7748 98.8057 98.8305 9.17078 9.27078
W+0_RB3+_S06_Forward 99.4294 99.4855 99.5317 99.5698 99.6012 9.23346 9.33346
W+1_RB3+_S06_Backward 98.8318 98.8994 98.9563 99.0042 99.0446 9.33942 9.43942
W+1_RB3+_S06_Forward 99.006 99.0926 99.1673 99.2318 99.2874 9.39124 9.49124
W+2_RB3+_S06_Backward 98.7828 98.8525 98.9111 98.9604 99.0018 9.2597 9.3597
W+2_RB3+_S06_Forward 97.9428 97.9987 98.0447 98.0823 98.1133 9.20005 9.30005
W-2_RB3+_S07_Backward 97.9207 98.0289 98.1256 98.212 98.2892 9.63944 9.73944
W-2_RB3+_S07_Forward 98.3373 98.4337 98.5183 98.5925 98.6576 9.54303 9.64303
W-1_RB3+_S07_Backward 99.0521 99.1204 99.1776 99.2254 99.2654 9.23871 9.33871
W-1_RB3+_S07_Forward 99.3403 99.4045 99.4582 99.503 99.5404 9.25103 9.35103
W+0_RB3+_S07_Backward 98.6358 98.6838 98.7227 98.7541 98.7796 9.2859 9.3859
W+0_RB3+_S07_Forward 99.1789 99.2303 99.2723 99.3064 99.3341 9.26409 9.36409
W+1_RB3+_S07_Backward 98.3489 98.4436 98.5266 98.5993 98.6631 9.40102 9.50102
W+1_RB3+_S07_Forward 98.7476 98.8336 98.9078 98.9718 99.027 9.32524 9.42524
W+2_RB3+_S07_Backward 99.1033 99.1584 99.2037 99.2411 99.2718 9.33299 9.43299
W+2_RB3+_S07_Forward 99.419 99.4773 99.5254 99.5651 99.5979 9.27735 9.37735
W-2_RB3+_S08_Backward 98.584 98.6544 98.7136 98.7633 98.8051 9.24523 9.34523
W-2_RB3+_S08_Forward 98.5887 98.6429 98.6871 98.7232 98.7527 9.14957 9.24957
W-1_RB3+_S08_Backward 96.4629 96.5608 96.6468 96.7224 96.7887 9.5915 9.6915
W-1_RB3+_S08_Forward 98.2704 98.3507 98.4192 98.4777 98.5277 9.32666 9.42666
W+0_RB3+_S08_Backward 96.0121 96.0781 96.1337 96.1806 96.22 9.35157 9.45157
W+0_RB3+_S08_Forward 96.281 96.3523 96.4127 96.4639 96.5074 9.35836 9.45836
W+1_RB3+_S08_Backward 98.7248 98.8011 98.8659 98.9209 98.9676 9.27692 9.37692
W+1_RB3+_S08_Forward 98.7965 98.8665 98.9253 98.9748 99.0163 9.27199 9.37199
W+2_RB3+_S08_Backward 98.613 98.6971 98.7693 98.8311 98.8842 9.29716 9.39716
W+2_RB3+_S08_Forward 98.2186 98.2919 98.354 98.4067 98.4513 9.19727 9.29727
W-2_RB3+_S09_Backward 96.9331 97.0206 97.0964 97.1621 97.219 9.59758 9.69758
W-2_RB3+_S09_Forward 93.5259 93.607 93.6771 93.7377 93.7902 9.48232 9.58232
W-1_RB3+_S09_Backward 98.9241 98.9945 99.054 99.1044 99.1471 9.2967 9.3967
W-1_RB3+_S09_Forward 98.9622 99.0443 99.1144 99.1743 99.2254 9.29951 9.39951
W+0_RB3+_S09_Backward 98.9935 99.064 99.1235 99.1737 99.2161 9.29345 9.39345
W+0_RB3+_S09_Forward 98.9533 99.0229 99.0812 99.13 99.1709 9.24215 9.34215
W+1_RB3+_S09_Backward 86.9229 86.9988 87.0643 87.1208 87.1696 9.36987 9.46987
W+1_RB3+_S09_Forward 98.3719 98.4496 98.5158 98.5722 98.6203 9.30289 9.40289
W+2_RB3+_S09_Backward 99.2305 99.292 99.343 99.3853 99.4205 9.21033 9.31033
W+2_RB3+_S09_Forward 99.2348 99.3042 99.3625 99.4115 99.4527 9.14414 9.24414
W-2_RB3+_S10_Backward 98.9614 99.022 99.0724 99.1144 99.1494 9.24986 9.34986
W-2_RB3+_S10_Forward 99.1573 99.2271 99.2857 99.335 99.3764 9.23496 9.33496
W-1_RB3+_S10_Backward 97.2128 97.2561 97.2909 97.319 97.3416 9.20033 9.30033
W+0_RB3+_S10_Backward 98.84 98.9212 98.9905 99.0497 99.1002 9.31634 9.41634
W+0_RB3+_S10_Forward 98.0042 98.0887 98.1617 98.2249 98.2795 9.3342 9.4342
W+1_RB3+_S10_Backward 98.7605 98.8333 98.8948 98.9468 98.9906 9.31575 9.41575
W+1_RB3+_S10_Forward 98.0771 98.151 98.2135 98.2663 98.3109 9.28587 9.38587
W+2_RB3+_S10_Backward 98.2836 98.3509 98.4076 98.4554 98.4956 9.21249 9.31249
W+2_RB3+_S10_Forward 98.7047 98.7593 98.8038 98.8402 98.8699 9.11642 9.21642
W-2_RB3+_S11_Backward 98.8487 98.9239 98.9877 99.0419 99.0878 9.29339 9.39339
W-2_RB3+_S11_Forward 98.8627 98.9451 99.0161 99.0773 99.13 9.31481 9.41481
W-1_RB3+_S11_Backward 95.0865 95.1433 95.1904 95.2295 95.2618 9.26843 9.36843
W-1_RB3+_S11_Forward 95.4013 95.4608 95.5101 95.5511 95.5851 9.2518 9.3518
W+0_RB3+_S11_Backward 99.1349 99.2171 99.2875 99.3478 99.3994 9.34978 9.44978
W+0_RB3+_S11_Forward 98.1812 98.256 98.3193 98.3729 98.4182 9.3711 9.4711
W+1_RB3+_S11_Backward 98.7566 98.825 98.8827 98.9313 98.9722 9.24489 9.34489
W+1_RB3+_S11_Forward 98.8681 98.952 99.0239 99.0856 99.1384 9.3043 9.4043
W+2_RB3+_S11_Backward 99.0639 99.1473 99.2187 99.2798 99.3323 9.33429 9.43429
W+2_RB3+_S11_Forward 98.4787 98.5493 98.6087 98.6586 98.7006 9.2208 9.3208
W-2_RB3+_S12_Backward 99.2451 99.3044 99.3534 99.3938 99.4272 9.18131 9.28131
W-2_RB3+_S12_Forward 98.7574 98.8077 98.8486 98.8819 98.909 9.14689 9.24689
W-1_RB3+_S12_Backward 98.9165 98.9721 99.0179 99.0557 99.0868 9.27672 9.37672
W-1_RB3+_S12_Forward 98.8883 98.9369 98.9762 99.008 99.0337 9.19598 9.29598
W+0_RB3+_S12_Backward 98.905 98.9748 99.0334 99.0827 99.1241 9.26666 9.36666
W+0_RB3+_S12_Forward 98.7811 98.8412 98.8909 98.932 98.9659 9.19183 9.29183
W+1_RB3+_S12_Backward 97.9673 98.0397 98.1009 98.1526 98.1962 9.34713 9.44713
W+1_RB3+_S12_Forward 98.2379 98.332 98.4145 98.4869 98.5503 9.44162 9.54162
W+2_RB3+_S12_Backward 99.1938 99.2448 99.2863 99.3201 99.3476 9.13511 9.23511
W+2_RB3+_S12_Forward 98.4169 98.4915 98.5548 98.6085 98.6541 9.20249 9.30249
W-2_RB4-_S01_Backward 95.0708 95.0708 95.0708 95.0708 95.0708 8.84807 8.94807
W-2_RB4-_S01_Forward 100.003 100.003 100.003 100.003 100.003 9.04 9.14
W-1_RB4-_S01_Backward 98.9143 98.9748 99.0248 99.0661 99.1003 9.25538 9.35538
W-1_RB4-_S01_Forward 99.2041 99.2774 99.3398 99.3928 99.4378 9.41934 9.51934
W+0_RB4-_S01_Backward 99.0231 99.087 99.1403 99.1848 99.2219 9.25089 9.35089
W+0_RB4-_S01_Forward 97.9577 98.0455 98.1219 98.1884 98.2464 9.35607 9.45607
W+1_RB4-_S01_Backward 99.6792 99.7534 99.8165 99.8702 99.9158 9.45457 9.55457
W-2_RB4-_S02_Backward 92.1448 92.1821 92.2118 92.2356 92.2545 9.36165 9.46165
W-2_RB4-_S02_Forward 97.9862 97.9862 97.9862 97.9862 97.9862 9.12036 9.22036
W-1_RB4-_S02_Backward 85.9962 86.026 86.0494 86.0677 86.0822 9.54041 9.64041
W+0_RB4-_S02_Backward 98.9961 99.087 99.166 99.2347 99.2943 9.35113 9.45113
W+0_RB4-_S02_Forward 95.0809 95.1353 95.18 95.2167 95.2469 9.24921 9.34921
W+1_RB4-_S02_Backward 98.3227 98.4303 98.526 98.6109 98.6864 9.73307 9.83307
W+1_RB4-_S02_Forward 97.1867 97.2889 97.3792 97.459 97.5295 9.61622 9.71622
W-2_RB4-_S03_Backward 99.1687 99.2168 99.2556 99.2871 99.3125 9.21937 9.31937
W-1_RB4-_S03_Backward 98.793 98.8431 98.8839 98.917 98.944 9.15156 9.25156
W-1_RB4-_S03_Forward 97.8411 97.9119 97.9719 98.0226 98.0656 9.2663 9.3663
W+0_RB4-_S03_Backward 95.0593 95.1239 95.1783 95.2241 95.2627 9.27183 9.37183
W+0_RB4-_S03_Forward 92.1472 92.2182 92.2785 92.3297 92.3731 9.30374 9.40374
W+1_RB4-_S03_Backward 99.542 99.6317 99.7092 99.7762 99.834 9.35593 9.45593
W+1_RB4-_S03_Forward 98.926 99.0154 99.0929 99.16 99.2182 9.39851 9.49851
W-2_RB4--_S04_Backward 93.8701 93.9079 93.9378 93.9614 93.9801 9.05333 9.15333
W-2_RB4--_S04_Forward 98.8715 98.9535 99.0241 99.0847 99.1367 9.21499 9.31499
W-1_RB4--_S04_Backward 96.081 96.1567 96.2212 96.2762 96.3231 9.17874 9.27874
W-1_RB4--_S04_Forward 98.347 98.4296 98.5006 98.5616 98.614 9.2213 9.3213
W+0_RB4--_S04_Backward 99.2529 99.3244 99.385 99.4362 99.4796 9.23467 9.33467
W+0_RB4--_S04_Forward 98.2069 98.2758 98.3339 98.3829 98.4241 9.2143 9.3143
W+1_RB4--_S04_Backward 94.9743 95.036 95.0877 95.131 95.1672 9.34206 9.44206
W+1_RB4--_S04_Forward 97.4197 97.5141 97.5969 97.6695 97.7332 9.50998 9.60998
W+2_RB4--_S04_Backward 96.368 96.368 96.368 96.368 96.368 9.2202 9.3202
W+2_RB4--_S04_Forward 98.4514 98.53 98.5968 98.6536 98.7019 9.21017 9.31017
W-2_RB4-_S05_Backward 97.7936 97.862 97.9193 97.9673 98.0075 9.2375 9.3375
W-2_RB4-_S05_Forward 98.8507 98.9452 99.0274 99.0989 99.1612 9.36281 9.46281
W-1_RB4-_S05_Backward 98.5877 98.6455 98.693 98.732 98.7641 9.22038 9.32038
W-1_RB4-_S05_Forward 98.753 98.8359 98.9069 98.9677 99.0199 9.27231 9.37231
W+0_RB4-_S05_Backward 95.1292 95.1996 95.2591 95.3094 95.3518 9.3025 9.4025
W+0_RB4-_S05_Forward 98.1222 98.1875 98.2418 98.287 98.3246 9.29683 9.39683
W+1_RB4-_S05_Backward 98.8914 98.9494 98.9972 99.0367 99.0693 9.26579 9.36579
W+1_RB4-_S05_Forward 96.8171 96.877 96.9268 96.9681 97.0023 9.23704 9.33704
W+2_RB4-_S05_Backward 98.6361 98.7017 98.7566 98.8027 98.8413 9.26061 9.36061
W+2_RB4-_S05_Forward 99.0522 99.1397 99.215 99.2799 99.3358 9.27593 9.37593
W-2_RB4-_S06_Backward 99.0573 99.1186 99.1697 99.2123 99.2478 9.30725 9.40725
W-2_RB4-_S06_Forward 98.3357 98.4375 98.5278 98.6078 98.6787 9.55967 9.65967
W+0_RB4-_S06_Backward 99.1908 99.2549 99.3085 99.3534 99.3911 9.2932 9.3932
W+0_RB4-_S06_Forward 97.8268 97.9014 97.9646 98.0183 98.0638 9.27927 9.37927
W+1_RB4-_S06_Backward 98.2294 98.3096 98.3782 98.437 98.4873 9.41282 9.51282
W+1_RB4-_S06_Forward 99.5954 99.6963 99.7853 99.8639 99.9332 9.43812 9.53812
W+2_RB4-_S06_Backward 97.8488 97.902 97.9455 97.9812 98.0104 9.2458 9.3458
W+2_RB4-_S06_Forward 99.3672 99.4802 99.5814 99.6722 99.7535 9.43566 9.53566
W-2_RB4-_S07_Backward 98.0345 98.0712 98.1003 98.1233 98.1415 9.2995 9.3995
W-1_RB4-_S07_Backward 98.4152 98.5003 98.5738 98.6375 98.6925 9.2992 9.3992
W-1_RB4-_S07_Forward 99.1092 99.1742 99.2284 99.2737 99.3115 9.28036 9.38036
W+0_RB4-_S07_Backward 97.831 97.9142 97.9862 98.0484 98.1021 9.45887 9.55887
W+0_RB4-_S07_Forward 73.2567 73.2992 73.3343 73.3634 73.3875 9.33799 9.43799
W+1_RB4-_S07_Backward 98.6925 98.7626 98.8218 98.8717 98.9138 9.30407 9.40407
W+1_RB4-_S07_Forward 99.0966 99.202 99.2952 99.3778 99.451 9.32949 9.42949
W-2_RB4-_S08_Backward 99.3268 99.4387 99.5386 99.6278 99.7074 9.53406 9.63406
W-2_RB4-_S08_Forward 99.7157 99.8224 99.917 100.001 100.075 9.48099 9.58099
W-1_RB4-_S08_Backward 98.3029 98.3678 98.4222 98.4677 98.5059 9.30533 9.40533
W-1_RB4-_S08_Forward 99.1684 99.255 99.3295 99.3936 99.4488 9.37951 9.47951
W+0_RB4-_S08_Backward 99.6284 99.7268 99.813 99.8885 99.9545 9.4359 9.5359
W+0_RB4-_S08_Forward 95.6206 95.7205 95.8086 95.8865 95.9553 9.44973 9.54973
W+1_RB4-_S08_Backward 99.1392 99.2128 99.2753 99.3282 99.373 9.31871 9.41871
W+1_RB4-_S08_Forward 97.7725 97.8694 97.9543 98.0287 98.0938 9.37343 9.47343
W+2_RB4-_S08_Backward 97.8457 97.9328 98.0085 98.0743 98.1313 9.26193 9.36193
W+2_RB4-_S08_Forward 101.37 101.472 101.562 101.642 101.712 9.44626 9.54626
W-2_RB4_S09_Backward 97.958 98.0257 98.0825 98.1303 98.1703 9.29096 9.39096
W-2_RB4_S09_Forward 99.4834 99.5724 99.6495 99.7162 99.774 9.46187 9.56187
W-1_RB4_S09_Backward 96.328 96.4158 96.4922 96.5585 96.616 9.51059 9.61059
W-1_RB4_S09_Forward 101.015 101.126 101.225 101.314 101.393 9.63754 9.73754
W+0_RB4_S09_Backward 96.1837 96.2718 96.3484 96.4149 96.4727 9.41071 9.51071
W+0_RB4_S09_Forward 98.9595 99.05 99.1285 99.1968 99.2561 9.37305 9.47305
W+1_RB4_S09_Backward 98.8702 98.9648 99.0476 99.1199 99.1832 9.42133 9.52133
W+1_RB4_S09_Forward 98.9632 99.0417 99.1084 99.1651 99.2133 9.31549 9.41549
W+2_RB4_S09_Backward 97.3884 97.4349 97.4723 97.5024 97.5266 9.23784 9.33784
W+2_RB4_S09_Forward 99.2491 99.3404 99.4195 99.4881 99.5476 9.39013 9.49013
W-2_RB4-_S10_Backward 98.6638 98.722 98.7701 98.81 98.8431 9.35816 9.45816
W-2_RB4-_S10_Forward 98.9026 98.994 99.0735 99.1429 99.2033 9.39605 9.49605
W-1_RB4-_S10_Backward 89.5876 89.6488 89.6999 89.7427 89.7784 9.34606 9.44606
W-1_RB4-_S10_Forward 99.5165 99.6249 99.7216 99.8078 99.8846 9.50449 9.60449
W+0_RB4-_S10_Backward 98.8492 98.9128 98.9657 99.0097 99.0463 9.29844 9.39844
W+0_RB4-_S10_Forward 98.6388 98.7229 98.7957 98.8587 98.9131 9.39633 9.49633
W+1_RB4-_S10_Backward 97.8816 97.9562 98.0196 98.0736 98.1196 9.40063 9.50063
W+1_RB4-_S10_Forward 97.6803 97.7768 97.8614 97.9357 98.0009 9.50246 9.60246
W+2_RB4-_S10_Backward 96.2268 96.3022 96.3662 96.4206 96.4667 9.33257 9.43257
W+2_RB4-_S10_Forward 99.1332 99.2226 99.3003 99.3678 99.4264 9.39246 9.49246
W-2_RB4_S11_Backward 98.2941 98.3321 98.3621 98.3857 98.4043 9.20824 9.30824
W-2_RB4_S11_Forward 98.4485 98.5402 98.6201 98.6898 98.7505 9.44524 9.54524
W-1_RB4_S11_Backward 98.9671 99.0431 99.1079 99.1633 99.2106 9.3703 9.4703
W-1_RB4_S11_Forward 95.0037 95.0879 95.1607 95.2237 95.2783 9.39038 9.49038
W+0_RB4_S11_Backward 93.894 93.9672 94.0297 94.0829 94.1282 9.39474 9.49474
W+0_RB4_S11_Forward 99.4244 99.5213 99.6061 99.6803 99.7452 9.48605 9.58605
W+1_RB4_S11_Backward 99.1745 99.2527 99.3192 99.3757 99.4237 9.3331 9.4331
W+1_RB4_S11_Forward 98.8936 98.967 99.0292 99.0819 99.1266 9.29318 9.39318
W+2_RB4_S11_Backward 99.2458 99.3197 99.3821 99.4348 99.4793 9.28005 9.38005
W+2_RB4_S11_Forward 98.8565 98.9404 99.0127 99.0751 99.1288 9.38254 9.48254
W-2_RB4-_S12_Backward 97.1812 97.2155 97.2424 97.2633 97.2797 9.30308 9.40308
W-2_RB4-_S12_Forward 98.5594 98.6165 98.6637 98.7027 98.7351 9.291 9.391
W-1_RB4-_S12_Backward 90.5992 90.6359 90.6653 90.6888 90.7075 9.09265 9.19265
W-1_RB4-_S12_Forward 94.117 94.1519 94.1794 94.201 94.2181 9.1202 9.2202
W+0_RB4-_S12_Backward 97.606 97.6914 97.7649 97.8281 97.8825 9.50422 9.60422
W+0_RB4-_S12_Forward 93.7996 93.8799 93.9487 94.0078 94.0584 9.50445 9.60445
W+1_RB4-_S12_Backward 97.9842 98.0654 98.1348 98.194 98.2446 9.33608 9.43608
W+1_RB4-_S12_Forward 97.6531 97.7206 97.7773 97.8249 97.8649 9.2468 9.3468
W+2_RB4-_S12_Backward 97.9284 98.0061 98.0722 98.1283 98.176 9.30529 9.40529
W+2_RB4-_S12_Forward 99.0907 99.1565 99.2114 99.2573 99.2956 9.26991 9.36991
W-1_RB4+_S01_Backward 98.4568 98.5162 98.5652 98.6057 98.6391 9.22651 9.32651
W-1_RB4+_S01_Forward 98.246 98.3222 98.3871 98.4424 98.4896 9.25207 9.35207
W+0_RB4+_S01_Backward 98.5827 98.6121 98.635 98.6528 98.6665 9.13986 9.23986
W+0_RB4+_S01_Forward 98.2797 98.3539 98.4167 98.4698 98.5147 9.27957 9.37957
W+1_RB4+_S01_Backward 96.4581 96.5313 96.5934 96.6461 96.6908 9.47473 9.57473
W+1_RB4+_S01_Forward 92.5314 92.618 92.6932 92.7583 92.8149 9.49892 9.59892
W-2_RB4+_S02_Backward 98.2511 98.3294 98.396 98.4526 98.5007 9.34437 9.44437
W-2_RB4+_S02_Forward 103.329 103.434 103.526 103.608 103.68 9.43112 9.53112
W-1_RB4+_S02_Backward 99.0047 99.071 99.1265 99.1729 99.2116 9.29137 9.39137
W-1_RB4+_S02_Forward 98.8625 98.9248 98.9766 99.0196 99.0553 9.20182 9.30182
W+0_RB4+_S02_Backward 98.0499 98.1134 98.1666 98.2111 98.2484 9.29209 9.39209
W+0_RB4+_S02_Forward 97.0653 97.139 97.2013 97.2541 97.2987 9.28696 9.38696
W+1_RB4+_S02_Backward 98.68 98.775 98.8586 98.932 98.9965 9.45964 9.55964
W+1_RB4+_S02_Forward 98.5066 98.5726 98.6276 98.6734 98.7116 9.29793 9.39793
W+2_RB4+_S02_Backward 100.011 100.125 100.228 100.32 100.403 9.61522 9.71522
W+2_RB4+_S02_Forward 98.4518 98.5533 98.6426 98.7214 98.7907 9.52488 9.62488
W-2_RB4+_S03_Backward 97.7293 97.7792 97.8199 97.8532 97.8804 9.21544 9.31544
W-2_RB4+_S03_Forward 98.577 98.6598 98.7311 98.7923 98.8449 9.30679 9.40679
W-1_RB4+_S03_Backward 98.8037 98.8648 98.9158 98.9582 98.9936 9.17298 9.27298
W-1_RB4+_S03_Forward 98.5698 98.6536 98.7255 98.7871 98.8399 9.23464 9.33464
W+0_RB4+_S03_Backward 98.705 98.7665 98.8178 98.8605 98.8961 9.26586 9.36586
W+0_RB4+_S03_Forward 99.0142 99.0951 99.1646 99.2243 99.2755 9.34368 9.44368
W+1_RB4+_S03_Backward 97.6278 97.7036 97.7682 97.8231 97.87 9.2768 9.3768
W+1_RB4+_S03_Forward 98.3932 98.46 98.5164 98.5638 98.6037 9.31179 9.41179
W+2_RB4+_S03_Backward 97.6089 97.7053 97.7901 97.8647 97.9303 9.36529 9.46529
W+2_RB4+_S03_Forward 98.1217 98.2238 98.3143 98.3943 98.4651 9.32374 9.42374
W-2_RB4-_S04_Backward 98.6842 98.7434 98.7925 98.8332 98.8669 9.15877 9.25877
W-2_RB4-_S04_Forward 98.1574 98.2576 98.346 98.4237 98.4922 9.38353 9.48353
W-1_RB4-_S04_Backward 99.0596 99.1136 99.158 99.1946 99.2246 9.14501 9.24501
W-1_RB4-_S04_Forward 97.5266 97.5855 97.6342 97.6744 97.7076 9.14088 9.24088
W+0_RB4-_S04_Backward 98.0007 98.0882 98.1638 98.2291 98.2854 9.32293 9.42293
W+0_RB4-_S04_Forward 98.5029 98.564 98.6149 98.6573 98.6926 9.23105 9.33105
W+2_RB4-_S04_Backward 98.1601 98.2349 98.2983 98.3521 98.3978 9.25014 9.35014
W+2_RB4-_S04_Forward 98.8296 98.9273 99.0135 99.0894 99.1563 9.40621 9.50621
W-1_RB4+_S05_Backward 98.0312 98.0972 98.1523 98.1983 98.2368 9.20851 9.30851
W-1_RB4+_S05_Forward 98.1433 98.2213 98.288 98.3451 98.3938 9.27785 9.37785
W+0_RB4+_S05_Backward 98.6899 98.7781 98.8543 98.9201 98.977 9.34178 9.44178
W+0_RB4+_S05_Forward 98.2843 98.3493 98.4036 98.4489 98.4868 9.31753 9.41753
W+1_RB4+_S05_Backward 98.8056 98.8498 98.8852 98.9136 98.9364 9.27534 9.37534
W+1_RB4+_S05_Forward 98.7815 98.8661 98.9393 99.0025 99.0572 9.32316 9.42316
W+2_RB4+_S05_Backward 98.6089 98.6933 98.7658 98.8282 98.8819 9.24144 9.34144
W+2_RB4+_S05_Forward 98.4278 98.5167 98.594 98.6611 98.7193 9.32546 9.42546
W-1_RB4+_S06_Backward 98.679 98.7167 98.7467 98.7704 98.7892 9.24636 9.34636
W-1_RB4+_S06_Forward 98.8182 98.9093 98.9888 99.0583 99.119 9.39105 9.49105
W+0_RB4+_S06_Backward 98.2839 98.3466 98.3989 98.4426 98.4789 9.26385 9.36385
W+0_RB4+_S06_Forward 98.5768 98.6638 98.7392 98.8048 98.8616 9.39392 9.49392
W+1_RB4+_S06_Backward 98.9328 99.0254 99.1058 99.1754 99.2359 9.45228 9.55228
W+1_RB4+_S06_Forward 101.369 101.477 101.574 101.661 101.738 9.61547 9.71547
W-2_RB4+_S07_Backward 96.1982 96.2076 96.2142 96.2188 96.222 9.10359 9.20359
W-2_RB4+_S07_Forward 98.6282 98.6531 98.672 98.6862 98.697 9.21078 9.31078
W-1_RB4+_S07_Backward 97.8275 97.9033 97.9676 98.0222 98.0686 9.21978 9.31978
W-1_RB4+_S07_Forward 98.7243 98.7859 98.8373 98.8801 98.9158 9.1792 9.2792
W+0_RB4+_S07_Backward 96.9563 97.0107 97.0553 97.0919 97.1219 9.13107 9.23107
W+0_RB4+_S07_Forward 98.376 98.4159 98.4477 98.4732 98.4935 9.13624 9.23624
W+1_RB4+_S07_Backward 99.5354 99.5922 99.6391 99.6777 99.7095 9.22411 9.32411
W+1_RB4+_S07_Forward 98.894 98.97 99.0343 99.0887 99.1348 9.15704 9.25704
W+2_RB4+_S07_Backward 95.971 96.0544 96.1262 96.1879 96.241 9.37392 9.47392
W+2_RB4+_S07_Forward 100.001 100.001 100.001 100.001 100.001 9.27207 9.37207
W-2_RB4+_S08_Backward 92.0317 92.1024 92.1623 92.2132 92.2564 9.29152 9.39152
W-2_RB4+_S08_Forward 94.3846 94.4664 94.5369 94.5977 94.6502 9.34873 9.44873
W-1_RB4+_S08_Backward 97.1555 97.1983 97.2325 97.2597 97.2814 9.08289 9.18289
W-1_RB4+_S08_Forward 97.4812 97.5529 97.6134 97.6642 97.7071 9.18554 9.28554
W+0_RB4+_S08_Backward 98.7032 98.7678 98.8219 98.8673 98.9053 9.34956 9.44956
W+0_RB4+_S08_Forward 98.707 98.7523 98.7886 98.8178 98.8412 9.27397 9.37397
W+1_RB4+_S08_Backward 97.7878 97.8385 97.8798 97.9134 97.9408 9.29426 9.39426
W+1_RB4+_S08_Forward 98.681 98.7538 98.8154 98.8674 98.9114 9.35284 9.45284
W+2_RB4+_S08_Backward 87.5432 87.5836 87.6162 87.6425 87.6637 9.15509 9.25509
W+2_RB4+_S08_Forward 80.1225 80.167 80.2037 80.2339 80.2587 9.13685 9.23685
W-2_RB4+_S10_Backward 95.1262 95.1917 95.2467 95.2928 95.3316 9.37656 9.47656
W-2_RB4+_S10_Forward 99.7078 99.8173 99.9148 100.002 100.079 9.49094 9.59094
W-1_RB4+_S10_Backward 97.2633 97.338 97.4019 97.4564 97.5029 9.44623 9.54623
W-1_RB4+_S10_Forward 100.61 100.739 100.86 100.972 101.078 9.88559 9.98559
W+0_RB4+_S10_Backward 99.0584 99.1358 99.2016 99.2578 99.3056 9.308 9.408
W+0_RB4+_S10_Forward 68.2825 68.3493 68.4077 68.4589 68.5037 9.4244 9.5244
W+1_RB4+_S10_Backward 98.5179 98.5729 98.618 98.6549 98.6853 9.23444 9.33444
W+1_RB4+_S10_Forward 98.4181 98.4981 98.5668 98.6257 98.6763 9.31521 9.41521
W+2_RB4+_S10_Backward 99.1178 99.1879 99.2471 99.2969 99.3389 9.3652 9.4652
W+2_RB4+_S10_Forward 98.725 98.8191 98.9013 98.9729 99.0354 9.44232 9.54232
W-2_RB4+_S12_Backward 97.4192 97.4722 97.5158 97.5517 97.5812 9.31486 9.41486
W-2_RB4+_S12_Forward 99.4917 99.5883 99.6733 99.748 99.8136 9.38454 9.48454
W-1_RB4+_S12_Backward 98.6819 98.7509 98.8092 98.8583 98.8996 9.27036 9.37036
W-1_RB4+_S12_Forward 98.4719 98.5389 98.5949 98.6417 98.6809 9.18921 9.28921
W+0_RB4+_S12_Backward 99.0433 99.1137 99.173 99.2228 99.2646 9.28395 9.38395
W+0_RB4+_S12_Forward 98.8263 98.9063 98.975 99.034 99.0846 9.32311 9.42311
W+1_RB4+_S12_Backward 97.9308 98.0043 98.0666 98.1195 98.1643 9.41936 9.51936
W+1_RB4+_S12_Forward 99.5676 99.6689 99.758 99.8362 99.9049 9.46445 9.56445
W+2_RB4+_S12_Backward 97.975 98.0562 98.1258 98.1853 98.2364 9.29998 9.39998
W+2_RB4+_S12_Forward 99.7723 99.8513 99.919 99.9768 100.026 9.31119 9.41119
W-2_RB4+_S04_Backward 98.0924 98.1487 98.1949 98.2329 98.2641 9.19288 9.29288
W-2_RB4+_S04_Forward 98.6971 98.7844 98.8596 98.9244 98.9802 9.27025 9.37025
W-1_RB4+_S04_Backward 98.4184 98.4709 98.5137 98.5486 98.5771 9.13032 9.23032
W-1_RB4+_S04_Forward 98.75 98.8007 98.8421 98.876 98.9036 9.18218 9.28218
W+0_RB4+_S04_Backward 97.9629 98.0223 98.0715 98.1123 98.1462 9.21587 9.31587
W+0_RB4+_S04_Forward 99.0322 99.1261 99.208 99.2794 99.3417 9.38888 9.48888
W+1_RB4+_S04_Backward 98.4594 98.5312 98.5919 98.6432 98.6864 9.24582 9.34582
W+1_RB4+_S04_Forward 97.4908 97.5797 97.6569 97.7237 97.7816 9.52844 9.62844
W+2_RB4+_S04_Backward 99.2445 99.3205 99.385 99.4397 99.4862 9.20123 9.30123
W+2_RB4+_S04_Forward 98.1841 98.2717 98.3476 98.4136 98.4709 9.37987 9.47987
W-2_RB4++_S04_Backward 98.4413 98.5364 98.6199 98.693 98.7572 9.30428 9.40428
W-2_RB4++_S04_Forward 90.3168 90.3795 90.4319 90.4758 90.5125 9.21044 9.31044
W-1_RB4++_S04_Backward 99.2251 99.2661 99.2989 99.3251 99.346 9.11794 9.21794
W-1_RB4++_S04_Forward 98.6916 98.7655 98.8281 98.8812 98.9263 9.25172 9.35172
W+0_RB4++_S04_Backward 99.207 99.2564 99.2966 99.3292 99.3558 9.19673 9.29673
W+0_RB4++_S04_Forward 99.079 99.174 99.2568 99.3291 99.3922 9.31048 9.41048
W+2_RB4++_S04_Backward 94.6525 94.6988 94.7364 94.7669 94.7917 9.20474 9.30474
W+2_RB4++_S04_Forward 98.3162 98.4035 98.4794 98.5452 98.6024 9.30461 9.40461
