W-2_RB1in_S01_Backward 95.4997 95.8767 96.1852 96.4372 96.643 9.08633 9.18633
W-2_RB1in_S01_Forward 97.3191 97.6921 98.0066 98.2715 98.4945 9.09927 9.19927
W-1_RB1in_S01_Backward 96.9228 97.3053 97.6248 97.8912 98.1133 9.24572 9.34572
W-1_RB1in_S01_Forward 96.5796 96.9622 97.2923 97.5768 97.8217 9.26769 9.36769
W+0_RB1in_S01_Backward 96.2831 96.6503 96.9598 97.2204 97.4396 9.1978 9.2978
W+0_RB1in_S01_Forward 95.6237 96.0043 96.3261 96.5979 96.8272 9.18499 9.28499
W+1_RB1in_S01_Backward 93.1739 93.5218 93.827 94.0945 94.3289 9.55642 9.65642
W+2_RB1in_S01_Backward 94.5911 94.9824 95.3082 95.5792 95.8044 9.09919 9.19919
W+2_RB1in_S01_Forward 97.5507 97.9378 98.2569 98.5197 98.7358 9.08458 9.18458
W-2_RB1in_S02_Backward 95.3332 95.725 96.0465 96.3102 96.526 9.19791 9.29791
W-2_RB1in_S02_Forward 97.3867 97.7724 98.0903 98.352 98.5672 9.15851 9.25851
W-1_RB1in_S02_Backward 93.373 93.7291 94.0258 94.2726 94.4777 9.10421 9.20421
W-1_RB1in_S02_Forward 96.3907 96.7857 97.1165 97.3931 97.6243 9.11914 9.21914
W+0_RB1in_S02_Backward 95.2755 95.6334 95.9439 96.2128 96.4457 9.50575 9.60575
W+0_RB1in_S02_Forward 93.9786 94.3338 94.6392 94.9016 95.1268 9.25401 9.35401
W+1_RB1in_S02_Backward 95.5518 95.918 96.2346 96.5081 96.7442 9.34717 9.44717
W+1_RB1in_S02_Forward 94.8928 95.2401 95.5444 95.8108 96.0438 9.32068 9.42068
W+2_RB1in_S02_Backward 95.4703 95.8585 96.1769 96.4377 96.6511 9.07662 9.17662
W+2_RB1in_S02_Forward 96.3678 96.7699 97.1028 97.3779 97.6051 9.06875 9.16875
W-2_RB1in_S03_Backward 95.293 95.665 95.9734 96.2288 96.44 9.21265 9.31265
W-2_RB1in_S03_Forward 96.682 97.0704 97.4026 97.6864 97.9285 9.2268 9.3268
W-1_RB1in_S03_Backward 94.4198 94.7595 95.0579 95.3198 95.5496 9.34979 9.44979
W-1_RB1in_S03_Forward 96.4926 96.8909 97.2224 97.4981 97.7271 9.14661 9.24661
W+0_RB1in_S03_Backward 95.7448 96.1235 96.4454 96.7187 96.9504 9.21447 9.31447
W+0_RB1in_S03_Forward 94.7358 95.108 95.4258 95.6969 95.9279 9.22464 9.32464
W+1_RB1in_S03_Backward 92.6862 93.0439 93.3506 93.6131 93.8376 9.3484 9.4484
W+1_RB1in_S03_Forward 95.2909 95.6583 95.976 96.2506 96.4877 9.27812 9.37812
W+2_RB1in_S03_Backward 94.1925 94.5603 94.8587 95.1005 95.2961 9.07048 9.17048
W+2_RB1in_S03_Forward 96.9612 96.9612 96.9612 96.9612 96.9612 9.05754 9.15754
W-2_RB1in_S04_Backward 83.2421 83.5788 83.8637 84.1047 84.3082 9.21271 9.31271
W-2_RB1in_S04_Forward 97.461 97.8316 98.144 98.4069 98.628 9.1509 9.2509
W-1_RB1in_S04_Backward 96.4156 96.8078 97.14 97.421 97.6584 9.21018 9.31018
W-1_RB1in_S04_Forward 96.0972 96.4465 96.7513 97.017 97.2485 9.2347 9.3347
W+1_RB1in_S04_Backward 96.4352 96.7817 97.0851 97.3503 97.5821 9.38913 9.48913
W+1_RB1in_S04_Forward 96.8801 97.2429 97.5532 97.8183 98.0446 9.23466 9.33466
W+2_RB1in_S04_Backward 95.7096 96.1065 96.4276 96.6869 96.896 9.00644 9.10644
W+2_RB1in_S04_Forward 97.5444 97.9256 98.2372 98.4916 98.6991 8.95153 9.05153
W-2_RB1in_S05_Backward 95.4173 95.7821 96.0914 96.3533 96.5749 9.24482 9.34482
W-2_RB1in_S05_Forward 97.2268 97.6232 97.9506 98.2208 98.4436 9.108 9.208
W-1_RB1in_S05_Backward 95.9817 96.383 96.7128 96.9835 97.2055 9.19669 9.29669
W+0_RB1in_S05_Backward 96.1915 96.5597 96.8736 97.1408 97.3681 9.12977 9.22977
W+0_RB1in_S05_Forward 96.3803 96.7663 97.0929 97.3689 97.6018 9.09439 9.19439
W+1_RB1in_S05_Backward 96.0234 96.3832 96.6924 96.9578 97.1855 9.38438 9.48438
W+1_RB1in_S05_Forward 96.5263 96.8881 97.2067 97.4871 97.7336 9.4201 9.5201
W+2_RB1in_S05_Backward 95.5237 95.8874 96.1819 96.4201 96.6124 9.08679 9.18679
W+2_RB1in_S05_Forward 96.205 96.6054 96.939 97.2165 97.4472 9.07858 9.17858
W-2_RB1in_S06_Backward 95.6266 95.9958 96.2972 96.5431 96.7435 9.19009 9.29009
W-2_RB1in_S06_Forward 97.6475 98.0025 98.3134 98.5855 98.8234 9.33123 9.43123
W-1_RB1in_S06_Backward 96.4282 96.8099 97.1376 97.4186 97.6594 9.26374 9.36374
W-1_RB1in_S06_Forward 96.7431 97.1273 97.4556 97.7358 97.9748 9.227 9.327
W+0_RB1in_S06_Backward 95.6424 96.0077 96.3139 96.5702 96.7846 9.22153 9.32153
W+0_RB1in_S06_Forward 94.8379 95.2043 95.524 95.8026 96.0453 9.30565 9.40565
W+1_RB1in_S06_Backward 95.1521 95.5326 95.8595 96.14 96.3806 9.32078 9.42078
W+1_RB1in_S06_Forward 95.0585 95.434 95.7548 96.0286 96.2619 9.23517 9.33517
W+2_RB1in_S06_Backward 95.1019 95.4638 95.7688 96.0257 96.2417 9.26814 9.36814
W+2_RB1in_S06_Forward 96.3308 96.7038 97.0265 97.3054 97.5463 9.3429 9.4429
W-2_RB1in_S07_Backward 95.8048 96.1702 96.4799 96.7422 96.964 9.2613 9.3613
W-2_RB1in_S07_Forward 97.6653 98.0374 98.351 98.615 98.8371 9.21908 9.31908
W-1_RB1in_S07_Backward 96.4707 96.8665 97.2 97.4807 97.7167 9.19269 9.29269
W-1_RB1in_S07_Forward 97.0476 97.4446 97.7771 98.0551 98.2874 9.19613 9.29613
W+1_RB1in_S07_Backward 96.374 96.7693 97.0983 97.3717 97.5987 9.10003 9.20003
W+1_RB1in_S07_Forward 96.6754 97.0506 97.369 97.639 97.8676 9.10643 9.20643
W+2_RB1in_S07_Backward 95.0738 95.4429 95.7488 96.0019 96.2113 9.16173 9.26173
W+2_RB1in_S07_Forward 96.6439 97.0272 97.3512 97.6248 97.8556 9.12711 9.22711
W-1_RB1in_S08_Backward 91.3505 91.7147 92.0275 92.296 92.5261 9.32128 9.42128
W-1_RB1in_S08_Forward 93.0116 93.3845 93.7033 93.9756 94.208 9.2375 9.3375
W+0_RB1in_S08_Backward 95.9473 96.3282 96.6521 96.9271 97.1603 9.22983 9.32983
W+0_RB1in_S08_Forward 94.9391 95.3101 95.6178 95.8725 96.0833 9.13222 9.23222
W+1_RB1in_S08_Backward 94.015 94.3718 94.6802 94.9464 95.176 9.29348 9.39348
W+1_RB1in_S08_Forward 92.7584 93.086 93.3782 93.6387 93.8707 9.49747 9.59747
W+2_RB1in_S08_Backward 93.397 93.7844 94.1092 94.3811 94.6084 9.15123 9.25123
W+2_RB1in_S08_Forward 96.7657 97.1275 97.4384 97.7052 97.9341 9.15469 9.25469
W-2_RB1in_S09_Backward 94.9045 95.2728 95.5819 95.8409 96.0578 9.24571 9.34571
W-2_RB1in_S09_Forward 96.9507 97.3382 97.6678 97.9477 98.1854 9.21007 9.31007
W-1_RB1in_S09_Backward 95.5607 95.9397 96.2544 96.5152 96.7312 9.23095 9.33095
W-1_RB1in_S09_Forward 96.6585 97.0258 97.3446 97.621 97.8605 9.2939 9.3939
W+0_RB1in_S09_Backward 95.1969 95.5811 95.908 96.1859 96.4219 9.20501 9.30501
W+0_RB1in_S09_Forward 94.4509 94.8145 95.1245 95.3886 95.6133 9.28241 9.38241
W+1_RB1in_S09_Backward 94.5615 94.94 95.262 95.5355 95.7677 9.15592 9.25592
W+1_RB1in_S09_Forward 96.1811 96.5323 96.8376 97.1028 97.3329 9.17594 9.27594
W+2_RB1in_S09_Backward 93.4853 93.8023 94.086 94.3398 94.5668 9.52222 9.62222
W+2_RB1in_S09_Forward 95.6944 96.0569 96.3727 96.6477 96.8869 9.2197 9.3197
W-2_RB1in_S10_Backward 95.7021 96.0928 96.4218 96.6986 96.9312 9.21844 9.31844
W-2_RB1in_S10_Forward 95.2146 95.5907 95.9103 96.1815 96.4116 9.21166 9.31166
W-1_RB1in_S10_Backward 94.8805 95.2635 95.5839 95.8516 96.075 9.25974 9.35974
W-1_RB1in_S10_Forward 96.6084 96.98 97.3014 97.5791 97.8188 9.28627 9.38627
W+0_RB1in_S10_Backward 96.2834 96.6574 96.9749 97.244 97.472 9.26628 9.36628
W+0_RB1in_S10_Forward 95.774 96.1357 96.4466 96.7138 96.9431 9.32383 9.42383
W+1_RB1in_S10_Backward 95.1159 95.5087 95.8236 96.0756 96.2771 9.10731 9.20731
W+1_RB1in_S10_Forward 96.9186 97.2881 97.5824 97.8163 98.0021 9.11049 9.21049
W+2_RB1in_S10_Backward 94.602 94.9771 95.2942 95.562 95.7879 9.19459 9.29459
W+2_RB1in_S10_Forward 96.7323 97.1073 97.4271 97.6996 97.9316 9.14467 9.24467
W-2_RB1in_S11_Backward 86.3168 86.649 86.9351 87.1811 87.3926 9.25465 9.35465
W-2_RB1in_S11_Forward 97.3688 97.7479 98.0621 98.3222 98.5373 9.09313 9.19313
W-1_RB1in_S11_Backward 95.755 96.1459 96.477 96.7571 96.9939 9.17008 9.27008
W-1_RB1in_S11_Forward 96.738 97.135 97.4696 97.7511 97.9878 9.15932 9.25932
W+0_RB1in_S11_Backward 95.1034 95.4745 95.7944 96.0697 96.3065 9.26523 9.36523
W+0_RB1in_S11_Forward 93.0769 93.419 93.7178 93.9784 94.2056 9.33015 9.43015
W+1_RB1in_S11_Backward 95.1856 95.5656 95.8889 96.1634 96.3964 9.23617 9.33617
W+1_RB1in_S11_Forward 95.131 95.4974 95.8113 96.08 96.3099 9.20512 9.30512
W+2_RB1in_S11_Backward 93.4149 93.7489 94.0422 94.2996 94.5253 9.32661 9.42661
W+2_RB1in_S11_Forward 96.593 96.9779 97.3069 97.5878 97.8274 9.12399 9.22399
W-2_RB1in_S12_Backward 95.4781 95.8635 96.1915 96.4704 96.7072 9.21489 9.31489
W-2_RB1in_S12_Forward 96.7628 97.144 97.4695 97.7472 97.9839 9.19231 9.29231
W-1_RB1in_S12_Backward 95.6665 96.0288 96.3357 96.5955 96.8151 9.27118 9.37118
W-1_RB1in_S12_Forward 96.6513 97.0391 97.3653 97.6393 97.8694 9.18084 9.28084
W+0_RB1in_S12_Backward 96.3922 96.7487 97.0562 97.3211 97.5493 9.33144 9.43144
W+0_RB1in_S12_Forward 95.6332 95.9922 96.3035 96.5732 96.8067 9.34864 9.44864
W+1_RB1in_S12_Backward 83.93 84.2564 84.5318 84.7641 84.9597 9.25497 9.35497
W+1_RB1in_S12_Forward 95.411 95.7748 96.0863 96.3528 96.5806 9.22188 9.32188
W+2_RB1in_S12_Backward 89.0106 89.3526 89.6484 89.9039 90.1245 9.2915 9.3915
W+2_RB1in_S12_Forward 96.6583 97.0247 97.3452 97.6254 97.8701 9.32697 9.42697
W-2_RB1out_S01_Backward 96.2086 96.6048 96.93 97.1967 97.4151 9.09055 9.19055
W-2_RB1out_S01_Forward 96.9116 97.3064 97.6349 97.9077 98.1341 9.07167 9.17167
W-1_RB1out_S01_Backward 97.1424 97.5336 97.8647 98.1445 98.3808 9.287 9.387
W-1_RB1out_S01_Forward 97.1931 97.5636 97.8808 98.1522 98.3841 9.27209 9.37209
W+0_RB1out_S01_Backward 97.2323 97.6051 97.9176 98.1792 98.3982 9.21667 9.31667
W+0_RB1out_S01_Forward 96.6877 97.0761 97.4065 97.6873 97.9256 9.23767 9.33767
W+1_RB1out_S01_Backward 87.1343 87.4771 87.7713 88.0235 88.2395 9.3657 9.4657
W+1_RB1out_S01_Forward 96.7762 97.1798 97.516 97.7958 98.0284 9.28783 9.38783
W+2_RB1out_S01_Backward 95.5955 95.9797 96.3066 96.5843 96.8202 9.26537 9.36537
W+2_RB1out_S01_Forward 95.217 95.5679 95.8744 96.1418 96.375 9.3892 9.4892
W-2_RB1out_S02_Backward 96.284 96.665 96.9905 97.2683 97.5051 9.24533 9.34533
W-2_RB1out_S02_Forward 97.0027 97.3792 97.6987 97.9696 98.199 9.19698 9.29698
W-1_RB1out_S02_Backward 96.7579 97.1384 97.4632 97.7403 97.9765 9.17323 9.27323
W-1_RB1out_S02_Forward 96.11 96.4449 96.7442 97.0116 97.2504 9.39849 9.49849
W+0_RB1out_S02_Backward 97.0892 97.4466 97.7588 98.0311 98.2685 9.38389 9.48389
W+0_RB1out_S02_Forward 96.3551 96.7137 97.0304 97.31 97.5566 9.31565 9.41565
W+1_RB1out_S02_Backward 105.195 105.51 105.8 106.065 106.309 9.9458 10.0458
W+1_RB1out_S02_Forward 96.4288 96.753 97.043 97.3023 97.534 9.59898 9.69898
W+2_RB1out_S02_Backward 96.0261 96.3975 96.7159 96.9886 97.2219 9.21854 9.31854
W+2_RB1out_S02_Forward 96.789 97.1782 97.5111 97.7954 98.0382 9.18272 9.28272
W-2_RB1out_S03_Backward 96.5366 96.9097 97.2208 97.4799 97.6954 9.17733 9.27733
W-2_RB1out_S03_Forward 97.1571 97.556 97.888 98.1639 98.393 9.12735 9.22735
W-1_RB1out_S03_Backward 96.2071 96.5899 96.9117 97.1819 97.4086 9.18911 9.28911
W-1_RB1out_S03_Forward 95.9198 96.289 96.6068 96.8801 97.115 9.16583 9.26583
W+0_RB1out_S03_Backward 96.8819 97.2548 97.5728 97.8436 98.0741 9.27305 9.37305
W+0_RB1out_S03_Forward 96.8045 97.164 97.4742 97.7415 97.9718 9.29878 9.39878
W+1_RB1out_S03_Backward 96.8164 97.1745 97.4834 97.7496 97.9787 9.32814 9.42814
W+1_RB1out_S03_Forward 96.2652 96.6321 96.9507 97.227 97.4664 9.24833 9.34833
W+2_RB1out_S03_Backward 96.1969 96.5831 96.8972 97.1522 97.359 9.02196 9.12196
W+2_RB1out_S03_Forward 98.6571 98.6571 98.6571 98.6571 98.6571 9.05901 9.15901
W-2_RB1out_S04_Backward 96.3324 96.7279 97.0612 97.3416 97.5774 9.20182 9.30182
W-2_RB1out_S04_Forward 96.9306 97.3093 97.6324 97.9079 98.1426 9.15618 9.25618
W-1_RB1out_S04_Forward 93.214 93.5655 93.8704 94.1347 94.3635 9.50065 9.60065
W+1_RB1out_S04_Backward 96.0594 96.4428 96.7652 97.0359 97.2631 9.33311 9.43311
W+1_RB1out_S04_Forward 96.7953 97.1618 97.4811 97.759 98.0008 9.34775 9.44775
W-2_RB1out_S05_Backward 96.3385 96.7312 97.0619 97.3401 97.5739 9.20432 9.30432
W-2_RB1out_S05_Forward 96.6157 97.0072 97.3386 97.6188 97.8556 9.20237 9.30237
W-1_RB1out_S05_Backward 97.1039 97.4809 97.799 98.0672 98.2931 9.16892 9.26892
W+1_RB1out_S05_Backward 96.8711 97.2476 97.572 97.8511 98.0912 9.38076 9.48076
W+2_RB1out_S05_Backward 95.7407 96.1128 96.4304 96.7011 96.9315 9.12346 9.22346
W+2_RB1out_S05_Forward 96.9406 97.3429 97.6757 97.9507 98.1777 8.98971 9.08971
W-2_RB1out_S06_Backward 96.4716 96.8332 97.1424 97.4066 97.6322 9.28259 9.38259
W-2_RB1out_S06_Forward 96.6193 96.9742 97.284 97.5542 97.7898 9.34683 9.44683
W-1_RB1out_S06_Backward 96.8874 97.2797 97.6037 97.8709 98.091 9.25265 9.35265
W-1_RB1out_S06_Forward 97.0434 97.4074 97.7202 97.9888 98.2192 9.27773 9.37773
W+0_RB1out_S06_Backward 96.7707 97.1425 97.4626 97.7379 97.9744 9.33873 9.43873
W+0_RB1out_S06_Forward 97.1511 97.5094 97.8184 98.0846 98.3138 9.35735 9.45735
W+1_RB1out_S06_Backward 97.4963 97.8288 98.1249 98.3883 98.6224 9.50604 9.60604
W+1_RB1out_S06_Forward 97.0015 97.3782 97.7026 97.9819 98.222 9.3166 9.4166
W+2_RB1out_S06_Backward 95.8099 96.1857 96.503 96.7708 96.9965 9.21118 9.31118
W+2_RB1out_S06_Forward 97.1033 97.4914 97.8178 98.092 98.322 9.18076 9.28076
W-2_RB1out_S07_Backward 96.5335 96.9359 97.2641 97.5314 97.7489 9.19078 9.29078
W-2_RB1out_S07_Forward 96.9248 97.3005 97.6226 97.8984 98.1345 9.26528 9.36528
W-1_RB1out_S07_Backward 97.1551 97.5266 97.8361 98.0936 98.3077 9.19879 9.29879
W-1_RB1out_S07_Forward 96.772 97.1516 97.4722 97.7427 97.9707 9.1419 9.2419
W+0_RB1out_S07_Backward 97.2062 97.5847 97.9061 98.1785 98.4094 9.32335 9.42335
W+0_RB1out_S07_Forward 97.3132 97.6822 98.0037 98.2837 98.5272 9.41192 9.51192
W+1_RB1out_S07_Backward 96.6653 97.0522 97.383 97.6656 97.9066 9.23574 9.33574
W+1_RB1out_S07_Forward 96.6497 97.0321 97.3552 97.6281 97.8581 9.16016 9.26016
W+2_RB1out_S07_Backward 96.0576 96.4213 96.7277 96.9856 97.2024 9.14118 9.24118
W+2_RB1out_S07_Forward 97.2602 97.6531 97.9797 98.2507 98.4755 9.1676 9.2676
W-2_RB1out_S08_Backward 95.9017 96.2673 96.5679 96.8146 97.0169 9.0944 9.1944
W-2_RB1out_S08_Forward 97.0479 97.4332 97.7551 98.0237 98.2477 9.09203 9.19203
W-1_RB1out_S08_Backward 96.409 96.8019 97.1329 97.4113 97.6452 9.24639 9.34639
W-1_RB1out_S08_Forward 96.3469 96.7345 97.0586 97.3294 97.5553 9.24063 9.34063
W+0_RB1out_S08_Backward 97.0993 97.4924 97.8251 98.1065 98.3442 9.22406 9.32406
W+0_RB1out_S08_Forward 96.5583 96.9296 97.2493 97.5243 97.7605 9.23371 9.33371
W+1_RB1out_S08_Backward 95.807 96.1493 96.4509 96.7164 96.9501 9.4029 9.5029
W+1_RB1out_S08_Forward 96.7623 97.1477 97.477 97.7582 97.9981 9.27636 9.37636
W+2_RB1out_S08_Backward 95.9276 96.2949 96.611 96.8827 97.1162 9.2653 9.3653
W+2_RB1out_S08_Forward 96.9654 97.3352 97.6503 97.9185 98.1466 9.17072 9.27072
W-2_RB1out_S09_Backward 94.5525 94.9331 95.2587 95.5369 95.7743 9.28528 9.38528
W-2_RB1out_S09_Forward 96.6792 97.0498 97.3689 97.6432 97.8788 9.26245 9.36245
W-1_RB1out_S09_Backward 97.0547 97.4306 97.7495 98.0198 98.2487 9.26231 9.36231
W-1_RB1out_S09_Forward 96.9877 97.3624 97.6802 97.9496 98.1776 9.22152 9.32152
W+0_RB1out_S09_Backward 96.4768 96.857 97.185 97.4675 97.7106 9.3124 9.4124
W+0_RB1out_S09_Forward 90.6113 90.956 91.2526 91.5074 91.7262 9.27601 9.37601
W+1_RB1out_S09_Backward 96.1968 96.5619 96.8712 97.1331 97.3545 9.25892 9.35892
W+1_RB1out_S09_Forward 97.0666 97.4653 97.7993 98.0787 98.3121 9.1713 9.2713
W+2_RB1out_S09_Backward 96.2505 96.6214 96.9392 97.2113 97.444 9.29839 9.39839
W+2_RB1out_S09_Forward 96.651 97.0464 97.3814 97.6649 97.9046 9.12458 9.22458
W-2_RB1out_S10_Backward 91.2907 91.6476 91.9489 92.2031 92.4173 9.31704 9.41704
W-2_RB1out_S10_Forward 96.9857 97.3673 97.6879 97.9569 98.1823 9.20058 9.30058
W-1_RB1out_S10_Backward 96.6517 97.0206 97.3332 97.598 97.8219 9.34755 9.44755
W-1_RB1out_S10_Forward 96.9538 97.3381 97.6629 97.9372 98.1685 9.24159 9.34159
W+0_RB1out_S10_Backward 96.847 97.2328 97.5609 97.8396 98.076 9.27968 9.37968
W+0_RB1out_S10_Forward 96.6271 96.9866 97.2968 97.5643 97.7946 9.35302 9.45302
W+1_RB1out_S10_Backward 96.7295 97.1205 97.4456 97.7154 97.9392 9.1605 9.2605
W+1_RB1out_S10_Forward 96.7854 97.1642 97.4804 97.7439 97.9634 9.18053 9.28053
W+2_RB1out_S10_Backward 96.3875 96.7647 97.0814 97.3471 97.5696 9.20618 9.30618
W+2_RB1out_S10_Forward 97.4342 97.8238 98.1429 98.4038 98.6171 9.16155 9.26155
W-2_RB1out_S11_Backward 94.1805 94.5611 94.885 95.1603 95.3942 9.21271 9.31271
W-2_RB1out_S11_Forward 96.9586 97.3522 97.6855 97.9674 98.2056 9.17617 9.27617
W-1_RB1out_S11_Backward 94.0913 94.4545 94.7714 95.0476 95.2881 9.46172 9.56172
W-1_RB1out_S11_Forward 95.2176 95.5413 95.8311 96.0904 96.3223 9.61772 9.71772
W+0_RB1out_S11_Backward 96.9279 97.2955 97.6116 97.8832 98.1165 9.35151 9.45151
W+0_RB1out_S11_Forward 96.021 96.3748 96.685 96.9567 97.1944 9.36447 9.46447
W+1_RB1out_S11_Backward 88.877 89.2393 89.5462 89.8058 90.0253 9.25762 9.35762
W+1_RB1out_S11_Forward 97.2205 97.6003 97.9209 98.1914 98.4193 9.15546 9.25546
W+2_RB1out_S11_Backward 96.1594 96.542 96.8655 97.1387 97.3693 9.23177 9.33177
W+2_RB1out_S11_Forward 96.4647 96.8214 97.1291 97.3942 97.6225 9.30678 9.40678
W-1_RB1out_S12_Backward 96.8561 97.2394 97.5635 97.837 98.0677 9.26416 9.36416
W-1_RB1out_S12_Forward 95.7109 96.0756 96.3831 96.6419 96.8597 9.21328 9.31328
W+0_RB1out_S12_Backward 97.4713 97.8461 98.1543 98.4074 98.6151 9.24509 9.34509
W+0_RB1out_S12_Forward 96.9321 97.3249 97.6556 97.9336 98.1672 9.21231 9.31231
W+1_RB1out_S12_Backward 97.0128 97.3779 97.687 97.9486 98.1696 9.2161 9.3161
W+1_RB1out_S12_Forward 97.0957 97.4813 97.8054 98.0775 98.3057 9.17668 9.27668
W+2_RB1out_S12_Backward 95.8427 96.2065 96.518 96.7844 97.012 9.30418 9.40418
W+2_RB1out_S12_Forward 97.0797 97.4586 97.7804 98.0533 98.2845 9.27418 9.37418
W-2_RB2in_S01_Backward 96.1866 96.5643 96.8732 97.1255 97.3314 9.15907 9.25907
W-2_RB2in_S01_Forward 95.7226 96.0959 96.4032 96.6558 96.8634 9.10687 9.20687
W-1_RB2in_S01_Backward 96.7143 97.0992 97.4265 97.7045 97.9403 9.37004 9.47004
W-1_RB2in_S01_Middle 96.4713 96.8421 97.1613 97.4359 97.6718 9.35851 9.45851
W-1_RB2in_S01_Forward 96.8512 97.2305 97.5588 97.8429 98.0883 9.34975 9.44975
W+0_RB2in_S01_Backward 96.8654 97.2462 97.573 97.8531 98.0931 9.22204 9.32204
W+0_RB2in_S01_Middle 96.8917 97.2601 97.5812 97.8607 98.104 9.34008 9.44008
W+0_RB2in_S01_Forward 96.7405 97.1319 97.465 97.7482 97.9888 9.21322 9.31322
W+1_RB2in_S01_Backward 97.4768 97.8344 98.1466 98.4189 98.6563 9.48473 9.58473
W+1_RB2in_S01_Middle 96.5858 96.9555 97.2791 97.5622 97.8096 9.38084 9.48084
W+1_RB2in_S01_Forward 97.2603 97.6098 97.919 98.1922 98.4336 9.44254 9.54254
W+2_RB2in_S01_Backward 96.3114 96.684 96.9906 97.2425 97.4494 9.09656 9.19656
W+2_RB2in_S01_Forward 95.0806 95.4813 95.797 96.0454 96.2407 9.00608 9.10608
W-2_RB2in_S02_Backward 95.5989 95.9848 96.3055 96.5718 96.7925 9.24445 9.34445
W-1_RB2in_S02_Backward 96.9311 97.2881 97.596 97.8612 98.0895 9.34901 9.44901
W-1_RB2in_S02_Middle 96.2542 96.6322 96.9566 97.2347 97.4728 9.25536 9.35536
W-1_RB2in_S02_Forward 97.3439 97.6958 98.0027 98.2702 98.5031 9.28956 9.38956
W+0_RB2in_S02_Backward 96.6694 97.0493 97.3769 97.659 97.9018 9.3369 9.4369
W+0_RB2in_S02_Middle 96.7999 97.1568 97.4646 97.7298 97.9581 9.26505 9.36505
W+0_RB2in_S02_Forward 97.1287 97.5204 97.8518 98.132 98.3687 9.26396 9.36396
W+1_RB2in_S02_Backward 93.4244 93.7757 94.079 94.3407 94.5663 9.38705 9.48705
W+1_RB2in_S02_Middle 97.2174 97.5669 97.875 98.1465 98.3854 9.47067 9.57067
W+1_RB2in_S02_Forward 96.6609 97.0472 97.3756 97.6547 97.8915 9.26262 9.36262
W+2_RB2in_S02_Backward 96.067 96.4404 96.7537 97.0163 97.2363 9.25962 9.35962
W+2_RB2in_S02_Forward 94.9723 95.3338 95.6401 95.8995 96.1188 9.25101 9.35101
W-2_RB2in_S03_Backward 96.3011 96.6948 97.0128 97.2693 97.476 9.15124 9.25124
W-2_RB2in_S03_Forward 95.3375 95.7026 96.0068 96.26 96.4705 9.12095 9.22095
W-1_RB2in_S03_Backward 96.879 97.2568 97.5632 97.8114 98.0123 9.11819 9.21819
W-1_RB2in_S03_Middle 96.4686 96.8458 97.1694 97.4467 97.684 9.18353 9.28353
W-1_RB2in_S03_Forward 97.0631 97.4385 97.7603 98.0359 98.2716 9.19959 9.29959
W+0_RB2in_S03_Backward 95.644 96.0192 96.344 96.625 96.868 9.32044 9.42044
W+0_RB2in_S03_Middle 96.832 97.2096 97.535 97.8151 98.056 9.29345 9.39345
W+0_RB2in_S03_Forward 90.0804 90.4355 90.7402 91.0014 91.2253 9.33306 9.43306
W+1_RB2in_S03_Backward 96.2966 96.6834 97.0142 97.2968 97.5379 9.29538 9.39538
W+1_RB2in_S03_Middle 96.0687 96.4426 96.7662 97.046 97.2877 9.27939 9.37939
W+2_RB2in_S03_Backward 95.9124 96.2859 96.5889 96.8343 97.0329 9.17937 9.27937
W+2_RB2in_S03_Forward 94.0285 94.42 94.7417 95.0057 95.2222 9.11688 9.21688
W-2_RB2in_S04_Backward 96.1531 96.5339 96.8608 97.1412 97.3815 9.30079 9.40079
W-2_RB2in_S04_Forward 95.6815 96.0424 96.348 96.6066 96.8252 9.23409 9.33409
W-1_RB2in_S04_Backward 97.444 97.798 98.1124 98.3914 98.6388 9.40982 9.50982
W-1_RB2in_S04_Middle 96.1071 96.4628 96.7723 97.0413 97.275 9.28545 9.38545
W-1_RB2in_S04_Forward 96.2045 96.555 96.8597 97.1243 97.3538 9.22565 9.32565
W+0_RB2in_S04_Backward 96.8748 97.2701 97.605 97.8883 98.1278 9.213 9.313
W+0_RB2in_S04_Middle 96.639 97.0041 97.3209 97.5955 97.8333 9.29408 9.39408
W+0_RB2in_S04_Forward 96.769 97.1336 97.4485 97.7203 97.9545 9.30619 9.40619
W+1_RB2in_S04_Middle 95.341 95.6905 95.9944 96.2584 96.4876 9.35791 9.45791
W+1_RB2in_S04_Forward 96.3946 96.7532 97.07 97.3497 97.5964 9.34915 9.44915
W+2_RB2in_S04_Backward 96.4604 96.8523 97.1823 97.4598 97.6929 9.20193 9.30193
W+2_RB2in_S04_Forward 95.7856 96.154 96.4696 96.7398 96.9709 9.20025 9.30025
W-2_RB2in_S05_Forward 95.7825 96.1561 96.4716 96.7376 96.9617 9.17911 9.27911
W-1_RB2in_S05_Backward 96.7637 97.1335 97.4434 97.7029 97.9199 9.2261 9.3261
W-1_RB2in_S05_Middle 96.7827 97.1538 97.463 97.7204 97.9343 9.19654 9.29654
W-1_RB2in_S05_Forward 96.5995 96.976 97.3005 97.5798 97.82 9.22997 9.32997
W+0_RB2in_S05_Backward 97.135 97.4986 97.8096 98.0753 98.3022 9.322 9.422
W+0_RB2in_S05_Middle 96.9944 97.3698 97.6899 97.9626 98.1948 9.27769 9.37769
W+1_RB2in_S05_Backward 96.283 96.6729 97.003 97.2822 97.518 9.22456 9.32456
W+1_RB2in_S05_Middle 96.1085 96.4692 96.7777 97.0413 97.2664 9.27808 9.37808
W+1_RB2in_S05_Forward 95.6815 96.0262 96.3312 96.6008 96.8389 9.41581 9.51581
W-2_RB2in_S06_Backward 96.8786 97.273 97.6071 97.8897 98.1285 9.31234 9.41234
W-2_RB2in_S06_Forward 95.5839 95.9487 96.2595 96.5242 96.7492 9.21152 9.31152
W-1_RB2in_S06_Backward 88.3401 88.6579 88.9371 89.1822 89.3972 9.42099 9.52099
W-1_RB2in_S06_Middle 96.1579 96.4693 96.7502 97.0035 97.2318 9.45719 9.55719
W-1_RB2in_S06_Forward 96.6782 97.0329 97.3425 97.6125 97.8479 9.2909 9.3909
W+0_RB2in_S06_Backward 97.3071 97.6747 97.9922 98.2662 98.5025 9.36695 9.46695
W+0_RB2in_S06_Middle 97.1124 97.4563 97.7601 98.0284 98.2652 9.40764 9.50764
W+0_RB2in_S06_Forward 97.0959 97.4466 97.7537 98.0223 98.257 9.34963 9.44963
W+1_RB2in_S06_Backward 96.5469 96.9118 97.2256 97.4952 97.7266 9.33088 9.43088
W+1_RB2in_S06_Middle 96.2007 96.5634 96.8793 97.1543 97.3934 9.29177 9.39177
W+1_RB2in_S06_Forward 96.493 96.8309 97.1314 97.3982 97.6351 9.44424 9.54424
W+2_RB2in_S06_Backward 96.4651 96.8347 97.1498 97.4181 97.6463 9.29468 9.39468
W+2_RB2in_S06_Forward 95.6345 95.9909 96.297 96.5597 96.7849 9.34978 9.44978
W-2_RB2in_S07_Backward 96.4071 96.8017 97.1322 97.4086 97.6395 9.30845 9.40845
W-1_RB2in_S07_Backward 96.2666 96.6205 96.9319 97.2056 97.4459 9.29171 9.39171
W-1_RB2in_S07_Middle 96.586 96.9726 97.2958 97.5657 97.7908 9.18046 9.28046
W-1_RB2in_S07_Forward 96.7223 97.0798 97.3881 97.6538 97.8826 9.20662 9.30662
W+0_RB2in_S07_Backward 97.2003 97.573 97.8967 98.1776 98.421 9.30172 9.40172
W+1_RB2in_S07_Backward 96.794 97.1741 97.4913 97.7558 97.9762 9.14365 9.24365
W+1_RB2in_S07_Middle 96.0461 96.4084 96.7227 96.9951 97.231 9.22826 9.32826
W+1_RB2in_S07_Forward 96.744 97.1156 97.4369 97.7145 97.9541 9.18605 9.28605
W+2_RB2in_S07_Backward 96.1761 96.5432 96.8489 97.1032 97.3147 9.22902 9.32902
W+2_RB2in_S07_Forward 95.3773 95.7478 96.0655 96.3376 96.5705 9.278 9.378
W-2_RB2in_S08_Backward 95.3398 95.7111 96.0294 96.3022 96.5356 9.33966 9.43966
W-2_RB2in_S08_Forward 94.9952 95.3553 95.6716 95.9491 96.1923 9.42477 9.52477
W-1_RB2in_S08_Backward 96.3489 96.685 96.9854 97.2538 97.4935 9.43108 9.53108
W-1_RB2in_S08_Middle 96.4896 96.8701 97.1966 97.4765 97.7163 9.26144 9.36144
W-1_RB2in_S08_Forward 96.4388 96.8122 97.1306 97.402 97.633 9.21879 9.31879
W+0_RB2in_S08_Backward 97.3441 97.7087 98.0236 98.2951 98.5291 9.30517 9.40517
W+0_RB2in_S08_Middle 96.4657 96.8272 97.1444 97.4226 97.6662 9.28574 9.38574
W+0_RB2in_S08_Forward 96.8397 97.206 97.5179 97.7832 98.0087 9.20475 9.30475
W+1_RB2in_S08_Backward 96.4025 96.7701 97.0877 97.362 97.5987 9.31524 9.41524
W+1_RB2in_S08_Middle 96.7592 97.1208 97.4316 97.6984 97.9272 9.30295 9.40295
W+1_RB2in_S08_Forward 96.7212 97.1028 97.4288 97.7069 97.944 9.30078 9.40078
W-2_RB2in_S09_Backward 95.7662 96.1473 96.4745 96.7553 96.996 9.29806 9.39806
W-2_RB2in_S09_Forward 95.2633 95.624 95.9396 96.2154 96.4562 9.39691 9.49691
W-1_RB2in_S09_Backward 96.6036 96.9834 97.306 97.5798 97.8118 9.30199 9.40199
W-1_RB2in_S09_Middle 95.8504 96.1986 96.5013 96.764 96.992 9.28942 9.38942
W-1_RB2in_S09_Forward 96.8872 97.2482 97.5568 97.8203 98.0453 9.2218 9.3218
W+0_RB2in_S09_Backward 96.1424 96.5193 96.8394 97.1109 97.3411 9.25642 9.35642
W+0_RB2in_S09_Middle 96.3302 96.693 97.0091 97.2841 97.5232 9.29987 9.39987
W+0_RB2in_S09_Forward 95.9214 96.278 96.5872 96.8548 97.0864 9.27557 9.37557
W+1_RB2in_S09_Backward 96.8172 97.1746 97.4867 97.759 97.9964 9.36684 9.46684
W+1_RB2in_S09_Middle 96.7452 97.1005 97.4108 97.6814 97.9173 9.33794 9.43794
W+1_RB2in_S09_Forward 96.5927 96.9651 97.281 97.5487 97.7753 9.26507 9.36507
W+2_RB2in_S09_Backward 96.9688 97.3277 97.64 97.9115 98.1473 9.56821 9.66821
W+2_RB2in_S09_Forward 94.1986 94.5468 94.8508 95.1162 95.3476 9.38621 9.48621
W-2_RB2in_S10_Backward 96.7866 97.1742 97.4917 97.7514 97.9636 9.20696 9.30696
W-2_RB2in_S10_Forward 95.8991 96.2773 96.5911 96.8511 97.0664 9.20129 9.30129
W-1_RB2in_S10_Backward 84.2285 84.561 84.8368 85.0655 85.2547 9.15894 9.25894
W-1_RB2in_S10_Middle 96.5936 96.9694 97.2828 97.5439 97.7612 9.22946 9.32946
W-1_RB2in_S10_Forward 97.2623 97.668 98.0037 98.2813 98.5104 9.16396 9.26396
W+0_RB2in_S10_Backward 96.9204 97.2805 97.5911 97.8589 98.0896 9.34491 9.44491
W+0_RB2in_S10_Middle 96.729 97.0876 97.3985 97.6675 97.9003 9.34362 9.44362
W+0_RB2in_S10_Forward 91.2528 91.6046 91.9089 92.1719 92.3989 9.33887 9.43887
W+1_RB2in_S10_Backward 97.0873 97.437 97.7432 98.011 98.245 9.39011 9.49011
W+1_RB2in_S10_Middle 96.4164 96.7949 97.1196 97.398 97.6364 9.29388 9.39388
W+1_RB2in_S10_Forward 96.268 96.643 96.9661 97.2442 97.4835 9.2841 9.3841
W+2_RB2in_S10_Backward 95.0786 95.4273 95.7329 96.0005 96.2346 9.36987 9.46987
W+2_RB2in_S10_Forward 95.2109 95.5754 95.879 96.1317 96.3418 9.23153 9.33153
W-2_RB2in_S11_Backward 95.6652 96.0252 96.33 96.5879 96.8058 9.30423 9.40423
W-2_RB2in_S11_Forward 94.8747 95.2458 95.5609 95.8281 96.0546 9.22451 9.32451
W-1_RB2in_S11_Middle 96.5001 96.8669 97.1838 97.4574 97.6935 9.30707 9.40707
W-1_RB2in_S11_Forward 97.0171 97.3984 97.7186 97.9872 98.2123 9.20649 9.30649
W+0_RB2in_S11_Backward 96.9131 97.252 97.5514 97.8155 98.0485 9.43768 9.53768
W+0_RB2in_S11_Middle 96.5408 96.8936 97.2039 97.4765 97.7158 9.39649 9.49649
W+0_RB2in_S11_Forward 96.933 97.3037 97.6213 97.893 98.1253 9.23087 9.33087
W+1_RB2in_S11_Backward 96.5917 96.9665 97.2828 97.5495 97.7741 9.27092 9.37092
W+1_RB2in_S11_Middle 96.344 96.7341 97.0604 97.3331 97.5608 9.20388 9.30388
W+1_RB2in_S11_Forward 96.5671 96.9551 97.2815 97.5557 97.786 9.20967 9.30967
W+2_RB2in_S11_Backward 96.476 96.8667 97.187 97.4493 97.6638 9.06772 9.16772
W+2_RB2in_S11_Forward 95.6551 96.0458 96.3767 96.6568 96.8935 9.09977 9.19977
W-2_RB2in_S12_Backward 95.7569 96.1211 96.4343 96.7036 96.9347 9.34209 9.44209
W-2_RB2in_S12_Forward 96.4505 96.82 97.1279 97.3841 97.5971 9.14591 9.24591
W-1_RB2in_S12_Backward 96.4675 96.8497 97.1795 97.4637 97.7084 9.31151 9.41151
W-1_RB2in_S12_Middle 96.5318 96.9073 97.2293 97.5052 97.7413 9.25269 9.35269
W-1_RB2in_S12_Forward 96.6482 97.0201 97.3432 97.6236 97.8667 9.29216 9.39216
W+0_RB2in_S12_Backward 97.4142 97.776 98.0867 98.3534 98.582 9.26297 9.36297
W+0_RB2in_S12_Middle 96.7045 97.0628 97.3745 97.6455 97.8808 9.26047 9.36047
W+0_RB2in_S12_Forward 96.8533 97.2239 97.5381 97.8041 98.0293 9.18462 9.28462
W+1_RB2in_S12_Backward 96.2733 96.6504 96.9723 97.2467 97.4806 9.29006 9.39006
W+1_RB2in_S12_Middle 96.5082 96.8939 97.2236 97.5052 97.7454 9.28539 9.38539
W+1_RB2in_S12_Forward 96.2843 96.6614 96.9879 97.2703 97.5144 9.2437 9.3437
W+2_RB2in_S12_Backward 96.4154 96.7979 97.1174 97.384 97.6062 9.15334 9.25334
W+2_RB2in_S12_Forward 93.2976 93.6603 93.9567 94.1986 94.3958 9.05539 9.15539
W-2_RB2out_S01_Backward 97.0998 97.4938 97.8214 98.0934 98.3191 9.18509 9.28509
W-2_RB2out_S01_Middle 95.8745 96.2561 96.577 96.8464 97.0724 9.16666 9.26666
W-2_RB2out_S01_Forward 95.3633 95.7386 96.0574 96.3279 96.5572 9.16104 9.26104
W-1_RB2out_S01_Backward 93.3795 93.7643 94.0868 94.3566 94.5821 9.27533 9.37533
W-1_RB2out_S01_Forward 96.0371 96.4203 96.7443 97.018 97.249 9.26268 9.36268
W+0_RB2out_S01_Forward 95.4286 95.8112 96.1331 96.4036 96.6306 9.22684 9.32684
W+1_RB2out_S01_Backward 96.6805 97.0404 97.3494 97.6147 97.8422 9.43643 9.53643
W+1_RB2out_S01_Forward 94.6645 95.0292 95.3384 95.6005 95.8223 9.28513 9.38513
W+2_RB2out_S01_Backward 94.8703 95.2307 95.5407 95.8071 96.0358 9.47943 9.57943
W+2_RB2out_S01_Forward 92.1912 92.5262 92.8197 93.0764 93.301 9.3652 9.4652
W-2_RB2out_S02_Backward 96.3334 96.7174 97.0438 97.3211 97.5563 9.29627 9.39627
W-2_RB2out_S02_Middle 91.8754 92.1957 92.4803 92.7331 92.9574 9.41454 9.51454
W-2_RB2out_S02_Forward 95.6505 96.0128 96.3229 96.588 96.8145 9.27423 9.37423
W-1_RB2out_S02_Backward 95.7523 96.1406 96.4635 96.7316 96.954 9.27188 9.37188
W-1_RB2out_S02_Forward 91.7321 92.1031 92.4188 92.6873 92.9153 9.26265 9.36265
W+0_RB2out_S02_Backward 96.0136 96.4008 96.7285 97.0055 97.2395 9.27985 9.37985
W+0_RB2out_S02_Forward 94.9092 95.3023 95.6317 95.9075 96.1381 9.26176 9.36176
W+1_RB2out_S02_Backward 95.0811 95.457 95.7764 96.0475 96.2774 9.26852 9.36852
W+1_RB2out_S02_Forward 96.9664 97.3183 97.6298 97.9052 98.1487 9.57288 9.67288
W+2_RB2out_S02_Backward 97.601 97.9716 98.2904 98.5643 98.7996 9.3253 9.4253
W+2_RB2out_S02_Middle 96.2397 96.5802 96.8801 97.1441 97.3762 9.40105 9.50105
W+2_RB2out_S02_Forward 95.4719 95.8354 96.1451 96.4088 96.6329 9.26337 9.36337
W-2_RB2out_S03_Backward 96.6753 97.0525 97.371 97.6396 97.8659 9.25131 9.35131
W-2_RB2out_S03_Middle 95.6772 96.053 96.377 96.656 96.8961 9.19872 9.29872
W-2_RB2out_S03_Forward 94.8525 95.2207 95.5331 95.798 96.0224 9.18188 9.28188
W+0_RB2out_S03_Backward 95.6291 96.007 96.3314 96.6096 96.848 9.3224 9.4224
W+0_RB2out_S03_Forward 90.2006 90.5441 90.8435 91.1043 91.3311 9.56442 9.66442
W+1_RB2out_S03_Backward 94.8827 95.2411 95.5545 95.8284 96.0675 9.42934 9.52934
W+1_RB2out_S03_Forward 91.3147 91.6831 91.9931 92.2536 92.4724 9.2074 9.3074
W+2_RB2out_S03_Backward 96.776 97.1573 97.4757 97.7412 97.9624 9.20547 9.30547
W+2_RB2out_S03_Middle 94.6951 95.0517 95.361 95.6291 95.8612 9.20518 9.30518
W+2_RB2out_S03_Forward 91.0291 91.3793 91.6763 91.928 92.141 9.13781 9.23781
W-2_RB2out_S04_Backward 89.99 90.3449 90.6448 90.8979 91.1114 9.25003 9.35003
W-2_RB2out_S04_Middle 91.3684 91.683 91.9633 92.2127 92.4346 9.48181 9.58181
W-2_RB2out_S04_Forward 96.23 96.593 96.9004 97.1605 97.3804 9.22423 9.32423
W-1_RB2out_S04_Backward 91.7408 92.0858 92.3837 92.6407 92.8622 9.4866 9.5866
W-1_RB2out_S04_Forward 89.3192 89.6496 89.9403 90.1959 90.4205 9.4802 9.5802
W+1_RB2out_S04_Backward 95.2707 95.6327 95.936 96.1899 96.4021 9.27313 9.37313
W+1_RB2out_S04_Forward 93.8445 94.2177 94.5314 94.7948 95.0158 9.27017 9.37017
W+2_RB2out_S04_Backward 96.4851 96.8727 97.2007 97.478 97.712 9.23746 9.33746
W+2_RB2out_S04_Middle 96.2523 96.6106 96.9199 97.1865 97.4161 9.26554 9.36554
W+2_RB2out_S04_Forward 95.3971 95.7676 96.0821 96.3487 96.5745 9.16973 9.26973
W-2_RB2out_S05_Backward 97.0173 97.3986 97.7273 98.0105 98.2541 9.2739 9.3739
W-2_RB2out_S05_Middle 95.8259 96.1919 96.5005 96.7603 96.9789 9.16635 9.26635
W-2_RB2out_S05_Forward 95.4982 95.8591 96.1664 96.4279 96.6501 9.16349 9.26349
W-1_RB2out_S05_Backward 96.333 96.7102 97.025 97.2874 97.5059 9.19707 9.29707
W-1_RB2out_S05_Forward 95.8068 96.2018 96.5327 96.8097 97.0411 9.17433 9.27433
W+0_RB2out_S05_Backward 94.0322 94.3712 94.6668 94.9243 95.1485 9.61435 9.71435
W+0_RB2out_S05_Forward 92.6621 92.9813 93.2656 93.5186 93.7438 9.75801 9.85801
W+1_RB2out_S05_Backward 95.8075 96.1736 96.4767 96.7273 96.9342 9.25647 9.35647
W+1_RB2out_S05_Forward 95.8069 96.1877 96.5097 96.7816 97.011 9.28632 9.38632
W+2_RB2out_S05_Backward 96.1639 96.5313 96.841 97.1019 97.3213 9.16872 9.26872
W+2_RB2out_S05_Middle 96.0733 96.4359 96.7477 97.0155 97.2454 9.16538 9.26538
W+2_RB2out_S05_Forward 94.2421 94.6142 94.9268 95.1892 95.4091 9.06832 9.16832
W-2_RB2out_S06_Backward 96.5086 96.8926 97.2223 97.5052 97.7477 9.34993 9.44993
W-2_RB2out_S06_Middle 95.9481 96.3167 96.6368 96.9146 97.1555 9.29011 9.39011
W-2_RB2out_S06_Forward 96.0137 96.3782 96.687 96.9484 97.1695 9.20228 9.30228
W-1_RB2out_S06_Backward 95.9186 96.2996 96.6267 96.9073 97.1478 9.31748 9.41748
W-1_RB2out_S06_Forward 94.2735 94.6333 94.9349 95.1873 95.3984 9.24035 9.34035
W+0_RB2out_S06_Backward 96.4143 96.7887 97.1048 97.3712 97.5957 9.24315 9.34315
W+0_RB2out_S06_Forward 96.295 96.653 96.9632 97.2318 97.4641 9.44121 9.54121
W+1_RB2out_S06_Backward 95.5745 95.9561 96.2823 96.5608 96.7984 9.34165 9.44165
W+1_RB2out_S06_Forward 95.1416 95.518 95.8378 96.1093 96.3395 9.2777 9.3777
W+2_RB2out_S06_Backward 96.5514 96.9334 97.2628 97.5467 97.7911 9.36712 9.46712
W+2_RB2out_S06_Middle 95.848 96.2132 96.5328 96.8122 97.0563 9.37177 9.47177
W+2_RB2out_S06_Forward 89.7187 90.075 90.3795 90.6394 90.8611 9.30081 9.40081
W-2_RB2out_S07_Backward 95.7617 96.0969 96.3929 96.6542 96.8846 9.38637 9.48637
W-2_RB2out_S07_Middle 95.7731 96.146 96.4642 96.7354 96.9663 9.25635 9.35635
W-2_RB2out_S07_Forward 95.3373 95.6979 96.0122 96.2857 96.5237 9.35685 9.45685
W-1_RB2out_S07_Forward 95.3164 95.7005 96.0175 96.2789 96.4941 9.10833 9.20833
W+0_RB2out_S07_Backward 93.8678 94.2374 94.5497 94.8133 95.0355 9.21815 9.31815
W+0_RB2out_S07_Forward 94.7035 95.0567 95.3654 95.635 95.8702 9.35532 9.45532
W+1_RB2out_S07_Backward 96.578 96.9423 97.2569 97.5284 97.7625 9.33395 9.43395
W+1_RB2out_S07_Forward 96.0473 96.4171 96.7211 96.9709 97.1759 9.187 9.287
W+2_RB2out_S07_Backward 96.3001 96.6852 97.009 97.2809 97.5092 9.24648 9.34648
W+2_RB2out_S07_Middle 96.0478 96.4139 96.7275 96.9957 97.225 9.20241 9.30241
W+2_RB2out_S07_Forward 95.6116 95.9732 96.2795 96.5387 96.7579 9.20067 9.30067
W-2_RB2out_S08_Backward 97.2598 97.6327 97.9472 98.2121 98.435 9.3 9.4
W-2_RB2out_S08_Middle 95.689 96.03 96.3316 96.598 96.8332 9.37627 9.47627
W-2_RB2out_S08_Forward 95.0493 95.437 95.7654 96.0432 96.2781 9.18508 9.28508
W-1_RB2out_S08_Backward 92.2998 92.6772 92.9969 93.2674 93.4961 9.24181 9.34181
W-1_RB2out_S08_Forward 96.1266 96.5098 96.8338 97.1076 97.3386 9.22241 9.32241
W+0_RB2out_S08_Backward 96.0004 96.3835 96.7094 96.9861 97.221 9.24395 9.34395
W+0_RB2out_S08_Forward 95.378 95.745 96.0508 96.3054 96.5171 9.15695 9.25695
W+1_RB2out_S08_Backward 96.3007 96.6696 96.9789 97.238 97.4546 9.23406 9.33406
W+1_RB2out_S08_Forward 93.1038 93.4714 93.7783 94.0344 94.2477 9.2159 9.3159
W+2_RB2out_S08_Middle 95.3853 95.7434 96.0525 96.3192 96.5491 9.20751 9.30751
W+2_RB2out_S08_Forward 94.7017 95.0748 95.3935 95.6653 95.897 9.20028 9.30028
W-2_RB2out_S09_Backward 96.8535 97.2509 97.5837 97.862 98.0947 9.23763 9.33763
W-2_RB2out_S09_Middle 96.1251 96.4973 96.8195 97.0979 97.3384 9.3766 9.4766
W-2_RB2out_S09_Forward 94.8786 95.2465 95.5661 95.8437 96.0844 9.44195 9.54195
W-1_RB2out_S09_Backward 96.492 96.8621 97.1686 97.4221 97.6314 9.26694 9.36694
W-1_RB2out_S09_Forward 93.8093 94.1736 94.4811 94.7403 94.9587 9.29475 9.39475
W+0_RB2out_S09_Backward 95.7742 96.1479 96.4596 96.7194 96.9357 9.26149 9.36149
W+0_RB2out_S09_Forward 95.5276 95.9132 96.2414 96.5204 96.7573 9.29463 9.39463
W+1_RB2out_S09_Backward 93.1127 93.4706 93.7788 94.0438 94.2716 9.38698 9.48698
W+1_RB2out_S09_Forward 95.8286 96.1955 96.5127 96.7867 97.0232 9.33132 9.43132
W+2_RB2out_S09_Backward 96.6447 97.037 97.3692 97.6502 97.8876 9.27883 9.37883
W+2_RB2out_S09_Middle 96.0453 96.42 96.7381 97.0079 97.2365 9.23835 9.33835
W+2_RB2out_S09_Forward 95.7486 96.1276 96.4479 96.7183 96.9464 9.22108 9.32108
W-2_RB2out_S10_Backward 96.8092 97.1765 97.4924 97.7639 97.997 9.44571 9.54571
W-2_RB2out_S10_Middle 94.6604 94.9965 95.2916 95.5505 95.7774 9.46096 9.56096
W-2_RB2out_S10_Forward 95.4571 95.8167 96.1272 96.3951 96.6261 9.40562 9.50562
W-1_RB2out_S10_Forward 95.9783 96.3352 96.6431 96.9086 97.1372 9.39231 9.49231
W+0_RB2out_S10_Backward 96.0764 96.4323 96.738 97.0003 97.2251 9.34091 9.44091
W+0_RB2out_S10_Forward 90.5139 90.85 91.1412 91.3934 91.6115 9.36056 9.46056
W+1_RB2out_S10_Backward 96.0763 96.4577 96.7782 97.0473 97.2729 9.24529 9.34529
W+1_RB2out_S10_Forward 94.1092 94.4958 94.8175 95.0849 95.307 9.22804 9.32804
W+2_RB2out_S10_Backward 97.1325 97.5043 97.8178 98.0818 98.304 9.31177 9.41177
W+2_RB2out_S10_Middle 95.7436 96.1057 96.4107 96.6673 96.8831 9.305 9.405
W+2_RB2out_S10_Forward 89.7249 90.0793 90.3788 90.6317 90.8449 9.25468 9.35468
W-2_RB2out_S11_Backward 96.7139 97.1103 97.4332 97.6958 97.9092 9.15855 9.25855
W-2_RB2out_S11_Middle 95.737 96.0897 96.3939 96.6559 96.8815 9.23465 9.33465
W-2_RB2out_S11_Forward 95.1363 95.5021 95.8088 96.0657 96.2807 9.18366 9.28366
W-1_RB2out_S11_Backward 96.1266 96.4989 96.8148 97.0826 97.3093 9.2573 9.3573
W-1_RB2out_S11_Forward 95.4191 95.8059 96.1334 96.4104 96.6445 9.26255 9.36255
W+0_RB2out_S11_Backward 95.5894 95.948 96.2576 96.5246 96.7548 9.47115 9.57115
W+0_RB2out_S11_Forward 94.0111 94.3658 94.6747 94.9436 95.1774 9.44672 9.54672
W+1_RB2out_S11_Backward 95.9857 96.3657 96.681 96.9424 97.1588 9.21865 9.31865
W+1_RB2out_S11_Forward 96.1084 96.4276 96.7139 96.9704 97.2 9.58908 9.68908
W+2_RB2out_S11_Backward 97.0782 97.4724 97.7932 98.0539 98.2656 9.14561 9.24561
W+2_RB2out_S11_Middle 95.2733 95.6571 95.9762 96.241 96.4605 9.17148 9.27148
W+2_RB2out_S11_Forward 95.4839 95.8469 96.1561 96.4193 96.643 9.20383 9.30383
W-2_RB2out_S12_Backward 96.5143 96.8917 97.2139 97.4887 97.7227 9.28736 9.38736
W-2_RB2out_S12_Middle 95.8254 96.1987 96.5138 96.7795 97.0033 9.23016 9.33016
W-2_RB2out_S12_Forward 95.8003 96.1485 96.4523 96.7171 96.9478 9.31968 9.41968
W-1_RB2out_S12_Backward 103.997 104.318 104.612 104.881 105.127 9.9344 10.0344
W-1_RB2out_S12_Forward 96.3905 96.7219 97.017 97.2797 97.5133 9.62706 9.72706
W+0_RB2out_S12_Backward 96.3119 96.6789 97 97.2808 97.5261 9.40598 9.50598
W+0_RB2out_S12_Forward 95.5356 95.8935 96.2011 96.4651 96.6916 9.38015 9.48015
W+1_RB2out_S12_Backward 95.7094 96.0931 96.4119 96.6763 96.8955 9.23555 9.33555
W+1_RB2out_S12_Forward 94.2229 94.5995 94.9181 95.1872 95.4144 9.2682 9.3682
W+2_RB2out_S12_Backward 96.3986 96.7922 97.1237 97.4026 97.637 9.26679 9.36679
W+2_RB2out_S12_Middle 96.1255 96.5006 96.819 97.0891 97.3179 9.27765 9.37765
W+2_RB2out_S12_Forward 96.0472 96.3761 96.6697 96.9318 97.1656 9.60112 9.70112
W-2_RB3-_S01_Backward 96.8734 97.276 97.5989 97.8575 98.0643 9.08718 9.18718
W-2_RB3-_S01_Forward 96.12 96.496 96.8153 97.0862 97.3157 9.19821 9.29821
W-1_RB3-_S01_Backward 97.3641 97.7686 98.0957 98.36 98.5731 9.18626 9.28626
W-1_RB3-_S01_Forward 96.505 96.9045 97.2371 97.5138 97.7437 9.2346 9.3346
W+0_RB3-_S01_Backward 96.7876 97.1668 97.4889 97.7621 97.9936 9.24725 9.34725
W+0_RB3-_S01_Forward 97.3041 97.6829 97.9851 98.2257 98.4172 9.12644 9.22644
W+1_RB3-_S01_Backward 96.6386 97.0349 97.3688 97.6498 97.8861 9.31107 9.41107
W+1_RB3-_S01_Forward 96.6305 97.0109 97.3304 97.5985 97.8232 9.28274 9.38274
W+2_RB3-_S01_Backward 97.0549 97.4627 97.7981 98.0735 98.2994 9.14356 9.24356
W+2_RB3-_S01_Forward 96.9465 97.3257 97.6358 97.8891 98.0956 9.1158 9.2158
W-2_RB3-_S02_Backward 97.0844 97.4606 97.7762 98.0408 98.2623 9.2722 9.3722
W-2_RB3-_S02_Forward 97.375 97.7629 98.087 98.3575 98.5831 9.364 9.464
W-1_RB3-_S02_Backward 96.8299 97.2164 97.5374 97.8037 98.0242 9.26321 9.36321
W-1_RB3-_S02_Forward 96.462 96.8533 97.1865 97.4698 97.7104 9.2889 9.3889
W+0_RB3-_S02_Backward 96.8563 97.2431 97.5664 97.8363 98.0613 9.17524 9.27524
W+0_RB3-_S02_Forward 97.5109 97.831 98.1213 98.3845 98.623 9.67402 9.77402
W+1_RB3-_S02_Backward 96.5501 96.9421 97.2741 97.5549 97.7921 9.33593 9.43593
W+1_RB3-_S02_Forward 96.5679 96.956 97.2879 97.5714 97.8134 9.35609 9.45609
W+2_RB3-_S02_Backward 96.8662 97.2496 97.5788 97.8612 98.1031 9.33056 9.43056
W+2_RB3-_S02_Forward 96.6322 96.9853 97.2934 97.562 97.7962 9.41702 9.51702
W-2_RB3-_S03_Backward 96.6928 97.0658 97.3787 97.6408 97.8602 9.19406 9.29406
W-2_RB3-_S03_Forward 96.7309 97.1248 97.4524 97.7246 97.9504 9.127 9.227
W-1_RB3-_S03_Backward 97.1187 97.5196 97.8511 98.1249 98.3508 9.17244 9.27244
W-1_RB3-_S03_Forward 96.8653 97.2588 97.5938 97.8788 98.1209 9.17976 9.27976
W+0_RB3-_S03_Backward 96.8442 97.2392 97.5632 97.8287 98.046 9.20155 9.30155
W+0_RB3-_S03_Forward 64.9971 65.223 65.4238 65.6021 65.7603 9.63784 9.73784
W+1_RB3-_S03_Backward 96.648 97.0221 97.3377 97.6037 97.8278 9.26898 9.36898
W+1_RB3-_S03_Forward 96.3231 96.7002 97.0169 97.2825 97.505 9.31362 9.41362
W+2_RB3-_S03_Backward 96.4932 96.8909 97.2149 97.4786 97.693 9.20504 9.30504
W+2_RB3-_S03_Forward 96.7674 97.1269 97.4357 97.7006 97.9277 9.32086 9.42086
W-2_RB3-_S04_Backward 96.8182 97.1891 97.4981 97.7553 97.9691 9.19229 9.29229
W-2_RB3-_S04_Forward 95.9878 96.3573 96.6723 96.9407 97.169 9.2269 9.3269
W-1_RB3-_S04_Backward 96.2676 96.6551 96.9847 97.265 97.5029 9.25502 9.35502
W-1_RB3-_S04_Forward 95.8868 96.2526 96.5658 96.8337 97.0627 9.21929 9.31929
W+0_RB3-_S04_Backward 96.8193 97.1948 97.5081 97.769 97.9861 9.18226 9.28226
W+0_RB3-_S04_Forward 95.8896 96.2534 96.5632 96.8269 97.0511 9.3074 9.4074
W+1_RB3-_S04_Backward 97.0156 97.4086 97.7308 97.9947 98.2104 9.27352 9.37352
W+1_RB3-_S04_Forward 96.204 96.5693 96.8753 97.1314 97.3455 9.27898 9.37898
W+2_RB3-_S04_Backward 95.0043 95.3507 95.6529 95.9164 96.1459 9.49842 9.59842
W+2_RB3-_S04_Forward 96.8438 97.2194 97.5346 97.7987 98.0199 9.18905 9.28905
W-2_RB3-_S05_Backward 95.4047 95.7562 96.0618 96.3275 96.5581 9.41883 9.51883
W-2_RB3-_S05_Forward 95.2978 95.6665 95.9809 96.2489 96.4769 9.34861 9.44861
W-1_RB3-_S05_Backward 96.114 96.4958 96.822 97.1005 97.338 9.29192 9.39192
W-1_RB3-_S05_Forward 96.9488 97.3156 97.6263 97.8893 98.1116 9.27607 9.37607
W+1_RB3-_S05_Backward 97.1198 97.5122 97.8462 98.1302 98.3713 9.33079 9.43079
W+1_RB3-_S05_Forward 96.4647 96.838 97.153 97.4185 97.6421 9.25385 9.35385
W+2_RB3-_S05_Backward 96.9894 97.37 97.6914 97.9627 98.1913 9.29606 9.39606
W+2_RB3-_S05_Forward 96.512 96.8702 97.182 97.453 97.6884 9.21847 9.31847
W-2_RB3-_S06_Backward 96.2322 96.6052 96.9163 97.1753 97.3909 9.21445 9.31445
W-2_RB3-_S06_Forward 96.7515 97.1369 97.4525 97.7105 97.9213 9.12765 9.22765
W-1_RB3-_S06_Backward 95.3971 95.7841 96.1118 96.3889 96.6231 9.34993 9.44993
W-1_RB3-_S06_Forward 97.2555 97.6564 97.9749 98.2274 98.4274 9.11209 9.21209
W+0_RB3-_S06_Backward 96.3683 96.7497 97.0721 97.3442 97.5737 9.26303 9.36303
W+0_RB3-_S06_Forward 96.3987 96.7752 97.0873 97.3458 97.5596 9.23173 9.33173
W+1_RB3-_S06_Backward 97.4353 97.8 98.1149 98.3864 98.6204 9.36555 9.46555
W+1_RB3-_S06_Forward 96.6447 97.0181 97.3411 97.6203 97.8614 9.41273 9.51273
W-2_RB3-_S07_Backward 96.4913 96.8586 97.1682 97.4289 97.6481 9.28891 9.38891
W-2_RB3-_S07_Forward 96.0891 96.466 96.7909 97.0707 97.3115 9.30853 9.40853
W-1_RB3-_S07_Backward 97.1622 97.5343 97.8481 98.1123 98.3347 9.23191 9.33191
W-1_RB3-_S07_Forward 96.7703 97.1398 97.4562 97.7269 97.9583 9.2364 9.3364
W+0_RB3-_S07_Backward 96.8136 97.2034 97.5333 97.8122 98.0477 9.34158 9.44158
W+0_RB3-_S07_Forward 95.7166 96.0981 96.4224 96.6978 96.9315 9.40361 9.50361
W+1_RB3-_S07_Backward 96.7003 97.083 97.4131 97.6975 97.9424 9.28033 9.38033
W+1_RB3-_S07_Forward 96.2403 96.6286 96.9534 97.2248 97.4513 9.16714 9.26714
W+2_RB3-_S07_Backward 96.9498 97.3232 97.6398 97.9081 98.1353 9.28834 9.38834
W+2_RB3-_S07_Forward 97.0434 97.4037 97.7145 97.9825 98.2133 9.36939 9.46939
W-2_RB3-_S08_Backward 96.5062 96.8656 97.1757 97.4431 97.6735 9.33249 9.43249
W-2_RB3-_S08_Forward 96.3317 96.7208 97.0501 97.3286 97.5638 9.21132 9.31132
W-1_RB3-_S08_Backward 97.3035 97.6849 98.0105 98.2881 98.5246 9.36709 9.46709
W-1_RB3-_S08_Forward 95.9192 96.2756 96.583 96.8481 97.0764 9.3419 9.4419
W+0_RB3-_S08_Backward 96.7078 97.0943 97.4231 97.7024 97.9394 9.19023 9.29023
W+0_RB3-_S08_Forward 96.371 96.7409 97.0545 97.3202 97.545 9.21034 9.31034
W+1_RB3-_S08_Backward 96.8195 97.2146 97.5474 97.8273 98.0626 9.19362 9.29362
W+1_RB3-_S08_Forward 93.4112 93.7344 94.0232 94.2812 94.5114 9.54871 9.64871
W+2_RB3-_S08_Backward 97.1917 97.5671 97.8855 98.1553 98.3838 9.28251 9.38251
W+2_RB3-_S08_Forward 96.4068 96.7693 97.0874 97.3664 97.6109 9.43213 9.53213
W-2_RB3-_S09_Backward 96.9768 97.3437 97.6577 97.9262 98.1556 9.25968 9.35968
W-2_RB3-_S09_Forward 96.7719 97.1541 97.4669 97.7225 97.9311 9.13804 9.23804
W+0_RB3-_S09_Backward 97.1653 97.5277 97.839 98.1062 98.3354 9.31202 9.41202
W+0_RB3-_S09_Forward 96.7074 97.089 97.4132 97.6883 97.9216 9.27017 9.37017
W+1_RB3-_S09_Backward 96.8967 97.2674 97.5864 97.8606 98.0962 9.32107 9.42107
W+1_RB3-_S09_Forward 68.25 68.4992 68.7191 68.913 69.0838 9.4699 9.5699
W+2_RB3-_S09_Backward 96.9566 97.3525 97.6861 97.9666 98.2024 9.1778 9.2778
W+2_RB3-_S09_Forward 96.1055 96.4935 96.8237 97.1044 97.3428 9.21736 9.31736
W-2_RB3-_S10_Backward 95.6198 96.0139 96.3238 96.5672 96.7581 9.41588 9.51588
W-2_RB3-_S10_Forward 93.6343 93.7557 93.816 93.8459 93.8608 9.25133 9.35133
W-1_RB3-_S10_Backward 95.6515 96.042 96.3625 96.625 96.8398 9.23608 9.33608
W+0_RB3-_S10_Backward 92.6051 92.9715 93.2829 93.5472 93.7714 9.25 9.35
W+1_RB3-_S10_Backward 94.9904 95.3543 95.6661 95.9328 96.1609 9.30413 9.40413
W+1_RB3-_S10_Forward 96.7992 97.1958 97.5259 97.8002 98.0279 9.2517 9.3517
W+2_RB3-_S10_Backward 95.4471 95.8151 96.1319 96.4045 96.6387 9.26949 9.36949
W+2_RB3-_S10_Forward 96.3799 96.7792 97.1118 97.3884 97.6182 9.17181 9.27181
W-2_RB3-_S11_Backward 96.8777 97.2743 97.6065 97.8843 98.1163 9.2242 9.3242
W-2_RB3-_S11_Forward 96.3328 96.7057 97.0284 97.3073 97.5481 9.31516 9.41516
W-1_RB3-_S11_Backward 97.0725 97.4488 97.7645 98.0292 98.2507 9.19297 9.29297
W-1_RB3-_S11_Forward 96.6409 97.0188 97.3429 97.6206 97.8583 9.2718 9.3718
W+0_RB3-_S11_Backward 96.9968 97.3661 97.6757 97.9348 98.1514 9.34883 9.44883
W+0_RB3-_S11_Forward 68.7878 69.0299 69.2458 69.4382 69.6096 9.62482 9.72482
W+1_RB3-_S11_Backward 95.1204 95.4823 95.7978 96.0725 96.3115 9.46695 9.56695
W+1_RB3-_S11_Forward 94.7469 95.1006 95.4046 95.6655 95.8892 9.36939 9.46939
W+2_RB3-_S11_Backward 97.4123 97.7906 98.0997 98.3519 98.5575 9.10125 9.20125
W+2_RB3-_S11_Forward 96.8206 97.1866 97.4751 97.7023 97.8808 9.08043 9.18043
W-2_RB3-_S12_Backward 97.2163 97.5918 97.9049 98.1657 98.3826 9.24984 9.34984
W-2_RB3-_S12_Forward 96.4508 96.8167 97.125 97.3846 97.6028 9.1916 9.2916
W-1_RB3-_S12_Backward 96.9895 97.3811 97.7088 97.9826 98.211 9.27755 9.37755
W-1_RB3-_S12_Forward 97.2622 97.6319 97.9417 98.2009 98.4177 9.22079 9.32079
W+0_RB3-_S12_Backward 96.1644 96.5433 96.8669 97.143 97.3783 9.31136 9.41136
W+0_RB3-_S12_Forward 96.8247 97.1939 97.513 97.7885 98.0262 9.31388 9.41388
W+1_RB3-_S12_Backward 96.5103 96.8865 97.2121 97.4936 97.7369 9.36183 9.46183
W+1_RB3-_S12_Forward 96.6815 97.0471 97.3642 97.6391 97.8771 9.28419 9.38419
W-2_RB3+_S01_Backward 97.025 97.3979 97.7087 97.9674 98.1826 9.1785 9.2785
W-2_RB3+_S01_Forward 95.5329 95.9213 96.2421 96.5067 96.7248 9.12535 9.22535
W-1_RB3+_S01_Backward 97.2942 97.6961 98.0238 98.2904 98.5072 9.14377 9.24377
W-1_RB3+_S01_Forward 95.5978 95.9573 96.2663 96.5317 96.7594 9.25835 9.35835
W+0_RB3+_S01_Backward 96.59 96.9713 97.2953 97.5703 97.8035 9.19934 9.29934
W+0_RB3+_S01_Forward 96.9669 97.3377 97.6357 97.8747 98.0662 9.01096 9.11096
W+1_RB3+_S01_Backward 97.2817 97.6592 97.9629 98.2068 98.4024 9.24642 9.34642
W+1_RB3+_S01_Forward 96.6413 97.0116 97.3138 97.5602 97.7609 9.2329 9.3329
W+2_RB3+_S01_Backward 94.3379 94.6926 94.9988 95.2629 95.4906 9.28631 9.38631
W+2_RB3+_S01_Forward 95.9263 96.3156 96.6393 96.9082 97.1312 9.13737 9.23737
W-2_RB3+_S02_Backward 95.0637 95.4359 95.7567 96.0329 96.2706 9.28924 9.38924
W-2_RB3+_S02_Forward 96.86 97.2322 97.546 97.8104 98.033 9.2805 9.3805
W-1_RB3+_S02_Backward 97.1214 97.4993 97.8125 98.0718 98.2862 9.20201 9.30201
W-1_RB3+_S02_Forward 96.8353 97.198 97.5082 97.7732 97.9995 9.27584 9.37584
W+0_RB3+_S02_Backward 96.6648 96.9809 97.2676 97.5275 97.7629 9.48478 9.58478
W+0_RB3+_S02_Forward 96.5375 96.9098 97.2182 97.4734 97.6842 9.1742 9.2742
W+1_RB3+_S02_Backward 96.7858 97.1527 97.4698 97.7435 97.9795 9.43811 9.53811
W+1_RB3+_S02_Forward 115.564 115.912 116.233 116.528 116.8 10.1022 10.2022
W+2_RB3+_S02_Backward 97.2213 97.593 97.9081 98.1749 98.4007 9.33111 9.43111
W+2_RB3+_S02_Forward 96.8248 97.2279 97.5615 97.8372 98.0648 9.21855 9.31855
W-2_RB3+_S03_Backward 97.1558 97.5533 97.8818 98.153 98.3766 9.16473 9.26473
W-2_RB3+_S03_Forward 96.3133 96.6938 97.0153 97.2868 97.5157 9.17797 9.27797
W-1_RB3+_S03_Backward 96.92 97.3084 97.6311 97.8987 98.1206 9.17207 9.27207
W-1_RB3+_S03_Forward 96.7003 97.0865 97.4149 97.6939 97.9307 9.16425 9.26425
W+0_RB3+_S03_Backward 97.0038 97.3776 97.6806 97.9257 98.124 9.09156 9.19156
W+0_RB3+_S03_Forward 97.0895 97.4851 97.8096 98.0754 98.2929 9.09228 9.19228
W+1_RB3+_S03_Backward 96.804 97.1954 97.5208 97.7909 98.015 9.22115 9.32115
W+1_RB3+_S03_Forward 95.7648 96.1309 96.4474 96.7208 96.9567 9.33557 9.43557
W+2_RB3+_S03_Backward 88.5246 88.8764 89.1521 89.3679 89.5367 9.39993 9.49993
W+2_RB3+_S03_Forward 95.4308 95.7859 96.0422 96.2269 96.3598 9.34503 9.44503
W-2_RB3+_S04_Backward 94.9382 95.3022 95.6195 95.896 96.1367 9.44269 9.54269
W-2_RB3+_S04_Forward 95.2487 95.6145 95.9174 96.1679 96.3748 9.33298 9.43298
W-1_RB3+_S04_Backward 96.3711 96.7316 97.0467 97.3219 97.562 9.31964 9.41964
W-1_RB3+_S04_Forward 96.2922 96.6654 96.9869 97.2636 97.5015 9.313 9.413
W+0_RB3+_S04_Backward 92.4217 92.7721 93.0798 93.3497 93.5865 9.58973 9.68973
W+0_RB3+_S04_Forward 92.183 92.4782 92.7475 92.9929 93.2164 9.76442 9.86442
W+1_RB3+_S04_Backward 97.2154 97.6218 97.9558 98.23 98.4548 9.28967 9.38967
W+1_RB3+_S04_Forward 96.459 96.8171 97.1261 97.3925 97.6219 9.32864 9.42864
W+2_RB3+_S04_Backward 96.3724 96.7487 97.0664 97.3343 97.5601 9.23213 9.33213
W+2_RB3+_S04_Forward 96.806 97.2061 97.5413 97.8218 98.0564 9.19142 9.29142
W-2_RB3+_S05_Backward 96.359 96.7368 97.0577 97.3299 97.5606 9.21392 9.31392
W-2_RB3+_S05_Forward 96.5817 96.9548 97.2714 97.5397 97.7669 9.19927 9.29927
W-1_RB3+_S05_Backward 4.51814e-07 3.82956e-09 3.24593e-11 2.75124e-13 2.33194e-15 9.68195 9.78195
W-1_RB3+_S05_Forward 94.4827 94.816 95.1096 95.3679 95.595 9.35177 9.45177
W+1_RB3+_S05_Backward 96.9785 97.3335 97.6422 97.9103 98.143 9.34798 9.44798
W+1_RB3+_S05_Forward 96.9448 97.3171 97.6329 97.9004 98.1268 9.21352 9.31352
W+2_RB3+_S05_Backward 97.2495 97.6126 97.9247 98.1925 98.4222 9.31512 9.41512
W+2_RB3+_S05_Forward 96.0295 96.3838 96.6893 96.9526 97.1793 9.26783 9.36783
W-2_RB3+_S06_Backward 97.0924 97.4691 97.7869 98.0549 98.2806 9.25715 9.35715
W-2_RB3+_S06_Forward 97.1584 97.539 97.8567 98.1215 98.3421 9.16759 9.26759
W-1_RB3+_S06_Backward 96.9445 97.3477 97.6836 97.9631 98.1953 9.16154 9.26154
W-1_RB3+_S06_Forward 96.7656 97.1549 97.4784 97.7469 97.9695 9.21498 9.31498
W+0_RB3+_S06_Backward 96.8113 97.2201 97.5513 97.8191 98.0355 9.17078 9.27078
W+0_RB3+_S06_Forward 97.5602 97.9402 98.2552 98.516 98.7317 9.23346 9.33346
W+1_RB3+_S06_Backward 96.9004 97.2673 97.578 97.841 98.0634 9.33942 9.43942
W+1_RB3+_S06_Forward 96.9076 97.2757 97.5952 97.8723 98.1123 9.39124 9.49124
W+2_RB3+_S06_Backward 96.762 97.148 97.4745 97.7503 97.9831 9.2597 9.3597
W+2_RB3+_S06_Forward 96.0349 96.4267 96.7504 97.0175 97.2377 9.20005 9.30005
W-2_RB3+_S07_Backward 95.8286 96.1544 96.4469 96.7093 96.9445 9.63944 9.73944
W-2_RB3+_S07_Forward 96.2403 96.5884 96.8953 97.1658 97.404 9.54303 9.64303
W-1_RB3+_S07_Backward 97.0124 97.4074 97.74 98.0198 98.2549 9.23871 9.33871
W-1_RB3+_S07_Forward 97.3853 97.7671 98.0878 98.3567 98.5821 9.25103 9.35103
W+0_RB3+_S07_Backward 96.8077 97.2003 97.5198 97.7795 97.9903 9.2859 9.3859
W+0_RB3+_S07_Forward 97.3176 97.7093 98.0302 98.2929 98.5076 9.26409 9.36409
W+1_RB3+_S07_Backward 96.2812 96.6252 96.9284 97.1954 97.4303 9.40102 9.50102
W+1_RB3+_S07_Forward 96.6611 97.0274 97.3452 97.6207 97.8594 9.32524 9.42524
W+2_RB3+_S07_Backward 97.2597 97.6353 97.9464 98.2037 98.4164 9.33299 9.43299
W+2_RB3+_S07_Forward 97.4988 97.8872 98.2097 98.4772 98.6988 9.27735 9.37735
W-2_RB3+_S08_Backward 96.5517 96.9394 97.2674 97.5447 97.7787 9.24523 9.34523
W-2_RB3+_S08_Forward 96.6639 97.0659 97.3962 97.6672 97.8893 9.14957 9.24957
W-1_RB3+_S08_Backward 94.3516 94.7004 95.0084 95.2803 95.52 9.5915 9.6915
W-1_RB3+_S08_Forward 96.1742 96.5554 96.8828 97.1636 97.4042 9.32666 9.42666
W+0_RB3+_S08_Backward 94.1286 94.4861 94.789 95.0454 95.2623 9.35157 9.45157
W+0_RB3+_S08_Forward 94.3301 94.6931 95.0026 95.2662 95.4905 9.35836 9.45836
W+1_RB3+_S08_Backward 96.6616 97.0433 97.3694 97.6476 97.8847 9.27692 9.37692
W+1_RB3+_S08_Forward 96.7707 97.1576 97.4848 97.7612 97.9945 9.27199 9.37199
W+2_RB3+_S08_Backward 96.4841 96.8655 97.1945 97.478 97.722 9.29716 9.39716
W+2_RB3+_S08_Forward 96.2178 96.5897 96.9069 97.1772 97.4072 9.19727 9.29727
W-2_RB3+_S09_Backward 94.8648 95.223 95.5351 95.8068 96.043 9.59758 9.69758
W-2_RB3+_S09_Forward 91.5904 91.9275 92.2206 92.4754 92.6966 9.48232 9.58232
W-1_RB3+_S09_Backward 96.9769 97.3412 97.6512 97.9148 98.1388 9.2967 9.3967
W-1_RB3+_S09_Forward 96.8286 97.2159 97.5486 97.8342 98.0791 9.29951 9.39951
W+0_RB3+_S09_Backward 97.0003 97.3768 97.6963 97.9672 98.1966 9.29345 9.39345
W+0_RB3+_S09_Forward 96.8866 97.2858 97.6222 97.9054 98.1436 9.24215 9.34215
W+1_RB3+_S09_Backward 85.0824 85.4054 85.6857 85.9287 86.1392 9.36987 9.46987
W+1_RB3+_S09_Forward 96.3257 96.6996 97.0202 97.2948 97.5297 9.30289 9.40289
W+2_RB3+_S09_Backward 97.2903 97.6756 97.9975 98.266 98.4898 9.21033 9.31033
W+2_RB3+_S09_Forward 97.2184 97.6041 97.9302 98.2055 98.4377 9.14414 9.24414
W-2_RB3+_S10_Backward 97.0896 97.4579 97.7664 98.0246 98.2404 9.24986 9.34986
W-2_RB3+_S10_Forward 97.1335 97.5203 97.8474 98.1236 98.3567 9.23496 9.33496
W-1_RB3+_S10_Backward 95.5202 95.8881 96.1862 96.4275 96.6225 9.20033 9.30033
W+0_RB3+_S10_Backward 96.7239 97.1085 97.4388 97.7222 97.9651 9.31634 9.41634
W+0_RB3+_S10_Forward 95.9847 96.3367 96.6427 96.9086 97.1394 9.3342 9.4342
W+1_RB3+_S10_Backward 96.7228 97.1059 97.4316 97.708 97.9425 9.31575 9.41575
W+1_RB3+_S10_Forward 96.0214 96.4068 96.7347 97.0133 97.2498 9.28587 9.38587
W+2_RB3+_S10_Backward 96.3604 96.7256 97.035 97.2968 97.5182 9.21249 9.31249
W+2_RB3+_S10_Forward 96.7698 97.1736 97.5054 97.7778 98.0011 9.11642 9.21642
W-2_RB3+_S11_Backward 96.8063 97.1849 97.5082 97.7838 98.0186 9.29339 9.39339
W-2_RB3+_S11_Forward 96.8399 97.197 97.5064 97.7741 98.0056 9.31481 9.41481
W-1_RB3+_S11_Backward 93.2735 93.6352 93.9369 94.1883 94.3974 9.26843 9.36843
W-1_RB3+_S11_Forward 93.5275 93.8994 94.21 94.4693 94.6854 9.2518 9.3518
W+0_RB3+_S11_Backward 97.0394 97.4163 97.741 98.0204 98.2607 9.34978 9.44978
W+0_RB3+_S11_Forward 96.1056 96.4941 96.8248 97.1059 97.3447 9.3711 9.4711
W+1_RB3+_S11_Backward 96.808 97.1774 97.4906 97.7558 97.9801 9.24489 9.34489
W+1_RB3+_S11_Forward 96.7422 97.1234 97.4521 97.7352 97.9789 9.3043 9.4043
W+2_RB3+_S11_Backward 96.9477 97.3276 97.655 97.937 98.1797 9.33429 9.43429
W+2_RB3+_S11_Forward 96.442 96.8303 97.1589 97.4367 97.6713 9.2208 9.3208
W-2_RB3+_S12_Backward 97.3023 97.6943 98.0201 98.2904 98.5146 9.18131 9.28131
W-2_RB3+_S12_Forward 96.9281 97.314 97.63 97.8883 98.0994 9.14689 9.24689
W-1_RB3+_S12_Backward 97.0611 97.4385 97.7513 98.0102 98.2242 9.27672 9.37672
W-1_RB3+_S12_Forward 97.0459 97.4412 97.7631 98.0247 98.2371 9.19598 9.29598
W+0_RB3+_S12_Backward 96.8832 97.2695 97.5962 97.8721 98.105 9.26666 9.36666
W+0_RB3+_S12_Forward 96.8225 97.2167 97.5446 97.817 98.043 9.19183 9.29183
W+1_RB3+_S12_Backward 95.9422 96.3228 96.6464 96.9211 97.1541 9.34713 9.44713
W+1_RB3+_S12_Forward 96.1792 96.5219 96.8239 97.0898 97.3237 9.44162 9.54162
W+2_RB3+_S12_Backward 97.3439 97.7336 98.0529 98.3141 98.5275 9.13511 9.23511
W+2_RB3+_S12_Forward 96.3882 96.7645 97.0856 97.3594 97.5926 9.20249 9.30249
W-2_RB4-_S01_Backward 95.0609 95.0686 95.0703 95.0707 95.0708 8.84807 8.94807
W-2_RB4-_S01_Forward 100.002 100.003 100.003 100.003 100.003 9.04 9.14
W-1_RB4-_S01_Backward 96.9465 97.3423 97.6716 97.9451 98.1722 9.25538 9.35538
W-1_RB4-_S01_Forward 97.2377 97.6002 97.9101 98.1749 98.4008 9.41934 9.51934
W+0_RB4-_S01_Backward 97.0785 97.4584 97.7775 98.0451 98.2692 9.25089 9.35089
W+0_RB4-_S01_Forward 95.9457 96.2889 96.5892 96.8517 97.081 9.35607 9.45607
W+1_RB4-_S01_Backward 97.6926 98.0585 98.3714 98.6387 98.867 9.45457 9.55457
W-2_RB4-_S02_Backward 90.5922 90.9382 91.2161 91.4391 91.6177 9.36165 9.46165
W-2_RB4-_S02_Forward 97.9754 97.9838 97.9857 97.9861 97.9862 9.12036 9.22036
W-1_RB4-_S02_Backward 84.5918 84.9195 85.1785 85.3827 85.5436 9.54041 9.64041
W+0_RB4-_S02_Backward 96.8925 97.253 97.5681 97.8432 98.0832 9.35113 9.45113
W+0_RB4-_S02_Forward 93.2245 93.6055 93.9204 94.1803 94.3945 9.24921 9.34921
W+1_RB4-_S02_Backward 96.1609 96.5046 96.8114 97.0851 97.329 9.73307 9.83307
W+1_RB4-_S02_Forward 95.0606 95.4052 95.7111 95.9825 96.2232 9.61622 9.71622
W-2_RB4-_S03_Backward 97.3368 97.7305 98.0508 98.3111 98.5223 9.21937 9.31937
W-1_RB4-_S03_Backward 96.9685 97.3536 97.6689 97.9266 98.1371 9.15156 9.25156
W-1_RB4-_S03_Forward 95.8914 96.2553 96.5653 96.829 97.0532 9.2663 9.3663
W+0_RB4-_S03_Backward 93.2093 93.5609 93.8587 94.1107 94.3237 9.27183 9.37183
W+0_RB4-_S03_Forward 90.225 90.5808 90.8846 91.1438 91.3648 9.30374 9.40374
W+1_RB4-_S03_Backward 97.3849 97.7618 98.0894 98.3737 98.6203 9.35593 9.45593
W+1_RB4-_S03_Forward 96.8136 97.1794 97.4981 97.7755 98.0168 9.39851 9.49851
W-2_RB4--_S04_Backward 92.1755 92.5634 92.8722 93.1174 93.312 9.05333 9.15333
W-2_RB4--_S04_Forward 96.8178 97.1838 97.4999 97.7728 98.008 9.21499 9.31499
W-1_RB4--_S04_Backward 94.0854 94.4501 94.7628 95.0306 95.2598 9.17874 9.27874
W-1_RB4--_S04_Forward 96.2868 96.6534 96.9702 97.2438 97.4797 9.2213 9.3213
W+0_RB4--_S04_Backward 97.2817 97.6498 97.9634 98.2301 98.4568 9.23467 9.33467
W+0_RB4--_S04_Forward 96.2512 96.6214 96.9353 97.2013 97.4264 9.2143 9.3143
W+1_RB4--_S04_Backward 93.144 93.4976 93.7955 94.0463 94.2572 9.34206 9.44206
W+1_RB4--_S04_Forward 95.3608 95.703 96.0047 96.2705 96.5044 9.50998 9.60998
W+2_RB4--_S04_Backward 96.3679 96.368 96.368 96.368 96.368 9.2202 9.3202
W+2_RB4--_S04_Forward 96.3445 96.7326 97.0645 97.3481 97.5902 9.21017 9.31017
W-2_RB4-_S05_Backward 95.759 96.1522 96.4836 96.7625 96.997 9.2375 9.3375
W-2_RB4-_S05_Forward 96.6869 97.0558 97.3787 97.661 97.9077 9.36281 9.46281
W-1_RB4-_S05_Backward 96.6312 97.0315 97.3627 97.6363 97.8621 9.22038 9.32038
W-1_RB4-_S05_Forward 96.6471 97.0252 97.3512 97.6319 97.8733 9.27231 9.37231
W+0_RB4-_S05_Backward 93.1609 93.5308 93.8452 94.1122 94.3387 9.3025 9.4025
W+0_RB4-_S05_Forward 96.1053 96.5021 96.8346 97.1128 97.3454 9.29683 9.39683
W+1_RB4-_S05_Backward 96.9811 97.3675 97.6884 97.9544 98.1748 9.26579 9.36579
W+1_RB4-_S05_Forward 94.9248 95.3006 95.6146 95.8765 96.0947 9.23704 9.33704
W+2_RB4-_S05_Backward 96.7047 97.0767 97.3905 97.6549 97.8774 9.26061 9.36061
W+2_RB4-_S05_Forward 96.8984 97.279 97.6087 97.8939 98.1405 9.27593 9.37593
W-2_RB4-_S06_Backward 97.1677 97.5389 97.8501 98.1106 98.3284 9.30725 9.40725
W-2_RB4-_S06_Forward 96.2651 96.5967 96.8922 97.1551 97.389 9.55967 9.65967
W+0_RB4-_S06_Backward 97.2877 97.6556 97.9656 98.2265 98.4457 9.2932 9.3932
W+0_RB4-_S06_Forward 95.803 96.1782 96.4984 96.7715 97.0041 9.27927 9.37927
W+1_RB4-_S06_Backward 96.1761 96.5462 96.8648 97.1388 97.3743 9.41282 9.51282
W+1_RB4-_S06_Forward 97.4782 97.823 98.1287 98.3996 98.6394 9.43812 9.53812
W+2_RB4-_S06_Backward 96.0073 96.3879 96.7017 96.9601 97.1726 9.2458 9.3458
W+2_RB4-_S06_Forward 97.2202 97.5513 97.8493 98.1174 98.3584 9.43566 9.53566
W-2_RB4-_S07_Backward 96.4094 96.7799 97.0751 97.31 97.4966 9.2995 9.3995
W-1_RB4-_S07_Backward 96.3827 96.7368 97.0448 97.3123 97.5446 9.2992 9.3992
W-1_RB4-_S07_Forward 97.1414 97.5251 97.8475 98.1181 98.345 9.28036 9.38036
W+0_RB4-_S07_Backward 95.8338 96.1825 96.4855 96.7486 96.9769 9.45887 9.55887
W+0_RB4-_S07_Forward 71.89 72.1638 72.3919 72.5816 72.7392 9.33799 9.43799
W+1_RB4-_S07_Backward 96.7091 97.0839 97.4019 97.6714 97.8997 9.30407 9.40407
W+1_RB4-_S07_Forward 96.94 97.2866 97.5951 97.8694 98.1132 9.32949 9.42949
W-2_RB4-_S08_Backward 97.147 97.4878 97.7934 98.0672 98.3125 9.53406 9.63406
W-2_RB4-_S08_Forward 97.534 97.8843 98.1961 98.4735 98.7201 9.48099 9.58099
W-1_RB4-_S08_Backward 96.3875 96.7568 97.0682 97.3304 97.5511 9.30533 9.40533
W-1_RB4-_S08_Forward 97.0315 97.4098 97.7373 98.0204 98.2651 9.37951 9.47951
W+0_RB4-_S08_Backward 97.4603 97.8226 98.1415 98.4219 98.6684 9.4359 9.5359
W+0_RB4-_S08_Forward 93.5404 93.8779 94.1774 94.4431 94.6786 9.44973 9.54973
W+1_RB4-_S08_Backward 97.1264 97.5008 97.82 98.092 98.3234 9.31871 9.41871
W+1_RB4-_S08_Forward 95.6391 95.9954 96.3091 96.585 96.8275 9.37343 9.47343
W+2_RB4-_S08_Backward 95.8123 96.1622 96.4676 96.7339 96.966 9.26193 9.36193
W+2_RB4-_S08_Forward 99.2584 99.6004 99.904 100.174 100.413 9.44626 9.54626
W-2_RB4_S09_Backward 95.985 96.363 96.6824 96.952 97.1793 9.29096 9.39096
W-2_RB4_S09_Forward 97.3759 97.7414 98.0597 98.3367 98.5774 9.46187 9.56187
W-1_RB4_S09_Backward 94.2919 94.6412 94.9464 95.2127 95.445 9.51059 9.61059
W-1_RB4_S09_Forward 98.8612 99.1967 99.4978 99.7679 100.01 9.63754 9.73754
W+0_RB4_S09_Backward 94.1431 94.4929 94.7986 95.0655 95.2983 9.41071 9.51071
W+0_RB4_S09_Forward 96.8643 97.2237 97.5376 97.8117 98.0507 9.37305 9.47305
W+1_RB4_S09_Backward 96.7698 97.1223 97.4321 97.7043 97.9432 9.42133 9.52133
W+1_RB4_S09_Forward 96.8552 97.2438 97.5761 97.86 98.1022 9.31549 9.41549
W+2_RB4_S09_Backward 95.5499 95.9508 96.2754 96.5378 96.7497 9.23784 9.33784
W+2_RB4_S09_Forward 97.1025 97.4734 97.7968 98.0784 98.3235 9.39013 9.49013
W-2_RB4-_S10_Backward 96.8015 97.1738 97.4841 97.7424 97.9573 9.35816 9.45816
W-2_RB4-_S10_Forward 96.8255 97.1784 97.4876 97.7582 97.9948 9.39605 9.49605
W-1_RB4-_S10_Backward 87.7568 88.1119 88.4107 88.662 88.873 9.34606 9.44606
W-1_RB4-_S10_Forward 97.389 97.723 98.0222 98.2901 98.5296 9.50449 9.60449
W+0_RB4-_S10_Backward 96.8631 97.2555 97.5839 97.8583 98.0873 9.29844 9.39844
W+0_RB4-_S10_Forward 96.6205 96.9727 97.2788 97.5447 97.7754 9.39633 9.49633
W+1_RB4-_S10_Backward 95.8984 96.2625 96.5743 96.8409 97.0687 9.40063 9.50063
W+1_RB4-_S10_Forward 95.5864 95.9336 96.2399 96.5099 96.7477 9.50246 9.60246
W+2_RB4-_S10_Backward 94.1966 94.5716 94.892 95.1656 95.3989 9.33257 9.43257
W+2_RB4-_S10_Forward 97.0542 97.4114 97.7233 97.9954 98.2326 9.39246 9.49246
W-2_RB4_S11_Backward 96.569 96.9661 97.2815 97.5315 97.7295 9.20824 9.30824
W-2_RB4_S11_Forward 96.3675 96.7207 97.0302 97.3012 97.5382 9.44524 9.54524
W-1_RB4_S11_Backward 96.9901 97.3494 97.6579 97.9226 98.1494 9.3703 9.4703
W-1_RB4_S11_Forward 93.0059 93.3529 93.6549 93.9175 94.1458 9.39038 9.49038
W+0_RB4_S11_Backward 91.9576 92.312 92.6157 92.8756 93.098 9.39474 9.49474
W+0_RB4_S11_Forward 97.2831 97.6415 97.9568 98.2341 98.4776 9.48605 9.58605
W+1_RB4_S11_Backward 97.0706 97.4588 97.7906 98.074 98.3158 9.3331 9.4331
W+1_RB4_S11_Forward 96.8869 97.2602 97.5785 97.8496 98.0803 9.29318 9.39318
W+2_RB4_S11_Backward 97.1848 97.5718 97.901 98.1805 98.4176 9.28005 9.38005
W+2_RB4_S11_Forward 96.8069 97.1679 97.4809 97.7519 97.9864 9.38254 9.48254
W-2_RB4-_S12_Backward 95.5095 95.9042 96.2147 96.4585 96.6499 9.30308 9.40308
W-2_RB4-_S12_Forward 96.7228 97.0908 97.3974 97.6523 97.8642 9.291 9.391
W-1_RB4-_S12_Backward 89.0678 89.4089 89.6829 89.9028 90.079 9.09265 9.19265
W-1_RB4-_S12_Forward 92.509 92.8811 93.1759 93.4093 93.5937 9.1202 9.2202
W+0_RB4-_S12_Backward 95.4995 95.8723 96.195 96.4741 96.7153 9.50422 9.60422
W+0_RB4-_S12_Forward 91.7698 92.1333 92.4469 92.7171 92.9498 9.50445 9.60445
W+1_RB4-_S12_Backward 95.8728 96.2561 96.5854 96.868 97.1103 9.33608 9.43608
W+1_RB4-_S12_Forward 95.6853 96.0623 96.3809 96.6497 96.8764 9.2468 9.3468
W+2_RB4-_S12_Backward 95.8416 96.2263 96.5552 96.8362 97.076 9.30529 9.40529
W+2_RB4-_S12_Forward 97.1056 97.4921 97.8169 98.0897 98.3186 9.26991 9.36991
W-1_RB4+_S01_Backward 96.5184 96.9091 97.2339 97.5035 97.7272 9.22651 9.32651
W-1_RB4+_S01_Forward 96.2282 96.5978 96.9144 97.1854 97.4171 9.25207 9.35207
W+0_RB4+_S01_Backward 97.0636 97.4298 97.7156 97.9383 98.1116 9.13986 9.23986
W+0_RB4+_S01_Forward 96.2156 96.6024 96.9315 97.2112 97.4487 9.27957 9.37957
W+1_RB4+_S01_Backward 94.4682 94.8372 95.1522 95.4208 95.6495 9.47473 9.57473
W+1_RB4+_S01_Forward 90.5037 90.8533 91.1582 91.424 91.6555 9.49892 9.59892
W-2_RB4+_S02_Backward 96.1511 96.538 96.8689 97.1516 97.3929 9.34437 9.44437
W-2_RB4+_S02_Forward 101.132 101.49 101.807 102.088 102.337 9.43112 9.53112
W-1_RB4+_S02_Backward 97.0069 97.3953 97.7219 97.9963 98.2266 9.29137 9.39137
W-1_RB4+_S02_Forward 96.9058 97.2935 97.6176 97.8882 98.1139 9.20182 9.30182
W+0_RB4+_S02_Backward 96.1647 96.529 96.836 97.0943 97.3116 9.29209 9.39209
W+0_RB4+_S02_Forward 95.0189 95.4021 95.7283 96.0055 96.2409 9.28696 9.38696
W+1_RB4+_S02_Backward 96.633 96.971 97.2695 97.5329 97.7652 9.45964 9.55964
W+1_RB4+_S02_Forward 96.4695 96.8698 97.2053 97.4862 97.7212 9.29793 9.39793
W+2_RB4+_S02_Backward 97.8611 98.1903 98.4871 98.7547 98.9957 9.61522 9.71522
W+2_RB4+_S02_Forward 96.3024 96.6542 96.9657 97.2413 97.4849 9.52488 9.62488
W-2_RB4+_S03_Backward 95.9689 96.3358 96.6374 96.885 97.0881 9.21544 9.31544
W-2_RB4+_S03_Forward 96.5108 96.8784 97.1961 97.4704 97.7071 9.30679 9.40679
W-1_RB4+_S03_Backward 96.9197 97.2899 97.6001 97.8598 98.077 9.17298 9.27298
W-1_RB4+_S03_Forward 96.447 96.8275 97.1556 97.4384 97.6817 9.23464 9.33464
W+0_RB4+_S03_Backward 96.8142 97.1854 97.4965 97.7571 97.9752 9.26586 9.36586
W+0_RB4+_S03_Forward 96.9812 97.3443 97.6577 97.928 98.1609 9.34368 9.44368
W+1_RB4+_S03_Backward 95.6221 95.9894 96.3041 96.5735 96.8038 9.2768 9.3768
W+1_RB4+_S03_Forward 96.4783 96.8422 97.1505 97.4113 97.6318 9.31179 9.41179
W+2_RB4+_S03_Backward 95.5453 95.885 96.1852 96.4504 96.6845 9.36529 9.46529
W+2_RB4+_S03_Forward 96.0195 96.3583 96.6595 96.9272 97.1649 9.32374 9.42374
W-2_RB4-_S04_Backward 96.7973 97.1736 97.4875 97.749 97.9667 9.15877 9.25877
W-2_RB4-_S04_Forward 96.0284 96.3772 96.686 96.9591 97.2005 9.38353 9.48353
W-1_RB4-_S04_Backward 97.2423 97.6134 97.9206 98.1746 98.3843 9.14501 9.24501
W-1_RB4-_S04_Forward 95.6037 95.9912 96.3133 96.5808 96.8027 9.14088 9.24088
W+0_RB4-_S04_Backward 95.8911 96.2602 96.5808 96.859 97.1002 9.32293 9.42293
W+0_RB4-_S04_Forward 96.6225 96.9919 97.3015 97.5607 97.7775 9.23105 9.33105
W+2_RB4-_S04_Backward 96.1306 96.5068 96.828 97.1019 97.3352 9.25014 9.35014
W+2_RB4-_S04_Forward 96.7673 97.1042 97.4027 97.6669 97.9006 9.40621 9.50621
W-1_RB4+_S05_Backward 96.0484 96.4337 96.7578 97.0301 97.2587 9.20851 9.30851
W-1_RB4+_S05_Forward 96.1318 96.4957 96.8086 97.0774 97.3081 9.27785 9.37785
W+0_RB4+_S05_Backward 96.5637 96.9356 97.2587 97.5391 97.7822 9.34178 9.44178
W+0_RB4+_S05_Forward 96.3206 96.7031 97.0246 97.2945 97.5208 9.31753 9.41753
W+1_RB4+_S05_Backward 97.0226 97.4148 97.7314 97.9865 98.1918 9.27534 9.37534
W+1_RB4+_S05_Forward 96.7553 97.1088 97.416 97.6829 97.9145 9.32316 9.42316
W+2_RB4+_S05_Backward 96.5153 96.8869 97.2083 97.486 97.7258 9.24144 9.34144
W+2_RB4+_S05_Forward 96.3613 96.7163 97.0263 97.2967 97.5325 9.32546 9.42546
W-1_RB4+_S06_Backward 97.0195 97.3968 97.6978 97.9374 98.1281 9.24636 9.34636
W-1_RB4+_S06_Forward 96.7769 97.1211 97.4232 97.6883 97.9206 9.39105 9.49105
W+0_RB4+_S06_Backward 96.3693 96.744 97.0584 97.322 97.5427 9.26385 9.36385
W+0_RB4+_S06_Forward 96.5433 96.8937 97.1994 97.4658 97.6979 9.39392 9.49392
W+1_RB4+_S06_Backward 96.7647 97.1385 97.4645 97.7487 97.9962 9.45228 9.55228
W+1_RB4+_S06_Forward 99.2548 99.5853 99.8817 100.147 100.385 9.61547 9.71547
W-2_RB4+_S07_Backward 95.131 95.4581 95.6883 95.8501 95.9637 9.10359 9.20359
W-2_RB4+_S07_Forward 97.0699 97.4709 97.776 98.0078 98.1835 9.21078 9.31078
W-1_RB4+_S07_Backward 95.7796 96.1584 96.482 96.7581 96.9934 9.21978 9.31978
W-1_RB4+_S07_Forward 96.8307 97.2024 97.514 97.7749 97.9932 9.1792 9.2792
W+0_RB4+_S07_Backward 95.0909 95.4749 95.7919 96.0533 96.2685 9.13107 9.23107
W+0_RB4+_S07_Forward 96.7145 97.0847 97.382 97.6205 97.8117 9.13624 9.23624
W+1_RB4+_S07_Backward 97.6482 98.0313 98.349 98.6122 98.8299 9.22411 9.32411
W+1_RB4+_S07_Forward 96.7915 97.1846 97.5193 97.804 98.0458 9.15704 9.25704
W+2_RB4+_S07_Backward 93.9096 94.2747 94.5907 94.864 95.1 9.37392 9.47392
W+2_RB4+_S07_Forward 100.001 100.001 100.001 100.001 100.001 9.27207 9.37207
W-2_RB4+_S08_Backward 90.1175 90.472 90.7747 91.0329 91.2529 9.29152 9.39152
W-2_RB4+_S08_Forward 92.3985 92.7474 93.0501 93.3124 93.5396 9.34873 9.44873
W-1_RB4+_S08_Backward 95.359 95.7602 96.0822 96.3404 96.5471 9.08289 9.18289
W-1_RB4+_S08_Forward 95.4264 95.8168 96.1475 96.4274 96.664 9.18554 9.28554
W+0_RB4+_S08_Backward 96.7909 97.1599 97.471 97.733 97.9533 9.34956 9.44956
W+0_RB4+_S08_Forward 96.8944 97.2918 97.6129 97.872 98.0808 9.27397 9.37397
W+1_RB4+_S08_Backward 95.9536 96.3396 96.6559 96.9148 97.1264 9.29426 9.39426
W+1_RB4+_S08_Forward 96.642 97.0253 97.3511 97.6277 97.8623 9.35284 9.45284
W+2_RB4+_S08_Backward 85.9809 86.3189 86.5932 86.8156 86.9957 9.15509 9.25509
W+2_RB4+_S08_Forward 78.632 78.9356 79.1871 79.3952 79.5672 9.13685 9.23685
W-2_RB4+_S10_Backward 93.2158 93.582 93.8914 94.1525 94.3725 9.37656 9.47656
W-2_RB4+_S10_Forward 97.5375 97.8802 98.1866 98.4605 98.7051 9.49094 9.59094
W-1_RB4+_S10_Backward 95.3187 95.672 95.9755 96.2358 96.4589 9.44623 9.54623
W-1_RB4+_S10_Forward 98.7042 98.9565 99.1927 99.4139 99.6209 9.88559 9.98559
W+0_RB4+_S10_Backward 97.0151 97.389 97.7095 97.9838 98.2185 9.308 9.408
W+0_RB4+_S10_Forward 66.8077 67.0544 67.2715 67.4624 67.6301 9.4244 9.5244
W+1_RB4+_S10_Backward 96.6291 97.0182 97.3393 97.604 97.8219 9.23444 9.33444
W+1_RB4+_S10_Forward 96.4054 96.7651 97.0755 97.3432 97.5738 9.31521 9.41521
W+2_RB4+_S10_Backward 97.1331 97.5084 97.8267 98.0966 98.325 9.3652 9.4652
W+2_RB4+_S10_Forward 96.6011 96.9605 97.2756 97.5518 97.7937 9.44232 9.54232
W-2_RB4+_S12_Backward 95.6338 95.9986 96.3004 96.5499 96.7559 9.31486 9.41486
W-2_RB4+_S12_Forward 97.4149 97.7575 98.0601 98.3273 98.5629 9.38454 9.48454
W-1_RB4+_S12_Backward 96.7203 97.0917 97.4066 97.6734 97.8992 9.27036 9.37036
W-1_RB4+_S12_Forward 96.4643 96.8538 97.1816 97.4572 97.6886 9.18921 9.28921
W+0_RB4+_S12_Backward 97.0068 97.3955 97.7243 98.0021 98.2367 9.28395 9.38395
W+0_RB4+_S12_Forward 96.8107 97.1711 97.4821 97.7502 97.9812 9.32311 9.42311
W+1_RB4+_S12_Backward 95.9275 96.2996 96.617 96.8876 97.1179 9.41936 9.51936
W+1_RB4+_S12_Forward 97.3837 97.7444 98.0629 98.3441 98.592 9.46445 9.56445
W+2_RB4+_S12_Backward 95.9043 96.2767 96.5976 96.8737 97.1112 9.29998 9.39998
W+2_RB4+_S12_Forward 97.7316 98.1009 98.4184 98.6911 98.9252 9.31119 9.41119
W-2_RB4+_S04_Backward 96.1741 96.5677 96.893 97.1615 97.3829 9.19288 9.29288
W-2_RB4+_S04_Forward 96.5486 96.9282 97.257 97.5415 97.7874 9.27025 9.37025
W-1_RB4+_S04_Backward 96.5356 96.9303 97.2543 97.5197 97.7369 9.13032 9.23032
W-1_RB4+_S04_Forward 96.9634 97.3355 97.6414 97.8926 98.0987 9.18218 9.28218
W+0_RB4+_S04_Backward 96.0768 96.4525 96.766 97.0273 97.2448 9.21587 9.31587
W+0_RB4+_S04_Forward 96.9109 97.2701 97.5851 97.861 98.1026 9.38888 9.48888
W+1_RB4+_S04_Backward 96.4422 96.822 97.1447 97.4185 97.6506 9.24582 9.34582
W+1_RB4+_S04_Forward 95.3942 95.7568 96.0729 96.3481 96.5875 9.52844 9.62844
W+2_RB4+_S04_Backward 97.1839 97.5656 97.8915 98.1694 98.4063 9.20123 9.30123
W+2_RB4+_S04_Forward 96.1433 96.4945 96.801 97.0683 97.3012 9.37987 9.47987
W-2_RB4++_S04_Backward 96.3648 96.7101 97.0145 97.2825 97.5184 9.30428 9.40428
W-2_RB4++_S04_Forward 88.4499 88.8112 89.1155 89.3716 89.5867 9.21044 9.31044
W-1_RB4++_S04_Backward 97.5278 97.905 98.2083 98.4518 98.6472 9.11794 9.21794
W-1_RB4++_S04_Forward 96.6765 97.051 97.3704 97.6425 97.8742 9.25172 9.35172
W+0_RB4++_S04_Backward 97.3974 97.7803 98.0934 98.3492 98.558 9.19673 9.29673
W+0_RB4++_S04_Forward 96.9392 97.301 97.6184 97.8966 98.1402 9.31048 9.41048
W+2_RB4++_S04_Backward 92.9477 93.3092 93.6047 93.8459 94.0425 9.20474 9.30474
W+2_RB4++_S04_Forward 96.2771 96.6281 96.9345 97.2016 97.4343 9.30461 9.40461
