RE-1_R2_CH01_A 98.8954 99.0313 99.1418 99.2317 99.3047 9.44027 9.54027
RE-1_R2_CH01_B 99.242 99.3538 99.4416 99.5104 99.5644 9.42596 9.52596
RE-1_R2_CH01_C 98.2419 98.3833 98.4992 98.5941 98.6718 9.50342 9.60342
RE-1_R2_CH02_A 97.7358 97.8898 98.0166 98.1211 98.207 9.48311 9.58311
RE-1_R2_CH02_B 97.9072 98.0698 98.2054 98.3184 98.4126 9.47334 9.57334
RE-1_R2_CH02_C 97.5419 97.6943 97.8204 97.9247 98.0109 9.49174 9.59174
RE-1_R2_CH03_A 98.4457 98.6024 98.7314 98.8377 98.9253 9.43894 9.53894
RE-1_R2_CH03_B 98.732 98.8731 98.9888 99.0836 99.1611 9.51574 9.61574
RE-1_R2_CH03_C 96.9062 97.0452 97.1585 97.2507 97.3259 9.5621 9.6621
RE-1_R2_CH04_A 97.7441 97.9015 98.0338 98.1449 98.2381 9.51776 9.61776
RE-1_R2_CH04_B 98.9365 99.1021 99.2402 99.3555 99.4515 9.55231 9.65231
RE-1_R2_CH04_C 97.2179 97.3753 97.5064 97.6155 97.7063 9.55183 9.65183
RE-1_R2_CH05_A 98.07 98.1946 98.2937 98.3725 98.4351 9.28554 9.38554
RE-1_R2_CH05_B 98.1308 98.2594 98.3612 98.4418 98.5055 9.30597 9.40597
RE-1_R2_CH05_C 97.7184 97.8471 97.9509 98.0347 98.1021 9.31258 9.41258
RE-1_R2_CH06_A 97.4326 97.5918 97.7245 97.8351 97.9271 9.43975 9.53975
RE-1_R2_CH06_B 98.8454 98.9937 99.1161 99.2171 99.3004 9.43763 9.53763
RE-1_R2_CH06_C 97.6585 97.8314 97.9786 98.1038 98.2103 9.44666 9.54666
RE-1_R2_CH07_A 98.7067 98.8595 98.9864 99.0919 99.1794 9.37317 9.47317
RE-1_R2_CH07_B 98.0201 98.1701 98.2928 98.3931 98.4751 9.36932 9.46932
RE-1_R2_CH07_C 98.0323 98.1821 98.3071 98.4114 98.4982 9.44321 9.54321
RE-1_R2_CH08_A 98.348 98.502 98.6306 98.738 98.8276 9.35942 9.45942
RE-1_R2_CH08_B 98.4492 98.6073 98.7395 98.8501 98.9425 9.31442 9.41442
RE-1_R2_CH08_C 98.4919 98.6361 98.7544 98.8514 98.9309 9.28909 9.38909
RE-1_R2_CH09_A 98.7042 98.8475 98.9645 99.0598 99.1375 9.32167 9.42167
RE-1_R2_CH09_B 98.9197 99.0277 99.1112 99.1755 99.2252 9.28418 9.38418
RE-1_R2_CH09_C 98.4544 98.594 98.7083 98.8019 98.8784 9.38587 9.48587
RE-1_R2_CH10_A 99.0142 99.1395 99.2384 99.3166 99.3783 9.32682 9.42682
RE-1_R2_CH10_B 99.0353 99.1509 99.2405 99.3099 99.3637 9.31723 9.41723
RE-1_R2_CH10_C 98.7213 98.8663 98.9852 99.0828 99.1627 9.46546 9.56546
RE-1_R2_CH11_A 98.2532 98.417 98.5536 98.6675 98.7624 9.38538 9.48538
RE-1_R2_CH11_B 98.7584 98.8833 98.9832 99.0631 99.127 9.33654 9.43654
RE-1_R2_CH11_C 98.1717 98.3124 98.4257 98.5171 98.5906 9.36317 9.46317
RE-1_R2_CH12_A 99.1857 99.3096 99.408 99.4862 99.5483 9.28135 9.38135
RE-1_R2_CH12_B 99.1705 99.3085 99.4207 99.512 99.5863 9.37742 9.47742
RE-1_R2_CH12_C 98.8413 98.9811 99.0944 99.1861 99.2603 9.33208 9.43208
RE-1_R2_CH13_A 99.1365 99.2481 99.3345 99.4012 99.4528 9.27961 9.37961
RE-1_R2_CH13_B 98.9643 99.0792 99.1695 99.2405 99.2962 9.2846 9.3846
RE-1_R2_CH13_C 99.0014 99.117 99.2079 99.2794 99.3355 9.30952 9.40952
RE-1_R2_CH14_A 98.8303 99.0007 99.1449 99.267 99.3702 9.49632 9.59632
RE-1_R2_CH14_B 99.3031 99.4217 99.5157 99.5901 99.6491 9.36397 9.46397
RE-1_R2_CH14_C 98.7275 98.8628 98.9722 99.0606 99.132 9.42303 9.52303
RE-1_R2_CH15_A 98.1165 98.2979 98.4538 98.5877 98.7027 9.47071 9.57071
RE-1_R2_CH15_B 98.9611 99.108 99.2285 99.3275 99.4087 9.33896 9.43896
RE-1_R2_CH15_C 98.6905 98.8478 98.9794 99.0893 99.1812 9.36527 9.46527
RE-1_R2_CH16_A 99.0361 99.1601 99.2592 99.3385 99.4019 9.42834 9.52834
RE-1_R2_CH16_B 99.4077 99.5237 99.6143 99.685 99.7401 9.40607 9.50607
RE-1_R2_CH16_C 98.8312 98.9643 99.0718 99.1586 99.2286 9.45349 9.55349
RE-1_R2_CH17_A 98.8611 98.9835 99.0807 99.1578 99.2191 9.31609 9.41609
RE-1_R2_CH17_B 98.283 98.391 98.4744 98.5388 98.5886 9.29203 9.39203
RE-1_R2_CH17_C 98.6497 98.7715 98.8681 98.9449 99.0057 9.37687 9.47687
RE-1_R2_CH18_A 97.699 97.8527 97.9805 98.0867 98.175 9.48002 9.58002
RE-1_R2_CH18_B 98.5843 98.7291 98.8485 98.947 99.0281 9.45422 9.55422
RE-1_R2_CH18_C 97.7875 97.9477 98.0818 98.194 98.2879 9.49079 9.59079
RE-1_R2_CH19_A 99.1957 99.3102 99.3995 99.4692 99.5235 9.2611 9.3611
RE-1_R2_CH19_B 98.6934 98.8031 98.889 98.9564 99.0092 9.28123 9.38123
RE-1_R2_CH19_C 98.8341 98.9592 99.0594 99.1394 99.2035 9.30219 9.40219
RE-1_R2_CH20_A 98.2272 98.3896 98.5262 98.6411 98.7377 9.4431 9.5431
RE-1_R2_CH20_B 98.3972 98.5644 98.7058 98.8254 98.9265 9.49282 9.59282
RE-1_R2_CH20_C 98.3763 98.5601 98.7187 98.8555 98.9734 9.50165 9.60165
RE-1_R2_CH21_A 99.3192 99.4408 99.5361 99.6107 99.6691 9.37116 9.47116
RE-1_R2_CH21_B 98.698 98.8224 98.9213 98.9999 99.0623 9.42889 9.52889
RE-1_R2_CH21_C 98.7412 98.8829 98.9972 99.0892 99.1632 9.4589 9.5589
RE-1_R2_CH22_A 98.6671 98.8098 98.9267 99.0225 99.101 9.50547 9.60547
RE-1_R2_CH22_B 98.7448 98.8896 99.0078 99.1042 99.1828 9.46527 9.56527
RE-1_R2_CH22_C 98.8287 98.9488 99.0441 99.1196 99.1795 9.39979 9.49979
RE-1_R2_CH23_A 98.5081 98.6381 98.7418 98.8244 98.8902 9.48419 9.58419
RE-1_R2_CH23_B 98.8239 98.9387 99.0277 99.0966 99.15 9.34597 9.44597
RE-1_R2_CH23_C 98.4138 98.5563 98.6726 98.7674 98.8446 9.41788 9.51788
RE-1_R2_CH24_A 97.7561 97.9177 98.0524 98.1647 98.2582 9.63479 9.73479
RE-1_R2_CH24_B 99.225 99.3672 99.4836 99.579 99.6571 9.59703 9.69703
RE-1_R2_CH24_C 98.0849 98.218 98.3262 98.414 98.4854 9.58069 9.68069
RE-1_R2_CH25_A 99.0808 99.1992 99.2931 99.3674 99.4263 9.4089 9.5089
RE-1_R2_CH25_B 98.6355 98.7465 98.8329 98.9003 98.9527 9.31809 9.41809
RE-1_R2_CH25_C 98.402 98.5485 98.6694 98.7692 98.8514 9.42394 9.52394
RE-1_R2_CH26_A 99.1185 99.2139 99.2865 99.3416 99.3835 9.52926 9.62926
RE-1_R2_CH26_B 97.9168 98.0402 98.1377 98.2147 98.2755 9.55509 9.65509
RE-1_R2_CH26_C 98.6782 98.8104 98.9171 99.0032 99.0728 9.58911 9.68911
RE-1_R2_CH27_A 99.2046 99.3546 99.4772 99.5774 99.6592 9.42856 9.52856
RE-1_R2_CH27_B 98.9123 99.0437 99.1491 99.2336 99.3014 9.4073 9.5073
RE-1_R2_CH27_C 98.6467 98.7941 98.9163 99.0177 99.1017 9.43516 9.53516
RE-1_R2_CH28_A 99.0914 99.2057 99.2955 99.3661 99.4215 9.47823 9.57823
RE-1_R2_CH28_B 98.8542 99.0019 99.1227 99.2213 99.3018 9.51703 9.61703
RE-1_R2_CH28_C 97.7594 97.8969 98.0082 98.0983 98.1713 9.46251 9.56251
RE-1_R2_CH29_A 99.3965 99.5177 99.6132 99.6885 99.7478 9.38386 9.48386
RE-1_R2_CH29_B 99.4217 99.5427 99.638 99.7131 99.7723 9.42863 9.52863
RE-1_R2_CH29_C 98.808 98.9497 99.0639 99.1558 99.2299 9.46705 9.56705
RE-1_R2_CH30_A 99.1557 99.2787 99.375 99.4505 99.5096 9.52591 9.62591
RE-1_R2_CH30_B 99.2776 99.4049 99.5057 99.5853 99.6481 9.44845 9.54845
RE-1_R2_CH30_C 99.049 99.1798 99.2853 99.3704 99.439 9.48754 9.58754
RE-1_R2_CH31_A 99.3401 99.4541 99.543 99.6124 99.6664 9.40404 9.50404
RE-1_R2_CH31_B 99.1566 99.2851 99.3874 99.4689 99.5337 9.44064 9.54064
RE-1_R2_CH31_C 98.4588 98.5884 98.6924 98.7758 98.8426 9.45572 9.55572
RE-1_R2_CH32_A 98.0242 98.1789 98.3087 98.4176 98.509 9.48565 9.58565
RE-1_R2_CH32_B 97.6161 97.7635 97.884 97.9825 98.0629 9.43917 9.53917
RE-1_R2_CH32_C 98.3765 98.5094 98.6174 98.7052 98.7764 9.44069 9.54069
RE-1_R2_CH33_A 97.3551 97.5303 97.6795 97.8065 97.9146 9.64125 9.74125
RE-1_R2_CH33_B 99.1329 99.2974 99.4352 99.5506 99.6472 9.54569 9.64569
RE-1_R2_CH33_C 97.0155 97.178 97.3142 97.4284 97.524 9.5337 9.6337
RE-1_R2_CH34_A 98.1761 98.3023 98.4027 98.4826 98.5461 9.46627 9.56627
RE-1_R2_CH34_B 99.3664 99.4926 99.5935 99.6743 99.739 9.46922 9.56922
RE-1_R2_CH34_C 98.5221 98.6623 98.7765 98.8695 98.9452 9.55214 9.65214
RE-1_R2_CH35_A 98.4148 98.5695 98.6975 98.8034 98.8909 9.47538 9.57538
RE-1_R2_CH35_B 98.2271 98.354 98.4557 98.5371 98.6023 9.39135 9.49135
RE-1_R2_CH35_C 97.9424 98.0843 98.2001 98.2945 98.3714 9.44217 9.54217
RE-1_R2_CH36_A 98.4475 98.5984 98.723 98.826 98.9111 9.48167 9.58167
RE-1_R2_CH36_B 98.6713 98.8139 98.9295 99.0232 99.0991 9.50018 9.60018
RE-1_R2_CH36_C 97.6162 97.7599 97.8773 97.9731 98.0512 9.51007 9.61007
RE-1_R3_CH01_B 96.9802 97.118 97.2296 97.32 97.3932 9.50956 9.60956
RE-1_R3_CH01_C 98.4918 98.5947 98.6739 98.7349 98.7818 9.3822 9.4822
RE-1_R3_CH02_B 100.1 100.274 100.423 100.551 100.66 9.83828 9.93828
RE-1_R3_CH02_C 95.4648 95.5997 95.7101 95.8005 95.8744 9.65373 9.75373
RE-1_R3_CH03_B 98.3585 98.4743 98.5661 98.6387 98.6961 9.44684 9.54684
RE-1_R3_CH03_C 97.6775 97.7495 97.8024 97.8412 97.8697 9.37042 9.47042
RE-1_R3_CH04_B 98.0295 98.1512 98.2466 98.3213 98.3799 9.42697 9.52697
RE-1_R3_CH04_C 98.8852 99.0016 99.0938 99.1667 99.2245 9.42367 9.52367
RE-1_R3_CH05_B 97.6037 97.736 97.8422 97.9276 97.9961 9.4628 9.5628
RE-1_R3_CH05_C 98.7421 98.8651 98.9628 99.0404 99.102 9.44335 9.54335
RE-1_R3_CH06_B 98.2724 98.3964 98.4943 98.5716 98.6326 9.39198 9.49198
RE-1_R3_CH06_C 98.3361 98.4415 98.5227 98.5854 98.6336 9.34774 9.44774
RE-1_R3_CH07_B 97.5924 97.7436 97.8681 97.9704 98.0546 9.42873 9.52873
RE-1_R3_CH07_C 98.818 98.9411 99.0384 99.1151 99.1756 9.35627 9.45627
RE-1_R3_CH08_B 98.2975 98.4205 98.5183 98.596 98.6577 9.34671 9.44671
RE-1_R3_CH08_C 98.5653 98.6929 98.7952 98.8771 98.9427 9.3451 9.4451
RE-1_R3_CH09_B 97.6643 97.8466 98.0063 98.1462 98.2686 9.48346 9.58346
RE-1_R3_CH09_C 97.6704 97.8092 97.9217 98.0128 98.0865 9.3265 9.4265
RE-1_R3_CH10_B 98.2443 98.3748 98.4794 98.5633 98.6306 9.34435 9.44435
RE-1_R3_CH10_C 97.9496 98.1295 98.2839 98.4166 98.5304 9.49647 9.59647
RE-1_R3_CH11_B 96.957 97.1274 97.2729 97.3971 97.5031 9.55687 9.65687
RE-1_R3_CH11_C 98.33 98.4148 98.4778 98.5245 98.5591 9.36142 9.46142
RE-1_R3_CH12_B 98.7661 98.9411 99.0895 99.2152 99.3218 9.48178 9.58178
RE-1_R3_CH12_C 98.1001 98.2396 98.3527 98.4443 98.5184 9.4647 9.5647
RE-1_R3_CH13_B 95.4374 95.5849 95.7068 95.8076 95.8909 9.44867 9.54867
RE-1_R3_CH13_C 98.4665 98.5938 98.6959 98.7776 98.843 9.42504 9.52504
RE-1_R3_CH14_B 97.3322 97.4653 97.5735 97.6614 97.7328 9.39424 9.49424
RE-1_R3_CH14_C 98.0552 98.1873 98.2947 98.3819 98.4527 9.40929 9.50929
RE-1_R3_CH15_B 98.0144 98.1331 98.2268 98.3005 98.3585 9.43114 9.53114
RE-1_R3_CH15_C 97.9281 98.0252 98.0997 98.1569 98.2007 9.36446 9.46446
RE-1_R3_CH16_B 98.0949 98.2399 98.3595 98.4581 98.5394 9.44541 9.54541
RE-1_R3_CH16_C 98.5525 98.6621 98.7481 98.8155 98.8684 9.35626 9.45626
RE-1_R3_CH17_B 97.9675 98.1314 98.2705 98.3886 98.4887 9.7787 9.8787
RE-1_R3_CH17_C 99.2141 99.3892 99.5394 99.6681 99.7784 9.77143 9.87143
RE-1_R3_CH18_B 98.2561 98.4253 98.5686 98.6898 98.7923 9.52655 9.62655
RE-1_R3_CH18_C 98.6417 98.7972 98.9272 99.0357 99.1264 9.44969 9.54969
RE-1_R3_CH19_B 97.0243 97.1376 97.2266 97.2966 97.3516 9.49488 9.59488
RE-1_R3_CH19_C 99.0581 99.1725 99.2612 99.3298 99.3829 9.44123 9.54123
RE-1_R3_CH20_B 98.2377 98.3863 98.5096 98.612 98.6968 9.53505 9.63505
RE-1_R3_CH20_C 98.5631 98.6955 98.8018 98.8872 98.9556 9.50236 9.60236
RE-1_R3_CH21_B 98.8266 98.962 99.0703 99.1567 99.2257 9.51313 9.61313
RE-1_R3_CH21_C 98.3722 98.4796 98.5619 98.6249 98.6731 9.40052 9.50052
RE-1_R3_CH22_B 98.0357 98.1395 98.2195 98.2811 98.3285 9.50684 9.60684
RE-1_R3_CH22_C 98.5113 98.625 98.7143 98.7844 98.8395 9.5053 9.6053
RE-1_R3_CH23_B 98.3321 98.4966 98.635 98.7515 98.8495 9.73436 9.83436
RE-1_R3_CH23_C 97.3192 97.4799 97.6144 97.7271 97.8214 9.67569 9.77569
RE-1_R3_CH24_B 99.1952 99.3067 99.3936 99.4613 99.514 9.55019 9.65019
RE-1_R3_CH24_C 98.6234 98.7004 98.7566 98.7976 98.8275 9.43908 9.53908
RE-1_R3_CH25_B 97.854 97.97 98.062 98.1348 98.1924 9.55431 9.65431
RE-1_R3_CH25_C 98.6569 98.7612 98.8416 98.9035 98.9511 9.46528 9.56528
RE-1_R3_CH26_B 98.8066 98.9621 99.0901 99.1955 99.2822 9.65062 9.75062
RE-1_R3_CH26_C 97.6402 97.7608 97.856 97.931 97.9902 9.52708 9.62708
RE-1_R3_CH27_B 99.1661 99.3016 99.4111 99.4996 99.5712 9.55112 9.65112
RE-1_R3_CH27_C 98.4687 98.6077 98.7215 98.8146 98.8908 9.46443 9.56443
RE-1_R3_CH28_B 98.4955 98.5983 98.6775 98.7385 98.7854 9.55664 9.65664
RE-1_R3_CH28_C 98.0174 98.1254 98.2094 98.2748 98.3256 9.52325 9.62325
RE-1_R3_CH29_B 98.3716 98.5034 98.6098 98.6957 98.7651 9.61303 9.71303
RE-1_R3_CH29_C 97.3965 97.5179 97.6137 97.6894 97.749 9.50925 9.60925
RE-1_R3_CH30_B 98.7382 98.87 98.9764 99.0623 99.1315 9.64515 9.74515
RE-1_R3_CH30_C 98.7486 98.8638 98.9531 99.0223 99.0759 9.52489 9.62489
RE-1_R3_CH31_B 97.5303 97.6347 97.7145 97.7755 97.8221 9.5245 9.6245
RE-1_R3_CH31_C 98.8642 98.9471 99.0091 99.0554 99.09 9.50036 9.60036
RE-1_R3_CH32_C 98.6785 98.8295 98.955 99.0591 99.1455 9.6368 9.7368
RE-1_R3_CH33_B 98.552 98.6419 98.7089 98.7587 98.7957 9.46436 9.56436
RE-1_R3_CH33_C 98.9197 99.0015 99.0626 99.1082 99.1422 9.42804 9.52804
RE-1_R3_CH34_B 98.0206 98.1417 98.2385 98.3157 98.3774 9.59955 9.69955
RE-1_R3_CH34_C 97.3758 97.5318 97.661 97.7681 97.8567 9.64102 9.74102
RE-1_R3_CH35_B 98.1406 98.293 98.4203 98.5265 98.6151 9.53087 9.63087
RE-1_R3_CH35_C 98.2027 98.3261 98.4249 98.5039 98.567 9.43414 9.53414
RE-1_R3_CH36_B 98.7768 98.8924 98.9821 99.0516 99.1054 9.50528 9.60528
RE-1_R3_CH36_C 98.9982 99.1133 99.2039 99.275 99.3309 9.50192 9.60192
RE-2_R2_CH01_A 97.1057 97.2508 97.3711 97.4709 97.5535 9.41392 9.51392
RE-2_R2_CH01_B 96.9389 97.067 97.1704 97.2537 97.3209 9.39351 9.49351
RE-2_R2_CH01_C 98.6152 98.7566 98.8725 98.9675 99.0452 9.31273 9.41273
RE-2_R2_CH02_A 98.4837 98.6288 98.7467 98.8423 98.9199 9.43131 9.53131
RE-2_R2_CH02_B 98.6148 98.757 98.8729 98.9675 99.0444 9.47478 9.57478
RE-2_R2_CH02_C 99.006 99.1621 99.2919 99.3999 99.4896 9.41633 9.51633
RE-2_R2_CH03_A 97 97.1442 97.2626 97.3598 97.4396 9.40816 9.50816
RE-2_R2_CH03_B 97.4085 97.554 97.6722 97.7682 97.8461 9.44182 9.54182
RE-2_R2_CH03_C 97.9584 98.0965 98.2077 98.2972 98.3692 9.35196 9.45196
RE-2_R2_CH04_A 98.774 98.9057 99.0114 99.0962 99.1642 9.45617 9.55617
RE-2_R2_CH04_B 98.73 98.8633 98.9715 99.0593 99.1307 9.48763 9.58763
RE-2_R2_CH04_C 98.8096 98.9122 98.9907 99.0505 99.0962 9.36375 9.46375
RE-2_R2_CH05_A 97.0426 97.1959 97.3229 97.428 97.5149 9.45712 9.55712
RE-2_R2_CH05_B 97.127 97.2687 97.3843 97.4786 97.5554 9.4683 9.5683
RE-2_R2_CH05_C 98.088 98.2394 98.3645 98.468 98.5534 9.49333 9.59333
RE-2_R2_CH06_A 97.8975 98.0459 98.1672 98.2663 98.3473 9.40841 9.50841
RE-2_R2_CH06_B 98.7961 98.9277 99.0339 99.1196 99.1887 9.41433 9.51433
RE-2_R2_CH06_C 98.7691 98.8878 98.9819 99.0564 99.1155 9.35053 9.45053
RE-2_R2_CH07_A 97.5967 97.7512 97.8803 97.9881 98.0782 9.39706 9.49706
RE-2_R2_CH07_B 97.2405 97.3681 97.471 97.554 97.6209 9.43689 9.53689
RE-2_R2_CH07_C 98.7269 98.8632 98.9735 99.0627 99.1348 9.33682 9.43682
RE-2_R2_CH08_A 98.2727 98.4268 98.5544 98.66 98.7472 9.45052 9.55052
RE-2_R2_CH08_B 98.4803 98.6257 98.7451 98.843 98.9234 9.55104 9.65104
RE-2_R2_CH08_C 98.6404 98.7624 98.858 98.9329 98.9915 9.46769 9.56769
RE-2_R2_CH09_A 97.4541 97.6232 97.767 97.8892 97.993 9.44371 9.54371
RE-2_R2_CH09_B 96.7267 96.8821 97.0115 97.1192 97.2088 9.42799 9.52799
RE-2_R2_CH09_C 98.3515 98.514 98.6512 98.767 98.8648 9.44504 9.54504
RE-2_R2_CH10_A 98.5184 98.6817 98.8191 98.9346 99.0318 9.48364 9.58364
RE-2_R2_CH10_B 98.1059 98.2565 98.3816 98.4854 98.5716 9.44934 9.54934
RE-2_R2_CH10_C 98.3986 98.5248 98.6252 98.7051 98.7686 9.33975 9.43975
RE-2_R2_CH11_A 96.0941 96.2663 96.4141 96.5408 96.6494 9.52111 9.62111
RE-2_R2_CH11_B 96.3879 96.5407 96.6666 96.7702 96.8556 9.4862 9.5862
RE-2_R2_CH11_C 98.671 98.8155 98.9347 99.033 99.1139 9.45697 9.55697
RE-2_R2_CH12_A 96.2801 96.4495 96.5931 96.7148 96.8178 9.45988 9.55988
RE-2_R2_CH12_B 98.076 98.2356 98.3697 98.4825 98.5772 9.44252 9.54252
RE-2_R2_CH12_C 98.5734 98.7321 98.8659 98.9788 99.0739 9.32271 9.42271
RE-2_R2_CH13_A 96.2037 96.3575 96.4855 96.592 96.6806 9.42954 9.52954
RE-2_R2_CH13_B 97.3633 97.4897 97.5915 97.6735 97.7396 9.41112 9.51112
RE-2_R2_CH13_C 98.2169 98.3518 98.4608 98.549 98.6202 9.41966 9.51966
RE-2_R2_CH14_A 98.4515 98.5781 98.6795 98.7607 98.8257 9.43516 9.53516
RE-2_R2_CH14_B 97.9496 98.0915 98.2065 98.2998 98.3754 9.44838 9.54838
RE-2_R2_CH14_C 98.2109 98.3616 98.4869 98.5909 98.6771 9.44029 9.54029
RE-2_R2_CH15_A 96.8349 96.9847 97.1092 97.2126 97.2985 9.49328 9.59328
RE-2_R2_CH15_B 97.0552 97.2037 97.3264 97.4278 97.5115 9.52733 9.62733
RE-2_R2_CH15_C 98.7376 98.901 99.0373 99.1509 99.2455 9.56024 9.66024
RE-2_R2_CH16_A 98.0809 98.2096 98.3121 98.3937 98.4587 9.42587 9.52587
RE-2_R2_CH16_B 98.7725 98.9071 99.0146 99.1004 99.1689 9.48216 9.58216
RE-2_R2_CH16_C 99.0222 99.1427 99.237 99.3108 99.3685 9.35776 9.45776
RE-2_R2_CH17_A 96.4772 96.6368 96.7705 96.8824 96.976 9.5433 9.6433
RE-2_R2_CH17_B 94.4953 94.6296 94.739 94.8281 94.9006 9.47701 9.57701
RE-2_R2_CH17_C 95.7706 95.9294 96.0631 96.1755 96.27 9.58366 9.68366
RE-2_R2_CH18_A 97.5722 97.7289 97.8587 97.9663 98.0553 9.44698 9.54698
RE-2_R2_CH18_B 98.7175 98.8405 98.9389 99.0175 99.0803 9.41422 9.51422
RE-2_R2_CH18_C 98.6102 98.7702 98.9034 99.0143 99.1067 9.3445 9.4445
RE-2_R2_CH19_A 97.3426 97.486 97.6043 97.7018 97.7822 9.43247 9.53247
RE-2_R2_CH19_B 97.012 97.1474 97.2564 97.344 97.4145 9.39244 9.49244
RE-2_R2_CH19_C 98.8662 99.0219 99.1514 99.259 99.3485 9.40012 9.50012
RE-2_R2_CH20_A 96.2378 96.3943 96.5241 96.6317 96.7208 9.55587 9.65587
RE-2_R2_CH20_B 97.3378 97.4783 97.5923 97.6847 97.7595 9.52433 9.62433
RE-2_R2_CH20_C 98.1648 98.3099 98.4276 98.5232 98.6007 9.51911 9.61911
RE-2_R2_CH21_A 96.5491 96.7041 96.8332 96.9405 97.0299 9.50139 9.60139
RE-2_R2_CH21_B 96.065 96.2043 96.3172 96.4088 96.483 9.44987 9.54987
RE-2_R2_CH21_C 98.68 98.8471 98.9872 99.1047 99.2032 9.44125 9.54125
RE-2_R2_CH22_A 98.8874 99.0167 99.121 99.2051 99.2728 9.46232 9.56232
RE-2_R2_CH22_B 98.3931 98.532 98.6438 98.7338 98.8063 9.41484 9.51484
RE-2_R2_CH22_C 98.7184 98.8578 98.9707 99.0621 99.1361 9.36447 9.46447
RE-2_R2_CH23_A 96.5924 96.7406 96.8626 96.9628 97.0452 9.44003 9.54003
RE-2_R2_CH23_B 98.4088 98.564 98.6942 98.8034 98.895 9.54151 9.64151
RE-2_R2_CH23_C 98.3095 98.4714 98.6082 98.7237 98.8211 9.57221 9.67221
RE-2_R2_CH24_A 98.4634 98.613 98.7354 98.8354 98.9171 9.4783 9.5783
RE-2_R2_CH24_B 98.6986 98.8346 98.9452 99.0351 99.1081 9.44758 9.54758
RE-2_R2_CH24_C 98.8661 99.0166 99.1397 99.2403 99.3225 9.38721 9.48721
RE-2_R2_CH25_A 97.1414 97.3038 97.4411 97.557 97.655 9.52673 9.62673
RE-2_R2_CH25_B 98.045 98.1681 98.2659 98.3437 98.4054 9.44089 9.54089
RE-2_R2_CH25_C 98.7731 98.9462 99.0928 99.217 99.3222 9.51054 9.61054
RE-2_R2_CH26_A 98.8216 98.968 99.0875 99.1851 99.2647 9.48096 9.58096
RE-2_R2_CH26_B 98.0403 98.1618 98.2576 98.3332 98.3928 9.45935 9.55935
RE-2_R2_CH26_C 98.5873 98.6966 98.7817 98.8479 98.8993 9.33367 9.43367
RE-2_R2_CH27_A 97.9549 98.1218 98.2623 98.3807 98.4804 9.54468 9.64468
RE-2_R2_CH27_B 97.0749 97.2168 97.3339 97.4304 97.5098 9.51134 9.61134
RE-2_R2_CH27_C 98.2709 98.4302 98.5622 98.6716 98.7623 9.29421 9.39421
RE-2_R2_CH28_A 99.0386 99.2072 99.35 99.4707 99.5727 9.55858 9.65858
RE-2_R2_CH28_B 98.126 98.2668 98.3814 98.4749 98.551 9.50305 9.60305
RE-2_R2_CH28_C 98.5612 98.691 98.7938 98.8752 98.9395 9.41808 9.51808
RE-2_R2_CH29_A 98.1533 98.3211 98.4626 98.5818 98.6821 9.48136 9.58136
RE-2_R2_CH29_B 97.6661 97.8167 97.9424 98.0473 98.1347 9.45229 9.55229
RE-2_R2_CH29_C 98.719 98.8837 99.0224 99.139 99.2371 9.40384 9.50384
RE-2_R2_CH30_A 98.166 98.3352 98.4789 98.601 98.7047 9.54189 9.64189
RE-2_R2_CH30_B 98.9477 99.117 99.259 99.3782 99.4781 9.51459 9.61459
RE-2_R2_CH30_C 97.8985 98.0508 98.176 98.2791 98.3639 9.288 9.388
RE-2_R2_CH31_A 96.7066 96.8581 96.9841 97.0888 97.1759 9.5339 9.6339
RE-2_R2_CH31_B 96.9878 97.1348 97.2568 97.358 97.4419 9.48751 9.58751
RE-2_R2_CH31_C 98.3121 98.4769 98.6157 98.7325 98.8307 9.50558 9.60558
RE-2_R2_CH32_A 98.1827 98.3395 98.4705 98.5801 98.6716 9.52081 9.62081
RE-2_R2_CH32_C 98.6537 98.7836 98.8865 98.9679 99.0323 9.31606 9.41606
RE-2_R2_CH33_A 96.967 97.1239 97.2564 97.3681 97.4624 9.52922 9.62922
RE-2_R2_CH33_B 97.1405 97.2879 97.4097 97.5103 97.5933 9.50265 9.60265
RE-2_R2_CH33_C 98.1897 98.3277 98.4401 98.5315 98.6059 9.49088 9.59088
RE-2_R2_CH34_A 97.9909 98.1205 98.2245 98.3078 98.3746 9.45321 9.55321
RE-2_R2_CH34_B 98.1046 98.258 98.3843 98.4883 98.5738 9.48368 9.58368
RE-2_R2_CH34_C 98.6709 98.8124 98.927 99.0199 99.0951 9.34916 9.44916
RE-2_R2_CH35_A 97.2282 97.3871 97.5188 97.6281 97.7186 9.5023 9.6023
RE-2_R2_CH35_B 97.5393 97.6978 97.8305 97.9414 98.0342 9.50245 9.60245
RE-2_R2_CH35_C 98.3617 98.5215 98.654 98.7638 98.8548 9.46372 9.56372
RE-2_R2_CH36_A 95.0908 95.2398 95.3632 95.4652 95.5495 9.40533 9.50533
RE-2_R2_CH36_B 98.4338 98.5772 98.6935 98.7878 98.8642 9.44132 9.54132
RE-2_R2_CH36_C 98.5697 98.7126 98.8285 98.9224 98.9986 9.38625 9.48625
RE-2_R3_CH01_B 96.8818 97.0397 97.173 97.2855 97.3804 9.50124 9.60124
RE-2_R3_CH01_C 96.2692 96.4348 96.5745 96.6922 96.7914 9.48347 9.58347
RE-2_R3_CH02_B 98.5087 98.6834 98.8327 98.9601 99.069 9.58811 9.68811
RE-2_R3_CH02_C 98.1274 98.2886 98.4247 98.5396 98.6365 9.60578 9.70578
RE-2_R3_CH03_B 95.9227 96.0746 96.2003 96.3043 96.3904 9.5209 9.6209
RE-2_R3_CH03_C 96.7013 96.8292 96.9317 97.014 97.0799 9.43051 9.53051
RE-2_R3_CH04_B 98.6441 98.8003 98.9289 99.0348 99.122 9.57115 9.67115
RE-2_R3_CH04_C 97.8267 97.9854 98.117 98.226 98.3163 9.57189 9.67189
RE-2_R3_CH05_B 96.2779 96.4158 96.5277 96.6183 96.6917 9.46392 9.56392
RE-2_R3_CH05_C 97.1627 97.3468 97.5078 97.6484 97.7713 9.5858 9.6858
RE-2_R3_CH06_B 98.1372 98.2945 98.4266 98.5376 98.6307 9.57533 9.67533
RE-2_R3_CH06_C 98.6132 98.7511 98.864 98.9563 99.0317 9.50539 9.60539
RE-2_R3_CH07_B 95.8993 96.0315 96.1372 96.2216 96.289 9.4038 9.5038
RE-2_R3_CH07_C 97.125 97.2609 97.3714 97.4614 97.5345 9.34274 9.44274
RE-2_R3_CH08_B 98.774 98.9009 99.0025 99.0838 99.1489 9.48661 9.58661
RE-2_R3_CH08_C 98.5627 98.7049 98.8207 98.9152 98.9921 9.45794 9.55794
RE-2_R3_CH09_B 96.5734 96.7018 96.8054 96.8891 96.9565 9.44792 9.54792
RE-2_R3_CH09_C 97.77 97.9141 98.0323 98.1293 98.2089 9.4534 9.5534
RE-2_R3_CH10_B 97.9557 98.112 98.2414 98.3486 98.4373 9.47986 9.57986
RE-2_R3_CH10_C 98.7983 98.9307 99.0369 99.1222 99.1905 9.39402 9.49402
RE-2_R3_CH11_B 97.6936 97.8271 97.9349 98.0221 98.0925 9.43345 9.53345
RE-2_R3_CH11_C 96.1265 96.2832 96.4155 96.5272 96.6213 9.47341 9.57341
RE-2_R3_CH12_B 98.7798 98.9013 98.9977 99.0742 99.1349 9.47682 9.57682
RE-2_R3_CH12_C 98.2961 98.4258 98.5299 98.6133 98.6802 9.44348 9.54348
RE-2_R3_CH13_B 96.4036 96.553 96.6778 96.782 96.8689 9.58789 9.68789
RE-2_R3_CH13_C 94.6462 94.8109 94.9505 95.0687 95.1686 9.59898 9.69898
RE-2_R3_CH14_B 98.2454 98.3729 98.4737 98.5535 98.6165 9.49009 9.59009
RE-2_R3_CH14_C 97.6616 97.799 97.9104 98.0005 98.0734 9.51831 9.61831
RE-2_R3_CH15_B 96.2938 96.4265 96.5337 96.6205 96.6906 9.51665 9.61665
RE-2_R3_CH15_C 96.3269 96.4918 96.6324 96.7523 96.8544 9.65156 9.75156
RE-2_R3_CH16_B 97.2785 97.4247 97.5454 97.645 97.7271 9.52121 9.62121
RE-2_R3_CH16_C 98.3864 98.546 98.6784 98.788 98.8789 9.48096 9.58096
RE-2_R3_CH17_B 95.5624 95.7035 95.8182 95.9112 95.9867 9.43251 9.53251
RE-2_R3_CH17_C 96.0745 96.2178 96.3349 96.4305 96.5085 9.42492 9.52492
RE-2_R3_CH18_B 98.3185 98.4417 98.5396 98.6174 98.6792 9.53339 9.63339
RE-2_R3_CH18_C 98.8874 99.0052 99.0979 99.1709 99.2284 9.47289 9.57289
RE-2_R3_CH19_B 96.0754 96.2181 96.3341 96.4282 96.5045 9.50794 9.60794
RE-2_R3_CH19_C 94.7224 94.8657 94.9846 95.0833 95.1652 9.46489 9.56489
RE-2_R3_CH20_B 98.3687 98.4983 98.6028 98.6871 98.7551 9.51722 9.61722
RE-2_R3_CH20_C 98.6266 98.7671 98.8816 98.9749 99.0509 9.49522 9.59522
RE-2_R3_CH21_B 97.4307 97.5553 97.6539 97.7317 97.7932 9.4575 9.5575
RE-2_R3_CH21_C 96.4771 96.618 96.7335 96.8282 96.9058 9.5625 9.6625
RE-2_R3_CH22_B 98.0674 98.2133 98.3331 98.4314 98.5121 9.62789 9.72789
RE-2_R3_CH22_C 98.2656 98.4301 98.5674 98.6819 98.7774 9.59322 9.69322
RE-2_R3_CH23_B 97.7327 97.8767 97.9949 98.0919 98.1714 9.59319 9.69319
RE-2_R3_CH23_C 95.8761 96.0309 96.1605 96.2688 96.3594 9.56257 9.66257
RE-2_R3_CH24_B 98.2828 98.4056 98.5037 98.5821 98.6448 9.58897 9.68897
RE-2_R3_CH24_C 98.9256 99.0315 99.1124 99.1743 99.2217 9.45697 9.55697
RE-2_R3_CH25_B 94.124 94.2722 94.3943 94.4948 94.5775 9.57258 9.67258
RE-2_R3_CH25_C 97.2534 97.3844 97.4907 97.5771 97.6471 9.51999 9.61999
RE-2_R3_CH26_B 97.7223 97.8433 97.9394 98.0157 98.0762 9.5167 9.6167
RE-2_R3_CH26_C 98.0784 98.2083 98.3131 98.3977 98.4659 9.54018 9.64018
RE-2_R3_CH27_B 96.4346 96.5495 96.6394 96.7096 96.7644 9.47959 9.57959
RE-2_R3_CH27_C 96.8047 96.9327 97.0348 97.1161 97.1809 9.50395 9.60395
RE-2_R3_CH28_B 97.5523 97.6553 97.7354 97.7974 97.8456 9.55077 9.65077
RE-2_R3_CH28_C 98.9643 99.1038 99.2167 99.308 99.382 9.54551 9.64551
RE-2_R3_CH30_B 97.9327 98.0741 98.19 98.285 98.3627 9.54428 9.64428
RE-2_R3_CH30_C 98.6318 98.767 98.8749 98.9611 99.0299 9.4436 9.5436
RE-2_R3_CH31_B 97.5353 97.6765 97.7911 97.884 97.9593 9.48798 9.58798
RE-2_R3_CH31_C 96.1121 96.2526 96.3679 96.4624 96.5399 9.46158 9.56158
RE-2_R3_CH32_B 49.6649 49.7455 49.8132 49.8701 49.9179 9.67239 9.77239
RE-2_R3_CH32_C 98.7469 98.8756 98.9775 99.0582 99.1219 9.4846 9.5846
RE-2_R3_CH33_B 95.9368 96.0707 96.1784 96.2651 96.3347 9.51155 9.61155
RE-2_R3_CH33_C 57.3557 57.4571 57.545 57.6211 57.6869 9.69365 9.79365
RE-2_R3_CH34_B 98.3744 98.512 98.6245 98.7166 98.7919 9.53825 9.63825
RE-2_R3_CH34_C 98.7521 98.9024 99.0266 99.1292 99.2139 9.52551 9.62551
RE-2_R3_CH35_B 96.1667 96.3031 96.4148 96.5062 96.581 9.61636 9.71636
RE-2_R3_CH35_C 96.5816 96.7373 96.8686 96.9794 97.0728 9.61649 9.71649
RE-2_R3_CH36_B 97.915 98.0573 98.1745 98.2711 98.3506 9.59439 9.69439
RE-2_R3_CH36_C 98.5047 98.6562 98.7826 98.8881 98.976 9.57449 9.67449
RE-3_R2_CH01_A 93.2868 93.4278 93.5448 93.6418 93.7223 9.47774 9.57774
RE-3_R2_CH01_B 94.7186 94.8339 94.9242 94.9948 95.05 9.43819 9.53819
RE-3_R2_CH02_A 95.992 96.1337 96.25 96.3454 96.4237 9.57768 9.67768
RE-3_R2_CH02_B 96.0937 96.216 96.314 96.3923 96.455 9.52496 9.62496
RE-3_R2_CH03_A 95.6262 95.7589 95.8662 95.953 96.0232 9.45078 9.55078
RE-3_R2_CH03_B 94.7092 94.8384 94.9433 95.0286 95.0979 9.4549 9.5549
RE-3_R2_CH04_A 95.9114 96.0549 96.1739 96.2725 96.3543 9.56381 9.66381
RE-3_R2_CH04_B 96.4888 96.633 96.7521 96.8503 96.9313 9.64176 9.74176
RE-3_R2_CH05_A 96.4188 96.5548 96.6655 96.7556 96.8289 9.53324 9.63324
RE-3_R2_CH05_B 94.2585 94.4032 94.5234 94.6231 94.7059 9.57291 9.67291
RE-3_R2_CH06_A 96.8118 96.964 97.0907 97.1959 97.2834 9.62731 9.72731
RE-3_R2_CH06_B 94.9411 95.0774 95.189 95.2805 95.3554 9.61124 9.71124
RE-3_R2_CH07_A 96.0863 96.2343 96.3554 96.4545 96.5356 9.43112 9.53112
RE-3_R2_CH07_B 95.6735 95.8091 95.9182 96.0061 96.0768 9.47387 9.57387
RE-3_R2_CH08_A 97.6256 97.7769 97.9033 98.0087 98.0966 9.59966 9.69966
RE-3_R2_CH08_B 96.2201 96.3578 96.47 96.5614 96.6359 9.54892 9.64892
RE-3_R2_CH09_A 94.4342 94.5632 94.6675 94.7518 94.8198 9.50082 9.60082
RE-3_R2_CH09_B 95.6013 95.7366 95.8462 95.9349 96.0067 9.52509 9.62509
RE-3_R2_CH10_A 94.8701 95.024 95.1528 95.2606 95.3507 9.53243 9.63243
RE-3_R2_CH10_B 95.6005 95.7396 95.8537 95.9473 96.0239 9.58179 9.68179
RE-3_R2_CH11_A 95.9937 96.1538 96.289 96.4033 96.4998 9.61123 9.71123
RE-3_R2_CH11_B 93.4813 93.6144 93.7223 93.8096 93.8804 9.48729 9.58729
RE-3_R2_CH12_A 96.1235 96.2803 96.4109 96.5197 96.6103 9.5724 9.6724
RE-3_R2_CH12_B 97.0331 97.1627 97.2673 97.3518 97.4199 9.53738 9.63738
RE-3_R2_CH13_A 94.2035 94.3446 94.4615 94.5585 94.6389 9.56002 9.66002
RE-3_R2_CH13_B 95.8554 96.0007 96.1214 96.2214 96.3044 9.55048 9.65048
RE-3_R2_CH14_A 94.7887 94.9426 95.0719 95.1805 95.2717 9.58178 9.68178
RE-3_R2_CH14_B 96.2091 96.3596 96.4842 96.5872 96.6724 9.64993 9.74993
RE-3_R2_CH15_A 96.3547 96.5047 96.6281 96.7296 96.8131 9.49961 9.59961
RE-3_R2_CH15_B 95.0391 95.1759 95.2861 95.375 95.4465 9.49195 9.59195
RE-3_R2_CH16_A 86.1155 86.2537 86.3688 86.4646 86.5443 9.65443 9.75443
RE-3_R2_CH16_B 94.7716 94.9192 95.0418 95.1437 95.2283 9.48254 9.58254
RE-3_R2_CH17_B 92.2323 92.3643 92.4706 92.5562 92.6252 9.69574 9.79574
RE-3_R2_CH18_A 92.0701 92.234 92.376 92.4989 92.6054 9.69908 9.79908
RE-3_R2_CH18_B 88.9619 89.1273 89.2708 89.3954 89.5035 9.70607 9.80607
RE-3_R2_CH19_A 93.4439 93.5911 93.713 93.8139 93.8973 9.6305 9.7305
RE-3_R2_CH19_B 95.0661 95.2185 95.3465 95.454 95.5442 9.62456 9.72456
RE-3_R2_CH20_A 97.1094 97.265 97.3952 97.504 97.5949 9.48711 9.58711
RE-3_R2_CH20_B 94.9622 95.1123 95.236 95.3378 95.4217 9.49993 9.59993
RE-3_R2_CH21_A 96.1682 96.327 96.461 96.5742 96.6698 9.63354 9.73354
RE-3_R2_CH21_B 94.612 94.7618 94.887 94.9916 95.0789 9.64426 9.74426
RE-3_R2_CH22_A 93.4747 93.6261 93.7516 93.8557 93.9418 9.63488 9.73488
RE-3_R2_CH22_B 93.4473 93.5822 93.6927 93.7833 93.8575 9.58186 9.68186
RE-3_R2_CH23_A 93.6679 93.8261 93.9594 94.0716 94.166 9.64648 9.74648
RE-3_R2_CH23_B 94.7764 94.9182 95.0358 95.1332 95.214 9.51059 9.61059
RE-3_R2_CH24_A 92.917 93.0759 93.2099 93.3227 93.4177 9.63433 9.73433
RE-3_R2_CH24_B 96.6865 96.8026 96.8947 96.9676 97.0254 9.54216 9.64216
RE-3_R2_CH25_A 95.3355 95.4737 95.5877 95.6816 95.7588 9.66562 9.76562
RE-3_R2_CH25_B 94.4699 94.6105 94.7271 94.8237 94.9038 9.62209 9.72209
RE-3_R2_CH26_A 91.4754 91.6062 91.7122 91.798 91.8675 9.6113 9.7113
RE-3_R2_CH26_B 96.9186 97.0516 97.1579 97.2428 97.3106 9.52949 9.62949
RE-3_R2_CH27_A 95.7601 95.8969 96.009 96.1009 96.176 9.59222 9.69222
RE-3_R2_CH27_B 95.9886 96.1116 96.2094 96.2872 96.3491 9.54416 9.64416
RE-3_R2_CH28_A 95.8 95.9348 96.0446 96.1339 96.2066 9.67645 9.77645
RE-3_R2_CH28_B 95.3187 95.465 95.587 95.6887 95.7736 9.6371 9.7371
RE-3_R2_CH29_A 96.8149 96.9444 97.0484 97.1319 97.1988 9.60937 9.70937
RE-3_R2_CH29_B 94.1437 94.2823 94.3949 94.4862 94.5603 9.71212 9.81212
RE-3_R2_CH30_A 96.1222 96.2559 96.3646 96.4531 96.525 9.69498 9.79498
RE-3_R2_CH30_B 94.9528 95.0825 95.1867 95.2705 95.3377 9.69485 9.79485
RE-3_R2_CH31_A 94.6348 94.765 94.8696 94.9537 95.0213 9.54799 9.64799
RE-3_R2_CH31_B 95.5685 95.7038 95.8133 95.9021 95.9738 9.52995 9.62995
RE-3_R2_CH32_A 86.7937 86.9371 87.0567 87.1563 87.2394 9.82998 9.92998
RE-3_R2_CH33_A 96.5649 96.707 96.8242 96.9208 97.0004 9.57621 9.67621
RE-3_R2_CH33_B 95.6384 95.7533 95.8443 95.9164 95.9736 9.43574 9.53574
RE-3_R2_CH34_A 97.9932 98.1401 98.2614 98.3615 98.444 9.6501 9.7501
RE-3_R2_CH34_B 96.2152 96.3673 96.4927 96.5959 96.6809 9.67426 9.77426
RE-3_R2_CH35_A 95.4014 95.5366 95.6473 95.7379 95.812 9.5651 9.6651
RE-3_R2_CH35_B 96.2429 96.3672 96.4674 96.5482 96.6132 9.52644 9.62644
RE-3_R2_CH36_A 94.1014 94.2402 94.354 94.4475 94.5241 9.54892 9.64892
RE-3_R2_CH36_B 96.2 96.3252 96.425 96.5045 96.5677 9.47519 9.57519
RE-3_R3_CH01_A 93.6592 93.813 93.9417 94.0495 94.1397 9.66758 9.76758
RE-3_R3_CH01_B 96.0328 96.166 96.2732 96.3593 96.4286 9.54093 9.64093
RE-3_R3_CH01_C 93.5672 93.697 93.8014 93.8854 93.9528 9.5253 9.6253
RE-3_R3_CH02_A 96.707 96.8667 96.9999 97.1109 97.2034 9.53511 9.63511
RE-3_R3_CH02_B 97.3077 97.4179 97.5033 97.5693 97.6203 9.48088 9.58088
RE-3_R3_CH02_C 98.5446 98.6731 98.7755 98.857 98.9219 9.42941 9.52941
RE-3_R3_CH03_A 95.6459 95.8102 95.9509 96.0714 96.1744 9.66523 9.76523
RE-3_R3_CH03_B 96.7076 96.8424 96.9509 97.0381 97.1082 9.54979 9.64979
RE-3_R3_CH03_C 96.0578 96.2001 96.3163 96.4112 96.4886 9.55484 9.65484
RE-3_R3_CH04_A 94.644 94.8172 94.966 95.0937 95.2033 9.63796 9.73796
RE-3_R3_CH04_B 97.1594 97.3036 97.4219 97.5191 97.5988 9.59599 9.69599
RE-3_R3_CH04_C 97.987 98.1175 98.2228 98.3079 98.3764 9.53753 9.63753
RE-3_R3_CH05_A 96.4307 96.5644 96.6719 96.7583 96.8278 9.47198 9.57198
RE-3_R3_CH05_B 96.9336 97.0482 97.1384 97.2094 97.2652 9.46893 9.56893
RE-3_R3_CH05_C 93.8979 94.033 94.1432 94.233 94.3062 9.54589 9.64589
RE-3_R3_CH06_A 95.3306 95.4946 95.6328 95.7492 95.8473 9.55374 9.65374
RE-3_R3_CH06_B 98.0638 98.1777 98.2666 98.336 98.3901 9.46879 9.56879
RE-3_R3_CH06_C 97.6454 97.7631 97.8565 97.9305 97.9891 9.42524 9.52524
RE-3_R3_CH07_A 94.998 95.1261 95.229 95.3115 95.3778 9.60037 9.70037
RE-3_R3_CH07_B 96.8614 96.958 97.0315 97.0876 97.1302 9.49154 9.59154
RE-3_R3_CH07_C 94.2448 94.3791 94.4872 94.5743 94.6444 9.54733 9.64733
RE-3_R3_CH08_A 84.9015 85.0256 85.1264 85.2082 85.2744 9.5419 9.6419
RE-3_R3_CH08_B 97.0437 97.1672 97.266 97.3451 97.4084 9.54783 9.64783
RE-3_R3_CH08_C 96.8516 96.9949 97.1113 97.2058 97.2824 9.51167 9.61167
RE-3_R3_CH09_A 95.7794 95.9379 96.0718 96.1849 96.2804 9.55713 9.65713
RE-3_R3_CH09_B 96.5553 96.7008 96.8217 96.9219 97.0049 9.54845 9.64845
RE-3_R3_CH09_C 96.1658 96.3124 96.4322 96.5302 96.6102 9.50173 9.60173
RE-3_R3_CH10_A 97.876 98.0488 98.1975 98.3254 98.4354 9.69823 9.79823
RE-3_R3_CH10_B 95.4282 95.5731 95.6922 95.7901 95.8705 9.58202 9.68202
RE-3_R3_CH10_C 98.8127 98.9679 99.0963 99.2026 99.2904 9.56288 9.66288
RE-3_R3_CH11_A 96.7009 96.8844 97.0477 97.193 97.3224 9.70517 9.80517
RE-3_R3_CH11_B 96.1902 96.34 96.4639 96.5664 96.6511 9.53598 9.63598
RE-3_R3_CH11_C 94.986 95.1109 95.2111 95.2913 95.3557 9.50387 9.60387
RE-3_R3_CH12_A 95.4441 95.5868 95.7053 95.8035 95.8849 9.47692 9.57692
RE-3_R3_CH12_B 96.6111 96.7734 96.9094 97.0234 97.1189 9.60306 9.70306
RE-3_R3_CH12_C 98.612 98.7546 98.8709 98.9657 99.0429 9.50381 9.60381
RE-3_R3_CH13_A 98.3886 98.5791 98.7484 98.8989 99.0326 9.8882 9.9882
RE-3_R3_CH13_B 95.4301 95.5948 95.7337 95.8508 95.9494 9.64599 9.74599
RE-3_R3_CH13_C 88.0672 88.2019 88.3126 88.4036 88.4784 9.63878 9.73878
RE-3_R3_CH14_A 92.5368 92.7105 92.865 93.0025 93.1248 9.78972 9.88972
RE-3_R3_CH14_B 96.2429 96.4103 96.5521 96.6721 96.7737 9.63613 9.73613
RE-3_R3_CH14_C 99.2033 99.3485 99.4663 99.5618 99.6393 9.56264 9.66264
RE-3_R3_CH15_A 95.9441 96.0903 96.2104 96.3092 96.3903 9.48918 9.58918
RE-3_R3_CH15_B 97.5198 97.6687 97.7917 97.8933 97.9772 9.50806 9.60806
RE-3_R3_CH15_C 95.4893 95.6182 95.7225 95.8066 95.8745 9.46315 9.56315
RE-3_R3_CH16_A 94.9952 95.1707 95.3226 95.454 95.5675 9.7219 9.8219
RE-3_R3_CH16_B 96.2374 96.3639 96.4641 96.5434 96.6062 9.50087 9.60087
RE-3_R3_CH16_C 98.8058 98.9414 99.0497 99.1363 99.2053 9.48153 9.58153
RE-3_R3_CH17_A 95.3246 95.5004 95.6525 95.784 95.8977 9.67206 9.77206
RE-3_R3_CH17_B 94.5142 94.6462 94.7538 94.8412 94.9124 9.6016 9.7016
RE-3_R3_CH17_C 95.4033 95.516 95.6048 95.6745 95.7294 9.54518 9.64518
RE-3_R3_CH18_A 85.6218 85.7873 85.932 86.0587 86.1694 9.73332 9.83332
RE-3_R3_CH18_B 95.9193 96.0527 96.1607 96.248 96.3186 9.59673 9.69673
RE-3_R3_CH18_C 98.2186 98.3433 98.443 98.5229 98.5867 9.49938 9.59938
RE-3_R3_CH19_A 92.629 92.7606 92.8679 92.9552 93.0263 9.52291 9.62291
RE-3_R3_CH19_B 96.3559 96.5039 96.6269 96.7289 96.8137 9.56612 9.66612
RE-3_R3_CH20_A 94.6344 94.8072 94.9556 95.0829 95.1922 9.75266 9.85266
RE-3_R3_CH20_B 96.8023 96.9198 97.0124 97.0853 97.1427 9.65374 9.75374
RE-3_R3_CH20_C 97.5746 97.6895 97.7787 97.8478 97.9014 9.58202 9.68202
RE-3_R3_CH21_A 95.2789 95.4341 95.5645 95.6741 95.7661 9.73657 9.83657
RE-3_R3_CH21_B 96.8036 96.9269 97.0244 97.1013 97.1621 9.58927 9.68927
RE-3_R3_CH21_C 92.8255 92.9444 93.0391 93.1143 93.1742 9.59722 9.69722
RE-3_R3_CH22_A 90.4382 90.5842 90.7069 90.81 90.8965 9.68675 9.78675
RE-3_R3_CH22_B 95.6618 95.8156 95.9443 96.0518 96.1418 9.73814 9.83814
RE-3_R3_CH22_C 97.3306 97.4947 97.6324 97.7478 97.8445 9.6708 9.7708
RE-3_R3_CH23_A 95.3215 95.4774 95.6085 95.7187 95.8112 9.73592 9.83592
RE-3_R3_CH23_B 95.8319 95.9574 96.0574 96.1371 96.2005 9.61693 9.71693
RE-3_R3_CH23_C 90.1031 90.2423 90.358 90.4541 90.5339 9.72282 9.82282
RE-3_R3_CH24_A 87.6538 87.8116 87.9465 88.0618 88.1603 9.76761 9.86761
RE-3_R3_CH24_B 97.269 97.3833 97.4739 97.5455 97.6022 9.65486 9.75486
RE-3_R3_CH24_C 97.5174 97.6457 97.7491 97.8325 97.8997 9.64832 9.74832
RE-3_R3_CH25_A 94.2891 94.4637 94.6147 94.7452 94.8581 9.75466 9.85466
RE-3_R3_CH25_B 95.5565 95.6985 95.8145 95.9091 95.9864 9.71116 9.81116
RE-3_R3_CH25_C 96.1841 96.3263 96.4429 96.5386 96.6171 9.71944 9.81944
RE-3_R3_CH26_A 95.6112 95.751 95.8651 95.9582 96.034 9.6107 9.7107
RE-3_R3_CH26_B 95.541 95.6812 95.7956 95.8889 95.965 9.60066 9.70066
RE-3_R3_CH26_C 97.9328 98.0746 98.1902 98.2845 98.3613 9.507 9.607
RE-3_R3_CH27_A 97.4835 97.6302 97.7514 97.8514 97.9339 9.66297 9.76297
RE-3_R3_CH27_B 95.9745 96.0962 96.1924 96.2684 96.3284 9.62146 9.72146
RE-3_R3_CH27_C 96.2392 96.3891 96.5125 96.614 96.6975 9.65023 9.75023
RE-3_R3_CH28_A 95.2802 95.4149 95.5253 95.6156 95.6896 9.76307 9.86307
RE-3_R3_CH28_B 94.3712 94.4946 94.594 94.6742 94.7388 9.7814 9.8814
RE-3_R3_CH28_C 97.9732 98.0917 98.1852 98.2587 98.3167 9.67531 9.77531
RE-3_R3_CH29_B 96.5212 96.6398 96.734 96.8087 96.868 9.72785 9.82785
RE-3_R3_CH29_C 96.6121 96.7357 96.8341 96.9123 96.9745 9.69895 9.79895
RE-3_R3_CH31_A 95.1631 95.3155 95.4417 95.5463 95.6328 9.55261 9.65261
RE-3_R3_CH31_B 98.1569 98.2742 98.3666 98.4392 98.4964 9.51813 9.61813
RE-3_R3_CH31_C 97.2377 97.3698 97.4765 97.5627 97.6323 9.49416 9.59416
RE-3_R3_CH32_A 95.1462 95.2966 95.4217 95.5257 95.6121 9.68642 9.78642
RE-3_R3_CH32_B 96.3938 96.5339 96.6481 96.7413 96.8172 9.71709 9.81709
RE-3_R3_CH32_C 98.6278 98.7526 98.8519 98.9308 98.9935 9.55811 9.65811
RE-3_R3_CH33_A 93.595 93.7175 93.8163 93.896 93.9602 9.61023 9.71023
RE-3_R3_CH33_B 97.0157 97.1359 97.232 97.3088 97.3701 9.60279 9.70279
RE-3_R3_CH33_C 96.34 96.4933 96.6197 96.7237 96.8094 9.5932 9.6932
RE-3_R3_CH34_A 90.2001 90.3597 90.495 90.6096 90.7067 9.73627 9.83627
RE-3_R3_CH34_B 96.5264 96.6373 96.7238 96.7913 96.8439 9.54386 9.64386
RE-3_R3_CH34_C 96.9497 97.0696 97.1636 97.2372 97.2948 9.48517 9.58517
RE-3_R3_CH35_A 94.9562 95.0729 95.1642 95.2357 95.2917 9.54432 9.64432
RE-3_R3_CH35_B 97.2438 97.3414 97.4163 97.4738 97.518 9.60977 9.70977
RE-3_R3_CH35_C 96.6495 96.7795 96.8845 96.9693 97.0377 9.64051 9.74051
RE-3_R3_CH36_A 94.4657 94.6154 94.74 94.8437 94.9298 9.72059 9.82059
RE-3_R3_CH36_B 95.9519 96.0709 96.1647 96.2388 96.2972 9.61148 9.71148
RE-3_R3_CH36_C 97.7336 97.8743 97.989 98.0825 98.1587 9.63418 9.73418
RE+1_R2_CH01_A 98.1775 98.3287 98.4542 98.5585 98.645 9.3279 9.4279
RE+1_R2_CH01_B 97.038 97.1859 97.3087 97.4106 97.4951 9.4602 9.5602
RE+1_R2_CH01_C 95.123 95.2812 95.4154 95.5292 95.6257 9.50365 9.60365
RE+1_R2_CH02_A 97.8419 97.9822 98.0966 98.1898 98.2658 9.30915 9.40915
RE+1_R2_CH02_B 97.8248 97.965 98.0799 98.1739 98.251 9.42691 9.52691
RE+1_R2_CH02_C 97.3856 97.5212 97.6308 97.7195 97.7913 9.3838 9.4838
RE+1_R2_CH03_A 98.4463 98.6117 98.7521 98.8712 98.9722 9.41167 9.51167
RE+1_R2_CH03_B 98.7749 98.9215 99.0426 99.1424 99.2247 9.41732 9.51732
RE+1_R2_CH03_C 97.6639 97.8095 97.929 98.0272 98.1077 9.34844 9.44844
RE+1_R2_CH04_A 98.3674 98.5479 98.7059 98.8443 98.9652 9.34659 9.44659
RE+1_R2_CH04_C 98.6266 98.7851 98.9165 99.0254 99.1155 9.31298 9.41298
RE+1_R2_CH05_A 98.3072 98.4853 98.6376 98.7677 98.879 9.39601 9.49601
RE+1_R2_CH05_B 98.1619 98.3192 98.4519 98.5638 98.6581 9.43958 9.53958
RE+1_R2_CH05_C 96.8571 97.0196 97.1558 97.2699 97.3655 9.44093 9.54093
RE+1_R2_CH06_A 98.8625 99.0131 99.1375 99.2403 99.3251 9.39282 9.49282
RE+1_R2_CH06_C 98.9762 99.1279 99.2538 99.3583 99.445 9.36634 9.46634
RE+1_R2_CH07_A 99.0355 99.1831 99.3043 99.4038 99.4855 9.39132 9.49132
RE+1_R2_CH07_B 98.7448 98.8842 98.9977 99.0901 99.1653 9.38476 9.48476
RE+1_R2_CH07_C 98.2681 98.4079 98.5224 98.6162 98.6929 9.38845 9.48845
RE+1_R2_CH08_A 97.5904 97.7302 97.8447 97.9386 98.0154 9.36761 9.46761
RE+1_R2_CH08_B 97.7924 97.9399 98.0622 98.1637 98.2478 9.41995 9.51995
RE+1_R2_CH08_C 97.8223 97.9708 98.094 98.1962 98.281 9.409 9.509
RE+1_R2_CH09_A 99.2617 99.2977 99.3215 99.3372 99.3476 9.29801 9.39801
RE+1_R2_CH09_B 98.2866 98.3862 98.4621 98.5199 98.564 9.38354 9.48354
RE+1_R2_CH09_C 98.3809 98.5083 98.6092 98.6889 98.7519 9.39034 9.49034
RE+1_R2_CH10_A 98.7507 98.9048 99.0336 99.1411 99.2308 9.44232 9.54232
RE+1_R2_CH10_B 98.6542 98.7973 98.9146 99.0108 99.0896 9.35753 9.45753
RE+1_R2_CH10_C 98.7507 98.8792 98.9816 99.0631 99.1279 9.27657 9.37657
RE+1_R2_CH11_A 99.1614 99.3104 99.4328 99.5332 99.6157 9.42511 9.52511
RE+1_R2_CH12_A 98.6771 98.8136 98.9247 99.015 99.0884 9.30346 9.40346
RE+1_R2_CH12_B 98.0313 98.178 98.2991 98.3991 98.4815 9.32808 9.42808
RE+1_R2_CH12_C 98.7411 98.8957 99.0229 99.1276 99.2137 9.31688 9.41688
RE+1_R2_CH13_A 98.5783 98.7355 98.8656 98.9734 99.0626 9.38163 9.48163
RE+1_R2_CH13_B 98.3847 98.5429 98.6746 98.7843 98.8755 9.37727 9.47727
RE+1_R2_CH13_C 97.6691 97.8215 97.9475 98.0518 98.138 9.35416 9.45416
RE+1_R2_CH14_A 98.6983 98.7935 98.8658 98.9208 98.9625 9.26236 9.36236
RE+1_R2_CH14_B 98.9169 99.0569 99.1716 99.2654 99.3422 9.24421 9.34421
RE+1_R2_CH14_C 98.389 98.559 98.7029 98.8248 98.9278 9.26374 9.36374
RE+1_R2_CH15_A 97.8203 97.9416 98.0385 98.116 98.1778 9.36196 9.46196
RE+1_R2_CH15_B 98.3446 98.4899 98.6086 98.7054 98.7844 9.41192 9.51192
RE+1_R2_CH15_C 98.8769 99.0146 99.1267 99.2179 99.292 9.44011 9.54011
RE+1_R2_CH16_A 98.1948 98.3303 98.44 98.5286 98.6003 9.32732 9.42732
RE+1_R2_CH16_B 96.8462 97.0123 97.1529 97.2718 97.3724 9.50497 9.60497
RE+1_R2_CH16_C 97.3795 97.5143 97.6235 97.7117 97.783 9.38614 9.48614
RE+1_R2_CH19_A 97.6996 97.8327 97.9396 98.0255 98.0944 9.33179 9.43179
RE+1_R2_CH19_B 97.5549 97.6892 97.7984 97.8871 97.9593 9.37374 9.47374
RE+1_R2_CH19_C 95.2826 95.4298 95.5509 95.6505 95.7324 9.41225 9.51225
RE+1_R2_CH20_A 97.9794 98.1252 98.2455 98.3447 98.4266 9.42432 9.52432
RE+1_R2_CH20_B 97.9986 98.163 98.3008 98.4162 98.5129 9.49223 9.59223
RE+1_R2_CH20_C 97.7917 97.9435 98.0691 98.1729 98.2587 9.48016 9.58016
RE+1_R2_CH21_A 94.4955 94.6478 94.7752 94.8818 94.9708 9.6196 9.7196
RE+1_R2_CH21_B 98.3741 98.5103 98.6204 98.7095 98.7815 9.56014 9.66014
RE+1_R2_CH22_A 97.8238 97.9664 98.0822 98.1761 98.2522 9.44347 9.54347
RE+1_R2_CH22_B 98.874 99.0206 99.1403 99.2381 99.3178 9.43017 9.53017
RE+1_R2_CH22_C 97.9884 98.1281 98.2413 98.3329 98.4071 9.44786 9.54786
RE+1_R2_CH23_A 98.691 98.8544 98.9924 99.1089 99.2073 9.68382 9.78382
RE+1_R2_CH23_B 98.1797 98.3155 98.4253 98.5141 98.5859 9.54062 9.64062
RE+1_R2_CH23_C 97.4069 97.5661 97.6982 97.8076 97.8984 9.58756 9.68756
RE+1_R2_CH24_A 98.2888 98.403 98.4922 98.5618 98.616 9.4411 9.5411
RE+1_R2_CH24_B 98.5101 98.6225 98.7107 98.78 98.8344 9.41448 9.51448
RE+1_R2_CH24_C 98.3081 98.4187 98.5049 98.572 98.6243 9.43413 9.53413
RE+1_R2_CH25_B 98.2675 98.4305 98.5687 98.6859 98.7852 9.49139 9.59139
RE+1_R2_CH25_C 98.1946 98.3603 98.4999 98.6174 98.7163 9.4189 9.5189
RE+1_R2_CH26_A 98.3261 98.4808 98.6107 98.7196 98.811 9.55909 9.65909
RE+1_R2_CH26_B 98.3369 98.497 98.631 98.7431 98.8368 9.48693 9.58693
RE+1_R2_CH26_C 97.9173 98.0714 98.1983 98.3028 98.3888 9.42463 9.52463
RE+1_R2_CH27_A 99.1388 99.2628 99.3621 99.4414 99.5047 9.38561 9.48561
RE+1_R2_CH27_B 99.1536 99.264 99.3493 99.4152 99.4661 9.39974 9.49974
RE+1_R2_CH27_C 98.0906 98.2124 98.3097 98.3875 98.4496 9.43436 9.53436
RE+1_R2_CH28_A 98.2601 98.3988 98.5112 98.6021 98.6757 9.41274 9.51274
RE+1_R2_CH28_B 99.1188 99.2522 99.3599 99.4469 99.5171 9.46678 9.56678
RE+1_R2_CH28_C 98.3421 98.4684 98.5695 98.6505 98.7153 9.4564 9.5564
RE+1_R2_CH29_A 99.2278 99.3826 99.5099 99.6148 99.701 9.57473 9.67473
RE+1_R2_CH30_A 98.3765 98.5169 98.632 98.7262 98.8033 9.45077 9.55077
RE+1_R2_CH30_B 96.2872 96.4474 96.5839 96.7001 96.7989 9.54302 9.64302
RE+1_R2_CH30_C 97.6973 97.8333 97.9433 98.0323 98.1043 9.44186 9.54186
RE+1_R2_CH31_A 99.3372 99.4528 99.5424 99.6118 99.6655 9.3498 9.4498
RE+1_R2_CH31_B 99.0398 99.146 99.2279 99.2911 99.3398 9.37332 9.47332
RE+1_R2_CH31_C 98.9123 99.0279 99.1188 99.1903 99.2464 9.41919 9.51919
RE+1_R2_CH32_A 96.1105 96.2765 96.4181 96.539 96.642 9.67203 9.77203
RE+1_R2_CH32_B 96.3802 96.5285 96.6518 96.7541 96.839 9.59445 9.69445
RE+1_R2_CH32_C 95.3074 95.4537 95.5745 95.6744 95.7569 9.61283 9.71283
RE+1_R2_CH33_A 95.1609 95.3038 95.4218 95.5192 95.5996 9.71468 9.81468
RE+1_R2_CH33_B 94.0467 94.1956 94.3206 94.4255 94.5134 9.72936 9.82936
RE+1_R2_CH33_C 94.1439 94.2929 94.4174 94.5215 94.6083 9.73867 9.83867
RE+1_R2_CH34_A 99.0889 99.2146 99.3141 99.3926 99.4545 9.372 9.472
RE+1_R2_CH34_B 99.1266 99.2689 99.3836 99.476 99.5504 9.37498 9.47498
RE+1_R2_CH34_C 98.5616 98.6946 98.802 98.8888 98.9588 9.43224 9.53224
RE+1_R2_CH35_A 97.7704 97.9396 98.0846 98.2087 98.3149 9.54673 9.64673
RE+1_R2_CH35_B 98.2021 98.3483 98.4697 98.5702 98.6536 9.47144 9.57144
RE+1_R2_CH35_C 97.1417 97.3066 97.4471 97.5669 97.6689 9.53699 9.63699
RE+1_R2_CH36_A 97.7946 97.9444 98.0675 98.1688 98.252 9.38219 9.48219
RE+1_R2_CH36_B 97.8397 97.981 98.0957 98.1886 98.2639 9.44608 9.54608
RE+1_R2_CH36_C 98.4115 98.5488 98.6593 98.7482 98.8196 9.41652 9.51652
RE+1_R3_CH01_B 96.6167 96.7564 96.8696 96.9615 97.0359 9.44386 9.54386
RE+1_R3_CH01_C 97.7058 97.8018 97.8748 97.9304 97.9726 9.32662 9.42662
RE+1_R3_CH02_B 98.2632 98.4151 98.5401 98.643 98.7275 9.50221 9.60221
RE+1_R3_CH02_C 98.802 98.9111 98.9954 99.0605 99.1108 9.35337 9.45337
RE+1_R3_CH03_B 98.9442 99.0671 99.1648 99.2423 99.3039 9.47579 9.57579
RE+1_R3_CH03_C 98.0618 98.2083 98.3279 98.4256 98.5053 9.46605 9.56605
RE+1_R3_CH04_B 97.7723 97.9403 98.0841 98.2072 98.3125 9.55729 9.65729
RE+1_R3_CH05_B 96.8979 97.0489 97.175 97.2803 97.3681 9.47006 9.57006
RE+1_R3_CH05_C 98.4516 98.5677 98.6584 98.7292 98.7845 9.3691 9.4691
RE+1_R3_CH06_B 98.1753 98.303 98.4048 98.4858 98.5503 9.38451 9.48451
RE+1_R3_CH06_C 98.9184 99.0222 99.1028 99.1653 99.2137 9.3178 9.4178
RE+1_R3_CH07_B 97.5423 97.6695 97.7714 97.8531 97.9185 9.42876 9.52876
RE+1_R3_CH07_C 97.2945 97.4177 97.5163 97.5951 97.6582 9.36771 9.46771
RE+1_R3_CH08_B 98.0186 98.1423 98.2401 98.3173 98.3782 9.31926 9.41926
RE+1_R3_CH08_C 98.5249 98.662 98.7736 98.8644 98.9382 9.29131 9.39131
RE+1_R3_CH09_B 98.5437 98.6633 98.7582 98.8334 98.8931 9.32017 9.42017
RE+1_R3_CH09_C 98.8203 98.9105 98.9787 99.0304 99.0696 9.23976 9.33976
RE+1_R3_CH10_B 97.6793 97.8125 97.9196 98.0056 98.0746 9.37226 9.47226
RE+1_R3_CH10_C 98.6701 98.7905 98.8861 98.9618 99.0219 9.33553 9.43553
RE+1_R3_CH11_B 97.1583 97.2864 97.3886 97.47 97.5348 9.30893 9.40893
RE+1_R3_CH11_C 98.6096 98.7547 98.8725 98.9681 99.0456 9.25532 9.35532
RE+1_R3_CH12_B 99.28 99.3876 99.4712 99.5362 99.5867 9.34928 9.44928
RE+1_R3_CH12_C 98.5126 98.6172 98.6984 98.7615 98.8104 9.3337 9.4337
RE+1_R3_CH13_B 98.3252 98.4534 98.5561 98.6384 98.7043 9.35854 9.45854
RE+1_R3_CH13_C 98.8798 99.0262 99.1451 99.2416 99.3199 9.42634 9.52634
RE+1_R3_CH14_B 98.3354 98.4466 98.5333 98.6008 98.6534 9.42613 9.52613
RE+1_R3_CH14_C 98.4652 98.5983 98.706 98.7929 98.863 9.51732 9.61732
RE+1_R3_CH15_B 98.2952 98.4181 98.5164 98.595 98.6577 9.45208 9.55208
RE+1_R3_CH15_C 99.255 99.3612 99.4431 99.5062 99.5548 9.40048 9.50048
RE+1_R3_CH16_B 97.6791 97.8139 97.9235 98.0127 98.0851 9.48427 9.58427
RE+1_R3_CH16_C 98.3942 98.517 98.6151 98.6936 98.7563 9.44187 9.54187
RE+1_R3_CH17_B 97.902 98.0062 98.0859 98.1469 98.1934 9.38345 9.48345
RE+1_R3_CH17_C 98.3214 98.4264 98.5074 98.5698 98.6179 9.35559 9.45559
RE+1_R3_CH18_B 97.5807 97.7312 97.8544 97.9552 98.0376 9.45763 9.55763
RE+1_R3_CH18_C 98.8203 98.9362 99.0274 99.099 99.1554 9.40818 9.50818
RE+1_R3_CH19_B 97.626 97.774 97.8957 97.9957 98.0778 9.52468 9.62468
RE+1_R3_CH19_C 98.5613 98.6412 98.7002 98.7438 98.776 9.42098 9.52098
RE+1_R3_CH20_B 98.1822 98.3039 98.4005 98.4772 98.538 9.48969 9.58969
RE+1_R3_CH20_C 99.2379 99.3385 99.4145 99.4719 99.5153 9.44707 9.54707
RE+1_R3_CH21_B 97.0745 97.1917 97.2841 97.3568 97.4141 9.4596 9.5596
RE+1_R3_CH21_C 98.7673 98.8557 98.9225 98.9731 99.0113 9.39071 9.49071
RE+1_R3_CH22_B 98.6012 98.7405 98.8527 98.9431 99.0157 9.51179 9.61179
RE+1_R3_CH22_C 98.5456 98.666 98.7603 98.834 98.8918 9.40314 9.50314
RE+1_R3_CH23_B 98.0115 98.1305 98.2249 98.2997 98.3591 9.54579 9.64579
RE+1_R3_CH23_C 98.0652 98.2069 98.3225 98.4166 98.4934 9.51135 9.61135
RE+1_R3_CH24_B 98.9405 99.0596 99.1527 99.2255 99.2824 9.50198 9.60198
RE+1_R3_CH24_C 98.2813 98.4144 98.5219 98.6088 98.6789 9.55583 9.65583
RE+1_R3_CH26_B 98.3718 98.4893 98.5817 98.6545 98.7117 9.5268 9.6268
RE+1_R3_CH26_C 96.889 97.0113 97.109 97.1872 97.2498 9.57275 9.67275
RE+1_R3_CH27_B 97.9771 98.1147 98.2267 98.3179 98.3921 9.61413 9.71413
RE+1_R3_CH27_C 98.1749 98.2709 98.3445 98.4009 98.4442 9.52894 9.62894
RE+1_R3_CH28_B 97.7456 97.8521 97.9344 97.9978 98.0467 9.49033 9.59033
RE+1_R3_CH28_C 98.0497 98.1957 98.3144 98.4107 98.4888 9.53195 9.63195
RE+1_R3_CH29_B 95.5645 95.6821 95.7748 95.8479 95.9055 9.54515 9.64515
RE+1_R3_CH29_C 97.7371 97.8658 97.969 98.0517 98.1181 9.54068 9.64068
RE+1_R3_CH30_B 93.2459 93.3208 93.3761 93.4169 93.447 9.50253 9.60253
RE+1_R3_CH30_C 99.2736 99.3522 99.4102 99.453 99.4846 9.48943 9.58943
RE+1_R3_CH31_B 95.5125 95.6592 95.7815 95.8836 95.9687 9.58303 9.68303
RE+1_R3_CH31_C 96.726 96.8571 96.963 97.0485 97.1176 9.51581 9.61581
RE+1_R3_CH32_B 97.3222 97.4652 97.5819 97.6771 97.7548 9.55676 9.65676
RE+1_R3_CH32_C 98.4392 98.5503 98.6368 98.7043 98.7568 9.47225 9.57225
RE+1_R3_CH33_B 96.2688 96.4213 96.5469 96.6504 96.7355 9.68323 9.78323
RE+1_R3_CH33_C 97.7859 97.9165 98.0214 98.1056 98.1731 9.66999 9.76999
RE+1_R3_CH34_B 97.0269 97.1875 97.3226 97.4363 97.5318 9.61732 9.71732
RE+1_R3_CH34_C 98.4686 98.5625 98.6338 98.688 98.7291 9.48504 9.58504
RE+1_R3_CH35_B 96.9978 97.1058 97.1899 97.2553 97.3062 9.48951 9.58951
RE+1_R3_CH35_C 97.9481 98.0998 98.2264 98.3321 98.4202 9.56675 9.66675
RE+1_R3_CH36_B 98.324 98.4542 98.5592 98.644 98.7123 9.50262 9.60262
RE+1_R3_CH36_C 98.9351 99.043 99.1269 99.1922 99.2429 9.42022 9.52022
RE+2_R2_CH01_A 96.1761 96.3491 96.4996 96.6304 96.744 9.6068 9.7068
RE+2_R2_CH01_B 94.5482 94.7156 94.8591 94.9822 95.0876 9.72731 9.82731
RE+2_R2_CH01_C 96.1777 96.3361 96.4693 96.5814 96.6755 9.59909 9.69909
RE+2_R2_CH02_A 99.0208 99.1736 99.3012 99.4076 99.4963 9.49981 9.59981
RE+2_R2_CH02_B 98.5622 98.7027 98.8165 98.9086 98.9833 9.39516 9.49516
RE+2_R2_CH02_C 98.2959 98.4425 98.5616 98.6584 98.7369 9.4271 9.5271
RE+2_R2_CH03_B 97.5266 97.675 97.7964 97.8956 97.9767 9.43543 9.53543
RE+2_R2_CH03_C 98.6643 98.8007 98.9116 99.0018 99.0751 9.35688 9.45688
RE+2_R2_CH04_A 96.9973 97.1465 97.2685 97.3684 97.45 9.39152 9.49152
RE+2_R2_CH04_B 98.7757 98.9192 99.0375 99.135 99.2153 9.44797 9.54797
RE+2_R2_CH04_C 99.1842 99.3076 99.4049 99.4817 99.5423 9.38388 9.48388
RE+2_R2_CH05_A 95.5373 95.6958 95.8303 95.9443 96.0409 9.48545 9.58545
RE+2_R2_CH05_B 97.1824 97.3223 97.4363 97.5293 97.605 9.36116 9.46116
RE+2_R2_CH05_C 98.544 98.6857 98.7999 98.892 98.9661 9.39709 9.49709
RE+2_R2_CH06_A 95.8028 95.9421 96.0563 96.1499 96.2266 9.41021 9.51021
RE+2_R2_CH06_B 99.1954 99.3527 99.483 99.5909 99.6801 9.49046 9.59046
RE+2_R2_CH06_C 97.2282 97.3773 97.5018 97.6056 97.6921 9.53695 9.63695
RE+2_R2_CH07_A 97.0939 97.2658 97.4122 97.5367 97.6426 9.55769 9.65769
RE+2_R2_CH07_B 97.8746 98.0205 98.1403 98.2386 98.3192 9.4173 9.5173
RE+2_R2_CH07_C 98.518 98.6515 98.76 98.8481 98.9196 9.39627 9.49627
RE+2_R2_CH08_A 98.459 98.6276 98.7708 98.8924 98.9957 9.51763 9.61763
RE+2_R2_CH08_B 96.3413 96.502 96.6372 96.751 96.8467 9.59971 9.69971
RE+2_R2_CH08_C 98.7021 98.8344 98.9399 99.0241 99.0912 9.34734 9.44734
RE+2_R2_CH09_A 96.9672 97.1315 97.2692 97.3847 97.4814 9.46557 9.56557
RE+2_R2_CH09_B 97.7769 97.9012 98.0006 98.0802 98.1438 9.35448 9.45448
RE+2_R2_CH09_C 99.0526 99.173 99.2672 99.3409 99.3985 9.30901 9.40901
RE+2_R2_CH10_A 98.3422 98.4963 98.6231 98.7275 98.8134 9.38934 9.48934
RE+2_R2_CH10_B 98.7007 98.844 98.9621 99.0594 99.1395 9.42238 9.52238
RE+2_R2_CH10_C 98.8943 99.0334 99.1467 99.2389 99.3139 9.40476 9.50476
RE+2_R2_CH11_A 97.7819 97.9449 98.0822 98.1976 98.2947 9.40628 9.50628
RE+2_R2_CH11_B 97.9939 98.1429 98.2647 98.3643 98.4457 9.41534 9.51534
RE+2_R2_CH11_C 98.7545 98.8977 99.0139 99.108 99.1843 9.37618 9.47618
RE+2_R2_CH12_A 97.6804 97.8471 97.987 98.1044 98.2027 9.43649 9.53649
RE+2_R2_CH12_B 98.6096 98.7747 98.9131 99.029 99.126 9.45962 9.55962
RE+2_R2_CH12_C 99.1243 99.2685 99.3862 99.4822 99.5604 9.37019 9.47019
RE+2_R2_CH13_A 96.1678 96.3164 96.4393 96.5408 96.6247 9.37796 9.47796
RE+2_R2_CH13_B 96.7726 96.9213 97.043 97.1425 97.2239 9.35917 9.45917
RE+2_R2_CH13_C 98.3475 98.4826 98.5924 98.6816 98.7542 9.38059 9.48059
RE+2_R2_CH14_A 96.963 97.1365 97.2843 97.4101 97.5172 9.53533 9.63533
RE+2_R2_CH14_B 98.682 98.8321 98.9567 99.0601 99.1459 9.4702 9.5702
RE+2_R2_CH14_C 98.5521 98.6877 98.7979 98.8875 98.9603 9.43135 9.53135
RE+2_R2_CH15_A 96.8266 96.9885 97.1254 97.2411 97.3388 9.67095 9.77095
RE+2_R2_CH15_B 97.5336 97.6577 97.757 97.8365 97.9001 9.36429 9.46429
RE+2_R2_CH15_C 98.7533 98.8679 98.9568 99.0255 99.0788 9.29868 9.39868
RE+2_R2_CH16_A 97.2474 97.4035 97.5335 97.6417 97.7317 9.48189 9.58189
RE+2_R2_CH16_B 98.7578 98.8934 99.0036 99.0933 99.1661 9.48339 9.58339
RE+2_R2_CH16_C 99.2974 99.4215 99.5194 99.5967 99.6577 9.39822 9.49822
RE+2_R2_CH17_A 97.5057 97.6383 97.7461 97.8336 97.9047 9.36998 9.46998
RE+2_R2_CH17_B 95.9262 96.0591 96.166 96.2519 96.321 9.34478 9.44478
RE+2_R2_CH17_C 98.2981 98.4508 98.577 98.6814 98.7676 9.41517 9.51517
RE+2_R2_CH18_A 95.3759 95.5329 95.6661 95.7789 95.8745 9.63604 9.73604
RE+2_R2_CH18_B 97.7661 97.9196 98.046 98.1501 98.2357 9.61505 9.71505
RE+2_R2_CH18_C 98.664 98.8059 98.9215 99.0158 99.0925 9.55834 9.65834
RE+2_R2_CH19_A 96.0358 96.181 96.301 96.4001 96.4818 9.46716 9.56716
RE+2_R2_CH19_B 96.1649 96.3143 96.4373 96.5385 96.6217 9.43123 9.53123
RE+2_R2_CH19_C 97.7663 97.9209 98.0495 98.1565 98.2454 9.42821 9.52821
RE+2_R2_CH20_B 98.1064 98.2889 98.4469 98.5836 98.7018 9.69362 9.79362
RE+2_R2_CH20_C 97.7217 97.8739 98.0004 98.1055 98.1928 9.56463 9.66463
RE+2_R2_CH21_A 97.3918 97.5477 97.677 97.784 97.8725 9.43959 9.53959
RE+2_R2_CH21_B 97.2591 97.4075 97.5301 97.6314 97.715 9.43676 9.53676
RE+2_R2_CH21_C 98.737 98.8799 98.9958 99.0897 99.1658 9.40126 9.50126
RE+2_R2_CH22_A 97.7906 97.9248 98.0332 98.1209 98.1918 9.49789 9.59789
RE+2_R2_CH22_B 97.7605 97.9055 98.0232 98.1188 98.1964 9.54745 9.64745
RE+2_R2_CH22_C 98.2859 98.4239 98.5369 98.6294 98.705 9.47539 9.57539
RE+2_R2_CH23_B 94.3791 94.5285 94.6539 94.759 94.8473 9.6368 9.7368
RE+2_R2_CH23_C 96.6903 96.8714 97.0277 97.1624 97.2786 9.69334 9.79334
RE+2_R2_CH24_A 97.375 97.5103 97.6205 97.71 97.7829 9.53419 9.63419
RE+2_R2_CH24_B 99.2895 99.424 99.5314 99.6171 99.6855 9.45621 9.55621
RE+2_R2_CH24_C 99.02 99.1436 99.2412 99.3182 99.3789 9.42849 9.52849
RE+2_R2_CH25_A 94.9381 95.0843 95.2039 95.3017 95.3817 9.44043 9.54043
RE+2_R2_CH25_B 95.9329 96.0913 96.2234 96.3335 96.4252 9.48461 9.58461
RE+2_R2_CH25_C 97.764 97.9147 98.0399 98.1439 98.2302 9.50397 9.60397
RE+2_R2_CH26_A 96.6087 96.7445 96.855 96.9449 97.018 9.55692 9.65692
RE+2_R2_CH26_B 97.1916 97.3437 97.4696 97.5738 97.6599 9.61081 9.71081
RE+2_R2_CH26_C 96.0119 96.1331 96.2289 96.3045 96.3641 9.52088 9.62088
RE+2_R2_CH27_A 97.1003 97.2311 97.3374 97.4237 97.4937 9.52082 9.62082
RE+2_R2_CH27_B 97.1535 97.3043 97.4301 97.5351 97.6227 9.61003 9.71003
RE+2_R2_CH27_C 98.7809 98.9212 99.0341 99.1251 99.1983 9.53667 9.63667
RE+2_R2_CH28_A 98.5048 98.6426 98.7554 98.8476 98.9231 9.4959 9.5959
RE+2_R2_CH28_B 98.9788 99.1236 99.2411 99.3364 99.4137 9.50196 9.60196
RE+2_R2_CH28_C 99.035 99.1854 99.3097 99.4123 99.497 9.46856 9.56856
RE+2_R2_CH29_A 95.9982 96.132 96.2397 96.3263 96.3959 9.50329 9.60329
RE+2_R2_CH29_B 97.6141 97.7421 97.8448 97.9271 97.993 9.48133 9.58133
RE+2_R2_CH29_C 98.6319 98.7388 98.8219 98.8865 98.9367 9.41558 9.51558
RE+2_R2_CH30_A 98.7864 98.9581 99.104 99.2281 99.3335 9.57762 9.67762
RE+2_R2_CH30_B 98.8408 98.9652 99.0647 99.1443 99.2079 9.46224 9.56224
RE+2_R2_CH30_C 98.9281 99.0475 99.1416 99.2157 99.2741 9.39011 9.49011
RE+2_R2_CH31_A 97.7148 97.8721 98.0042 98.1152 98.2083 9.59883 9.69883
RE+2_R2_CH31_B 97.9993 98.1166 98.209 98.2817 98.339 9.43089 9.53089
RE+2_R2_CH31_C 98.7647 98.8841 98.9788 99.0539 99.1134 9.39455 9.49455
RE+2_R2_CH32_A 98.8128 98.9613 99.0839 99.1851 99.2685 9.58845 9.68845
RE+2_R2_CH32_B 98.9546 99.0894 99.1977 99.2847 99.3546 9.43158 9.53158
RE+2_R2_CH32_C 99.2427 99.3494 99.4323 99.4966 99.5466 9.38151 9.48151
RE+2_R2_CH33_A 94.8919 95.0493 95.1811 95.2915 95.384 9.51954 9.61954
RE+2_R2_CH33_B 97.086 97.211 97.3112 97.3914 97.4556 9.37486 9.47486
RE+2_R2_CH33_C 97.4626 97.5717 97.6566 97.7227 97.7741 9.34813 9.44813
RE+2_R2_CH34_A 97.1387 97.2943 97.4238 97.5316 97.6212 9.49626 9.59626
RE+2_R2_CH34_B 98.84 98.9812 99.0969 99.1916 99.2691 9.47801 9.57801
RE+2_R2_CH34_C 98.9547 99.0712 99.1634 99.2364 99.2942 9.40109 9.50109
RE+2_R2_CH35_A 95.5628 95.7228 95.8591 95.9752 96.074 9.57994 9.67994
RE+2_R2_CH35_B 97.8912 98.0201 98.1221 98.2029 98.2668 9.42719 9.52719
RE+2_R2_CH35_C 98.577 98.7172 98.8301 98.921 98.9942 9.382 9.482
RE+2_R2_CH36_A 95.8134 95.9905 96.1442 96.2776 96.3932 9.73083 9.83083
RE+2_R2_CH36_B 96.6641 96.8282 96.9671 97.0846 97.1838 9.68681 9.78681
RE+2_R2_CH36_C 95.1003 95.2371 95.3487 95.4396 95.5136 9.58644 9.68644
RE+2_R3_CH01_B 95.3277 95.481 95.6086 95.7148 95.8031 9.48604 9.58604
RE+2_R3_CH01_C 94.8495 95.0065 95.1396 95.2525 95.3481 9.52912 9.62912
RE+2_R3_CH02_B 98.1763 98.3521 98.503 98.6324 98.7433 9.64049 9.74049
RE+2_R3_CH02_C 98.7034 98.8482 98.9658 99.0611 99.1384 9.45925 9.55925
RE+2_R3_CH03_B 92.6033 92.776 92.9254 93.0547 93.1665 9.61902 9.71902
RE+2_R3_CH03_C 96.5681 96.7334 96.8739 96.9932 97.0945 9.5661 9.6661
RE+2_R3_CH04_B 98.7356 98.8601 98.9597 99.0393 99.103 9.38252 9.48252
RE+2_R3_CH04_C 98.5665 98.6824 98.7735 98.8452 98.9015 9.28732 9.38732
RE+2_R3_CH05_B 94.7553 94.9237 95.0691 95.1946 95.3029 9.67135 9.77135
RE+2_R3_CH05_C 96.0125 96.1806 96.3241 96.4466 96.5511 9.55584 9.65584
RE+2_R3_CH06_B 96.8805 97.0288 97.1514 97.2527 97.3364 9.51047 9.61047
RE+2_R3_CH06_C 98.3583 98.5048 98.6238 98.7204 98.7988 9.45526 9.55526
RE+2_R3_CH07_B 95.8229 95.9801 96.1129 96.225 96.3195 9.47556 9.57556
RE+2_R3_CH07_C 96.3162 96.4477 96.5541 96.64 96.7094 9.35989 9.45989
RE+2_R3_CH08_C 98.1713 98.3303 98.4638 98.576 98.6702 9.3991 9.4991
RE+2_R3_CH09_B 96.8227 96.9494 97.0509 97.1323 97.1975 9.41837 9.51837
RE+2_R3_CH09_C 93.824 93.9935 94.1384 94.2622 94.3681 9.48563 9.58563
RE+2_R3_CH10_B 98.4357 98.5775 98.6925 98.7856 98.8611 9.42658 9.52658
RE+2_R3_CH10_C 98.8117 98.9466 99.0563 99.1454 99.2178 9.41543 9.51543
RE+2_R3_CH11_C 91.1448 91.303 91.4381 91.5533 91.6515 9.5279 9.6279
RE+2_R3_CH12_B 98.7661 98.8623 98.9361 98.9927 99.036 9.29988 9.39988
RE+2_R3_CH12_C 98.7821 98.9045 99.0004 99.0756 99.1344 9.26039 9.36039
RE+2_R3_CH13_B 97.6718 97.8344 97.9729 98.0908 98.1911 9.45592 9.55592
RE+2_R3_CH13_C 95.4642 95.6075 95.7264 95.8251 95.9068 9.37185 9.47185
RE+2_R3_CH14_B 97.1324 97.3052 97.455 97.5847 97.697 9.56551 9.66551
RE+2_R3_CH14_C 98.279 98.4281 98.5512 98.6528 98.7367 9.43351 9.53351
RE+2_R3_CH15_B 96.3277 96.4668 96.5796 96.671 96.745 9.37524 9.47524
RE+2_R3_CH15_C 94.2611 94.419 94.5514 94.6622 94.7551 9.46824 9.56824
RE+2_R3_CH16_B 98.4114 98.5637 98.689 98.7921 98.8768 9.42388 9.52388
RE+2_R3_CH16_C 98.5063 98.6558 98.7781 98.8781 98.9598 9.3662 9.4662
RE+2_R3_CH17_C 96.8 96.9649 97.1039 97.2209 97.3194 9.49762 9.59762
RE+2_R3_CH18_B 97.2927 97.438 97.5579 97.6568 97.7384 9.52601 9.62601
RE+2_R3_CH18_C 98.0707 98.2211 98.3443 98.4449 98.5272 9.44227 9.54227
RE+2_R3_CH19_B 96.0361 96.1679 96.275 96.3621 96.4328 9.51167 9.61167
RE+2_R3_CH19_C 95.8978 96.0466 96.1698 96.2715 96.3556 9.44196 9.54196
RE+2_R3_CH20_B 98.1667 98.2764 98.3619 98.4284 98.4802 9.41059 9.51059
RE+2_R3_CH20_C 97.8456 97.9956 98.1202 98.2236 98.3094 9.50054 9.60054
RE+2_R3_CH21_B 97.9732 98.1204 98.2407 98.339 98.4192 9.46317 9.56317
RE+2_R3_CH21_C 96.0789 96.2085 96.3132 96.3978 96.466 9.43439 9.53439
RE+2_R3_CH22_B 97.6187 97.7475 97.8508 97.9337 98.0001 9.50661 9.60661
RE+2_R3_CH22_C 98.7899 98.9286 99.0402 99.13 99.2022 9.42228 9.52228
RE+2_R3_CH23_B 96.7312 96.8677 96.9795 97.071 97.1458 9.60907 9.70907
RE+2_R3_CH23_C 88.3482 88.5049 88.6378 88.7504 88.8458 9.6388 9.7388
RE+2_R3_CH24_B 98.9089 99.08 99.2254 99.349 99.454 9.58585 9.68585
RE+2_R3_CH24_C 98.4615 98.6085 98.7279 98.8249 98.9036 9.48604 9.58604
RE+2_R3_CH25_B 96.522 96.6784 96.8104 96.9218 97.0157 9.57544 9.67544
RE+2_R3_CH25_C 95.9182 96.0675 96.1909 96.293 96.3774 9.4732 9.5732
RE+2_R3_CH26_B 97.0747 97.2237 97.348 97.4518 97.5382 9.67572 9.77572
RE+2_R3_CH26_C 94.4664 94.6268 94.7641 94.8815 94.9819 9.66475 9.76475
RE+2_R3_CH27_B 95.7474 95.86 95.9479 96.0166 96.0702 9.4965 9.5965
RE+2_R3_CH27_C 95.6717 95.8301 95.9639 96.0769 96.1724 9.61241 9.71241
RE+2_R3_CH28_B 98.2168 98.3394 98.4369 98.5142 98.5757 9.49952 9.59952
RE+2_R3_CH28_C 98.7724 98.9082 99.0168 99.1035 99.1727 9.45603 9.55603
RE+2_R3_CH29_B 90.4209 90.5872 90.7329 90.8603 90.9718 10.0187 10.1187
RE+2_R3_CH29_C 96.2408 96.3859 96.5057 96.6046 96.6863 9.51758 9.61758
RE+2_R3_CH30_B 98.3341 98.423 98.4897 98.5398 98.5773 9.4234 9.5234
RE+2_R3_CH30_C 98.553 98.7222 98.8649 98.9851 99.0863 9.55151 9.65151
RE+2_R3_CH31_B 95.1088 95.2623 95.3908 95.4983 95.5881 9.54527 9.64527
RE+2_R3_CH31_C 94.0401 94.1872 94.3096 94.4113 94.4958 9.55001 9.65001
RE+2_R3_CH32_B 96.8119 96.9635 97.0884 97.1911 97.2757 9.61203 9.71203
RE+2_R3_CH32_C 98.0851 98.2357 98.3615 98.4664 98.5538 9.52932 9.62932
RE+2_R3_CH33_B 87.751 87.8768 87.9787 88.0613 88.1282 9.73302 9.83302
RE+2_R3_CH34_B 98.1959 98.3012 98.3818 98.4435 98.4906 9.38544 9.48544
RE+2_R3_CH34_C 98.7939 98.9131 99.0076 99.0825 99.1419 9.42603 9.52603
RE+2_R3_CH35_B 95.1402 95.2892 95.413 95.5159 95.6014 9.50903 9.60903
RE+2_R3_CH35_C 95.2402 95.4106 95.5563 95.6807 95.787 9.57528 9.67528
RE+2_R3_CH36_B 98.1498 98.2937 98.4111 98.5069 98.585 9.47324 9.57324
RE+2_R3_CH36_C 98.2385 98.3776 98.4903 98.5816 98.6554 9.46755 9.56755
RE+3_R2_CH01_A 96.069 96.2256 96.3579 96.4695 96.5636 9.64767 9.74767
RE+3_R2_CH01_B 93.5272 93.6552 93.7593 93.8439 93.9126 9.58441 9.68441
RE+3_R2_CH02_A 94.1023 94.263 94.3978 94.5109 94.6057 9.48136 9.58136
RE+3_R2_CH02_B 95.7462 95.8716 95.9722 96.0528 96.1174 9.47437 9.57437
RE+3_R2_CH03_A 94.686 94.8362 94.9599 95.0618 95.1458 9.46946 9.56946
RE+3_R2_CH03_B 94.6699 94.7947 94.8955 94.9767 95.0422 9.49866 9.59866
RE+3_R2_CH04_A 91.5075 91.6549 91.7794 91.8843 91.9727 9.67875 9.77875
RE+3_R2_CH04_B 94.0424 94.2037 94.3397 94.4542 94.5507 9.67697 9.77697
RE+3_R2_CH05_A 95.7621 95.9236 96.059 96.1725 96.2676 9.61163 9.71163
RE+3_R2_CH05_B 96.3847 96.5107 96.6111 96.6911 96.7548 9.46623 9.56623
RE+3_R2_CH06_A 95.7954 95.9517 96.0813 96.1887 96.2778 9.41813 9.51813
RE+3_R2_CH06_B 96.056 96.2097 96.3388 96.4471 96.5381 9.62515 9.72515
RE+3_R2_CH07_A 94.3513 94.5141 94.6513 94.767 94.8644 9.61229 9.71229
RE+3_R2_CH07_B 94.4822 94.6056 94.705 94.7852 94.8498 9.60107 9.70107
RE+3_R2_CH08_A 89.9493 90.1016 90.2309 90.3407 90.4339 9.57696 9.67696
RE+3_R2_CH08_B 93.2446 93.3929 93.5163 93.619 93.7043 9.56796 9.66796
RE+3_R2_CH09_A 96.0969 96.2503 96.3792 96.4874 96.5782 9.61018 9.71018
RE+3_R2_CH09_B 95.3904 95.5245 95.6343 95.7241 95.7975 9.58319 9.68319
RE+3_R2_CH10_A 97.3179 97.4913 97.6401 97.7676 97.8768 9.45751 9.55751
RE+3_R2_CH10_B 96.2148 96.3629 96.4853 96.5865 96.67 9.41986 9.51986
RE+3_R2_CH11_A 96.3011 96.4662 96.6065 96.7257 96.8269 9.64301 9.74301
RE+3_R2_CH11_B 93.7612 93.8985 94.0098 94.1002 94.1734 9.5704 9.6704
RE+3_R2_CH12_A 98.2315 98.3607 98.4649 98.5489 98.6166 9.3768 9.4768
RE+3_R2_CH12_B 94.7715 94.9135 95.0313 95.1289 95.2099 9.47965 9.57965
RE+3_R2_CH13_A 96.0667 96.2108 96.3302 96.4293 96.5114 9.46839 9.56839
RE+3_R2_CH13_B 95.3616 95.5 95.6128 95.7048 95.7798 9.50967 9.60967
RE+3_R2_CH14_A 94.9082 95.0633 95.1926 95.3003 95.3899 9.53297 9.63297
RE+3_R2_CH14_B 95.6473 95.7765 95.8814 95.9666 96.0358 9.51812 9.61812
RE+3_R2_CH15_A 97.5156 97.6751 97.8103 97.9249 98.0219 9.59014 9.69014
RE+3_R2_CH15_B 95.4139 95.57 95.7012 95.8115 95.9042 9.58189 9.68189
RE+3_R2_CH16_A 95.8549 95.9938 96.1082 96.2025 96.2801 9.54522 9.64522
RE+3_R2_CH16_B 96.3232 96.4664 96.5845 96.6819 96.7623 9.51247 9.61247
RE+3_R2_CH17_A 95.2972 95.4379 95.5533 95.648 95.7257 9.51841 9.61841
RE+3_R2_CH17_B 93.4646 93.59 93.69 93.7697 93.8333 9.4753 9.5753
RE+3_R2_CH18_A 95.5969 95.7372 95.8523 95.9467 96.0242 9.55051 9.65051
RE+3_R2_CH18_B 95.8383 95.9581 96.0532 96.1288 96.1888 9.50075 9.60075
RE+3_R2_CH19_A 95.9818 96.1214 96.2359 96.3298 96.4067 9.57401 9.67401
RE+3_R2_CH19_B 95.4854 95.6135 95.717 95.8006 95.868 9.49867 9.59867
RE+3_R2_CH20_A 93.5504 93.6809 93.7871 93.8735 93.9437 9.56244 9.66244
RE+3_R2_CH20_B 97.251 97.3925 97.5086 97.6037 97.6816 9.66608 9.76608
RE+3_R2_CH21_A 96.4162 96.5656 96.6897 96.7928 96.8784 9.60036 9.70036
RE+3_R2_CH21_B 96.1055 96.2339 96.3377 96.4214 96.489 9.61371 9.71371
RE+3_R2_CH22_A 96.5217 96.657 96.7677 96.8583 96.9323 9.64766 9.74766
RE+3_R2_CH22_B 96.388 96.5141 96.6145 96.6946 96.7583 9.56487 9.66487
RE+3_R2_CH23_A 97.1933 97.3564 97.4931 97.6077 97.7036 9.72626 9.82626
RE+3_R2_CH23_B 95.3242 95.4513 95.5534 95.6352 95.7008 9.59268 9.69268
RE+3_R2_CH24_A 93.988 94.1246 94.236 94.3268 94.4008 9.54429 9.64429
RE+3_R2_CH24_B 97.2662 97.4185 97.5457 97.6519 97.7406 9.80972 9.90972
RE+3_R2_CH25_A 93.5639 93.7246 93.8601 93.9742 94.0704 9.67944 9.77944
RE+3_R2_CH25_B 94.5996 94.7133 94.8023 94.8719 94.9263 9.61968 9.71968
RE+3_R2_CH26_A 95.7849 95.9249 96.0385 96.1306 96.2053 9.55222 9.65222
RE+3_R2_CH26_B 95.8573 95.9887 96.0944 96.1792 96.2474 9.63919 9.73919
RE+3_R2_CH27_A 95.7414 95.8705 95.9749 96.0591 96.1271 9.52999 9.62999
RE+3_R2_CH27_B 95.7466 95.8696 95.968 96.0468 96.1099 9.60571 9.70571
RE+3_R2_CH28_A 98.0911 98.243 98.3679 98.4707 98.5552 9.47487 9.57487
RE+3_R2_CH28_B 97.4953 97.6223 97.7248 97.8073 97.8738 9.46284 9.56284
RE+3_R2_CH29_A 95.9875 96.1439 96.2759 96.3873 96.4812 9.58091 9.68091
RE+3_R2_CH29_B 95.0329 95.1686 95.2792 95.3693 95.4426 9.49911 9.59911
RE+3_R2_CH30_A 91.6777 91.8092 91.9165 92.0038 92.075 9.68919 9.78919
RE+3_R2_CH30_B 97.5116 97.6521 97.7666 97.8599 97.9359 9.65482 9.75482
RE+3_R2_CH31_A 96.7349 96.8985 97.0369 97.1539 97.2528 9.55668 9.65668
RE+3_R2_CH31_B 95.3919 95.5281 95.6398 95.7312 95.806 9.5739 9.6739
RE+3_R2_CH32_A 95.4806 95.6381 95.7693 95.8787 95.9698 9.60979 9.70979
RE+3_R2_CH32_B 96.8706 96.995 97.094 97.1728 97.2354 9.52319 9.62319
RE+3_R2_CH33_A 95.0054 95.1595 95.2891 95.3979 95.4893 9.56321 9.66321
RE+3_R2_CH33_B 95.3207 95.464 95.581 95.6767 95.7547 9.50308 9.60308
RE+3_R2_CH34_A 95.3048 95.4616 95.5935 95.7044 95.7975 9.6629 9.7629
RE+3_R2_CH34_B 96.5216 96.675 96.8021 96.9073 96.9944 9.56833 9.66833
RE+3_R2_CH35_A 94.4396 94.6167 94.7701 94.9028 95.0176 9.60248 9.70248
RE+3_R2_CH35_B 95.5287 95.6723 95.7896 95.8854 95.9636 9.52859 9.62859
RE+3_R2_CH36_A 92.5857 92.7567 92.9041 93.0312 93.1406 9.65258 9.75258
RE+3_R2_CH36_B 96.6325 96.7676 96.8777 96.9672 97.04 9.56131 9.66131
RE+3_R3_CH01_A 94.2061 94.3831 94.5403 94.6798 94.8036 9.79104 9.89104
RE+3_R3_CH01_B 95.2809 95.435 95.564 95.6719 95.7621 9.53247 9.63247
RE+3_R3_CH01_C 95.6423 95.7799 95.8926 95.985 96.0607 9.42066 9.52066
RE+3_R3_CH02_A 96.7713 96.9415 97.0862 97.2093 97.314 9.47311 9.57311
RE+3_R3_CH02_B 97.4055 97.5714 97.7116 97.8303 97.9306 9.56759 9.66759
RE+3_R3_CH02_C 98.832 98.9654 99.0726 99.1586 99.2277 9.42664 9.52664
RE+3_R3_CH03_A 95.2484 95.4009 95.529 95.6366 95.7268 9.45348 9.55348
RE+3_R3_CH03_B 95.3961 95.5444 95.6677 95.7701 95.8551 9.50089 9.60089
RE+3_R3_CH03_C 96.8832 97.0292 97.1498 97.2493 97.3315 9.41817 9.51817
RE+3_R3_CH04_A 97.6909 97.8673 98.0197 98.1513 98.265 9.52724 9.62724
RE+3_R3_CH04_B 96.0178 96.1741 96.3054 96.4158 96.5085 9.50084 9.60084
RE+3_R3_CH04_C 98.6984 98.8604 98.996 99.1095 99.2045 9.45202 9.55202
RE+3_R3_CH05_A 95.7791 95.9385 96.0743 96.1899 96.2883 9.48051 9.58051
RE+3_R3_CH05_B 96.5295 96.6803 96.8051 96.9083 96.9936 9.4592 9.5592
RE+3_R3_CH05_C 95.5742 95.7315 95.8627 95.9719 96.0629 9.43439 9.53439
RE+3_R3_CH06_A 97.0155 97.1765 97.3107 97.4226 97.5159 9.38597 9.48597
RE+3_R3_CH06_B 97.2204 97.3602 97.4748 97.5687 97.6456 9.42223 9.52223
RE+3_R3_CH06_C 98.8874 99.03 99.1456 99.2392 99.3151 9.3879 9.4879
RE+3_R3_CH07_B 96.0854 96.2383 96.3643 96.4681 96.5536 9.48306 9.58306
RE+3_R3_CH07_C 97.5933 97.7444 97.8699 97.9742 98.0607 9.46802 9.56802
RE+3_R3_CH08_A 96.7949 96.9729 97.1273 97.2612 97.3773 9.51642 9.61642
RE+3_R3_CH08_B 97.5965 97.7618 97.9005 98.0167 98.1141 9.4571 9.5571
RE+3_R3_CH08_C 98.246 98.3923 98.511 98.6075 98.6858 9.3564 9.4564
RE+3_R3_CH09_A 96.6654 96.7889 96.8878 96.967 97.0303 9.28041 9.38041
RE+3_R3_CH09_B 96.8313 96.9506 97.0454 97.1206 97.1802 9.32706 9.42706
RE+3_R3_CH09_C 97.7848 97.9141 98.0172 98.0993 98.1647 9.32013 9.42013
RE+3_R3_CH10_A 96.4017 96.576 96.7251 96.8525 96.9614 9.41505 9.51505
RE+3_R3_CH10_B 95.8592 96.0039 96.1228 96.2205 96.3007 9.48374 9.58374
RE+3_R3_CH10_C 98.7678 98.9128 99.0318 99.1294 99.2094 9.41127 9.51127
RE+3_R3_CH11_A 96.0808 96.2521 96.3984 96.5234 96.6302 9.48069 9.58069
RE+3_R3_CH11_B 95.0812 95.2505 95.3968 95.5231 95.632 9.57118 9.67118
RE+3_R3_CH11_C 96.5891 96.7565 96.8999 97.0226 97.1276 9.48702 9.58702
RE+3_R3_CH12_A 98.0224 98.1861 98.3233 98.4382 98.5344 9.37378 9.47378
RE+3_R3_CH12_B 97.0727 97.218 97.3385 97.4384 97.5213 9.43335 9.53335
RE+3_R3_CH12_C 98.9275 99.0641 99.1753 99.2656 99.3391 9.36781 9.46781
RE+3_R3_CH13_A 96.719 96.8742 97.0027 97.1092 97.1973 9.35341 9.45341
RE+3_R3_CH13_B 94.9166 95.094 95.2489 95.3842 95.5023 9.66946 9.76946
RE+3_R3_CH13_C 96.7494 96.9057 97.0377 97.149 97.2428 9.4561 9.5561
RE+3_R3_CH14_A 98.4006 98.5788 98.7313 98.8617 98.973 9.57463 9.67463
RE+3_R3_CH14_B 97.4062 97.5626 97.6927 97.801 97.8911 9.54194 9.64194
RE+3_R3_CH14_C 99.1713 99.3157 99.4328 99.5278 99.6047 9.40219 9.50219
RE+3_R3_CH15_A 96.1334 96.2889 96.4178 96.5247 96.6132 9.45076 9.55076
RE+3_R3_CH15_B 96.1254 96.2899 96.4285 96.5453 96.6436 9.55662 9.65662
RE+3_R3_CH15_C 97.2484 97.4163 97.559 97.6803 97.7833 9.55938 9.65938
RE+3_R3_CH16_A 97.3592 97.4954 97.6068 97.698 97.7726 9.35976 9.45976
RE+3_R3_CH16_B 97.8418 97.9921 98.117 98.2207 98.3067 9.5326 9.6326
RE+3_R3_CH16_C 98.714 98.8375 98.9363 99.0153 99.0784 9.43568 9.53568
RE+3_R3_CH17_A 96.9512 97.0692 97.1629 97.2371 97.296 9.47574 9.57574
RE+3_R3_CH17_B 96.8862 97.0248 97.1371 97.2281 97.3018 9.4286 9.5286
RE+3_R3_CH17_C 97.9329 98.0755 98.193 98.2898 98.3696 9.4511 9.5511
RE+3_R3_CH18_A 96.0171 96.1715 96.3006 96.4086 96.4989 9.54981 9.64981
RE+3_R3_CH18_B 96.555 96.7106 96.8407 96.9496 97.0405 9.57477 9.67477
RE+3_R3_CH18_C 99.0146 99.1612 99.2802 99.3768 99.4552 9.48818 9.58818
RE+3_R3_CH19_A 90.9317 91.1007 91.2464 91.3721 91.4804 9.67974 9.77974
RE+3_R3_CH19_C 80.0505 80.1976 80.3261 80.4382 80.536 9.83885 9.93885
RE+3_R3_CH20_A 97.0974 97.2655 97.4094 97.5327 97.6381 9.63735 9.73735
RE+3_R3_CH20_B 96.6169 96.747 96.8515 96.9353 97.0026 9.54057 9.64057
RE+3_R3_CH20_C 98.3373 98.4785 98.593 98.6857 98.7609 9.50907 9.60907
RE+3_R3_CH21_A 96.8413 97.0068 97.1462 97.2637 97.3625 9.58373 9.68373
RE+3_R3_CH21_B 96.8535 96.9956 97.1123 97.208 97.2864 9.59186 9.69186
RE+3_R3_CH21_C 97.625 97.7865 97.9229 98.0381 98.1353 9.62014 9.72014
RE+3_R3_CH22_A 97.3189 97.4984 97.6542 97.7893 97.9065 9.69642 9.79642
RE+3_R3_CH22_B 98.1399 98.2929 98.4194 98.5241 98.6106 9.5853 9.6853
RE+3_R3_CH22_C 99.0523 99.2091 99.3383 99.4448 99.5324 9.54088 9.64088
RE+3_R3_CH23_A 97.4302 97.5892 97.7217 97.832 97.9239 9.55096 9.65096
RE+3_R3_CH23_B 96.6684 96.7977 96.902 96.9862 97.0541 9.57018 9.67018
RE+3_R3_CH23_C 97.6414 97.813 97.9602 98.0862 98.1942 9.64517 9.74517
RE+3_R3_CH24_A 92.3527 92.5037 92.6295 92.7344 92.8217 9.74118 9.84118
RE+3_R3_CH24_B 98.0135 98.1269 98.2155 98.2845 98.3384 9.51032 9.61032
RE+3_R3_CH24_C 98.612 98.7417 98.8458 98.9291 98.9959 9.50554 9.60554
RE+3_R3_CH25_A 95.4195 95.5881 95.7342 95.8607 95.9701 9.63923 9.73923
RE+3_R3_CH25_B 96.9426 97.0758 97.1841 97.2721 97.3436 9.606 9.706
RE+3_R3_CH25_C 96.1755 96.3164 96.4313 96.5251 96.6015 9.62661 9.72661
RE+3_R3_CH26_A 97.8937 98.0588 98.1972 98.3133 98.4105 9.77586 9.87586
RE+3_R3_CH26_B 97.8437 97.9814 98.094 98.1862 98.2616 9.60378 9.70378
RE+3_R3_CH26_C 98.948 99.0903 99.205 99.2975 99.3719 9.50483 9.60483
RE+3_R3_CH27_A 96.1134 96.258 96.3775 96.4761 96.5574 9.58222 9.68222
RE+3_R3_CH27_B 96.68 96.817 96.9274 97.0163 97.0878 9.59839 9.69839
RE+3_R3_CH27_C 97.127 97.2735 97.3938 97.4927 97.5738 9.58803 9.68803
RE+3_R3_CH28_A 89.5698 89.7403 89.8899 90.021 90.1359 9.83943 9.93943
RE+3_R3_CH28_B 95.2292 95.3774 95.5005 95.6028 95.6878 9.62355 9.72355
RE+3_R3_CH28_C 97.39 97.5342 97.6519 97.7479 97.8263 9.55809 9.65809
RE+3_R3_CH29_A 96.8433 97.018 97.1679 97.2965 97.4068 9.6699 9.7699
RE+3_R3_CH29_B 97.7699 97.9055 98.0152 98.104 98.1757 9.59232 9.69232
RE+3_R3_CH29_C 96.5394 96.7021 96.8398 96.9561 97.0544 9.64783 9.74783
RE+3_R3_CH30_A 97.3064 97.4636 97.5951 97.7051 97.797 9.64783 9.74783
RE+3_R3_CH30_B 97.459 97.6203 97.757 97.873 97.9713 9.69999 9.79999
RE+3_R3_CH30_C 98.5877 98.7135 98.8142 98.8948 98.9593 9.51615 9.61615
RE+3_R3_CH31_A 94.6782 94.8197 94.9365 95.0329 95.1125 9.62919 9.72919
RE+3_R3_CH32_A 97.6685 97.8561 98.0225 98.1699 98.3005 9.74709 9.84709
RE+3_R3_CH32_B 96.9881 97.1421 97.2708 97.3784 97.4682 9.62966 9.72966
RE+3_R3_CH32_C 98.3946 98.5436 98.6673 98.77 98.8551 9.51706 9.61706
RE+3_R3_CH33_B 91.6276 91.7876 91.9251 92.0433 92.1449 9.58592 9.68592
RE+3_R3_CH33_C 94.5245 94.6864 94.8244 94.9421 95.0423 9.59972 9.69972
RE+3_R3_CH34_A 90.1301 90.2868 90.4206 90.5348 90.6321 9.60856 9.70856
RE+3_R3_CH34_B 96.9602 97.1122 97.2373 97.3403 97.425 9.58529 9.68529
RE+3_R3_CH34_C 98.5003 98.642 98.7581 98.8532 98.9311 9.49172 9.59172
RE+3_R3_CH35_A 94.7189 94.8832 95.0245 95.1459 95.2501 9.46832 9.56832
RE+3_R3_CH35_B 95.5929 95.7401 95.8618 95.9624 96.0455 9.4684 9.5684
RE+3_R3_CH35_C 98.1407 98.3259 98.4864 98.6252 98.7454 9.60971 9.70971
RE+3_R3_CH36_A 90.6391 90.8029 90.9454 91.0692 91.1769 9.72072 9.82072
RE+3_R3_CH36_B 89.2383 89.3931 89.5253 89.638 89.7341 9.58495 9.68495
RE+3_R3_CH36_C 96.2399 96.409 96.5545 96.6796 96.7871 9.57594 9.67594
