RE-4_R2_CH01_A 95.2914 95.4488 95.5824 95.6956 95.7916 9.35141 9.45141
RE-4_R2_CH01_B 89.6907 89.8378 89.961 90.0641 90.1503 9.361 9.461
RE-4_R2_CH02_A 95.3013 95.4798 95.6343 95.7679 95.8835 9.47087 9.57087
RE-4_R2_CH02_B 89.979 90.1417 90.2824 90.4039 90.5088 9.46618 9.56618
RE-4_R2_CH03_A 95.2759 95.4291 95.5573 95.6644 95.754 9.34941 9.44941
RE-4_R2_CH03_B 90.5396 90.6708 90.7773 90.8636 90.9335 9.30018 9.40018
RE-4_R2_CH04_A 97.798 97.9467 98.0689 98.1693 98.2517 9.29818 9.39818
RE-4_R2_CH04_B 95.3711 95.4952 95.5947 95.6744 95.7383 9.29771 9.39771
RE-4_R2_CH05_A 94.4697 94.6415 94.7895 94.917 95.0267 9.3581 9.4581
RE-4_R2_CH05_B 88.0994 88.2414 88.3602 88.4595 88.5425 9.39642 9.49642
RE-4_R2_CH06_A 98.1156 98.2545 98.3676 98.4597 98.5347 9.21805 9.31805
RE-4_R2_CH06_B 95.1867 95.3017 95.393 95.4653 95.5226 9.27867 9.37867
RE-4_R2_CH07_A 95.3941 95.5767 95.7381 95.8807 96.0068 9.4277 9.5277
RE-4_R2_CH07_B 88.9909 89.1085 89.2023 89.277 89.3365 9.25623 9.35623
RE-4_R2_CH08_A 94.6066 94.7717 94.9115 95.03 95.1302 9.32888 9.42888
RE-4_R2_CH08_B 93.5683 93.6881 93.784 93.8608 93.9222 9.29616 9.39616
RE-4_R2_CH09_A 95.0061 95.1568 95.2822 95.3865 95.4732 9.28831 9.38831
RE-4_R2_CH09_B 91.4713 91.6115 91.7262 91.82 91.8967 9.3127 9.4127
RE-4_R2_CH10_A 98.0302 98.171 98.2852 98.3778 98.4527 9.21756 9.31756
RE-4_R2_CH10_B 96.3832 96.5166 96.6239 96.7101 96.7794 9.22051 9.32051
RE-4_R2_CH11_A 95.725 95.8665 95.9832 96.0794 96.1587 9.30146 9.40146
RE-4_R2_CH11_B 91.9116 92.0238 92.1116 92.1803 92.2341 9.22958 9.32958
RE-4_R2_CH12_A 97.7707 97.9295 98.0617 98.1718 98.2635 9.24729 9.34729
RE-4_R2_CH13_A 95.6307 95.7613 95.8674 95.9537 96.0238 9.26323 9.36323
RE-4_R2_CH13_B 93.5993 93.7119 93.8001 93.869 93.9228 9.19701 9.29701
RE-4_R2_CH14_A 96.9767 97.1085 97.2137 97.2977 97.3647 9.27893 9.37893
RE-4_R2_CH14_B 94.5369 94.6622 94.7634 94.845 94.9108 9.29844 9.39844
RE-4_R2_CH15_A 94.5638 94.6983 94.808 94.8972 94.9699 9.27414 9.37414
RE-4_R2_CH15_B 92.677 92.8273 92.953 93.0581 93.1461 9.35706 9.45706
RE-4_R2_CH16_A 92.6576 92.7827 92.8844 92.9669 93.0339 9.29854 9.39854
RE-4_R2_CH16_B 94.3271 94.4866 94.621 94.7341 94.8294 9.37416 9.47416
RE-4_R2_CH17_A 94.1364 94.2623 94.364 94.4461 94.5123 9.30318 9.40318
RE-4_R2_CH17_B 89.8791 89.9902 90.079 90.1499 90.2065 9.29854 9.39854
RE-4_R2_CH18_A 97.5083 97.6325 97.732 97.8116 97.8753 9.26383 9.36383
RE-4_R2_CH18_B 95.4472 95.5765 95.6797 95.7621 95.8278 9.36432 9.46432
RE-4_R2_CH19_A 95.0413 95.1882 95.3096 95.4099 95.4928 9.37259 9.47259
RE-4_R2_CH19_B 90.0274 90.1407 90.2314 90.304 90.362 9.39857 9.49857
RE-4_R2_CH20_A 97.4185 97.5831 97.7229 97.8416 97.9422 9.38363 9.48363
RE-4_R2_CH20_B 96.3526 96.4215 96.4715 96.5077 96.5341 9.27791 9.37791
RE-4_R2_CH21_A 95.2459 95.4131 95.5547 95.6747 95.7763 9.39639 9.49639
RE-4_R2_CH21_B 86.0937 86.2498 86.3843 86.5 86.5997 9.50779 9.60779
RE-4_R2_CH22_A 99.9815 100.168 100.341 100.501 100.648 10.0471 10.1471
RE-4_R2_CH22_B 82.2747 82.4314 82.574 82.7037 82.8217 9.78397 9.88397
RE-4_R2_CH23_A 94.9965 95.1515 95.2807 95.3884 95.478 9.25193 9.35193
RE-4_R2_CH23_B 91.0089 91.1528 91.2726 91.3722 91.4549 9.2736 9.3736
RE-4_R2_CH24_A 98.0665 98.2172 98.3418 98.4447 98.5298 9.3071 9.4071
RE-4_R2_CH24_B 93.7875 93.9286 94.044 94.1383 94.2152 9.34552 9.44552
RE-4_R2_CH25_A 95.7794 95.9044 96.0046 96.0848 96.1491 9.19386 9.29386
RE-4_R2_CH25_B 88.5144 88.6248 88.7124 88.7821 88.8374 9.1562 9.2562
RE-4_R2_CH26_A 98.6558 98.803 98.9251 99.0263 99.1102 9.31688 9.41688
RE-4_R2_CH26_B 94.4613 94.6021 94.7171 94.811 94.8876 9.25771 9.35771
RE-4_R2_CH27_A 95.5307 95.6749 95.7927 95.889 95.9676 9.23576 9.33576
RE-4_R2_CH27_B 90.3444 90.4464 90.5254 90.5864 90.6335 9.16277 9.26277
RE-4_R2_CH28_A 98.3311 98.4818 98.6064 98.7093 98.7944 9.30651 9.40651
RE-4_R2_CH28_B 94.8049 94.9195 95.0103 95.0824 95.1395 9.27635 9.37635
RE-4_R2_CH29_A 93.9215 94.1034 94.2666 94.4129 94.544 9.60146 9.70146
RE-4_R2_CH29_B 91.6202 91.7889 91.9352 92.0622 92.1723 9.43245 9.53245
RE-4_R2_CH30_A 97.3669 97.5291 97.6663 97.7822 97.88 9.35761 9.45761
RE-4_R2_CH30_B 95.786 95.9139 96.0172 96.1006 96.1678 9.31158 9.41158
RE-4_R2_CH31_A 93.4828 93.6436 93.7802 93.8963 93.9949 9.37425 9.47425
RE-4_R2_CH31_B 91.4841 91.631 91.7533 91.8551 91.9397 9.38106 9.48106
RE-4_R2_CH32_A 95.1846 95.3475 95.4865 95.6049 95.7059 9.44367 9.54367
RE-4_R2_CH32_B 92.538 92.6669 92.7718 92.8571 92.9264 9.32931 9.42931
RE-4_R2_CH33_A 96.1877 96.3201 96.4259 96.5104 96.5778 9.18305 9.28305
RE-4_R2_CH33_B 90.3298 90.4436 90.5342 90.6061 90.6633 9.1758 9.2758
RE-4_R2_CH34_A 96.9251 97.0757 97.2003 97.3034 97.3885 9.29602 9.39602
RE-4_R2_CH34_B 96.6223 96.7501 96.8527 96.9349 97.0009 9.28064 9.38064
RE-4_R2_CH35_A 96.2384 96.4013 96.5406 96.6598 96.7617 9.50402 9.60402
RE-4_R2_CH35_B 83.9747 84.0858 84.1754 84.2477 84.306 9.41598 9.51598
RE-4_R2_CH36_A 98.0715 98.2313 98.3656 98.4785 98.5734 9.42434 9.52434
RE-4_R2_CH36_B 95.1082 95.2419 95.3514 95.441 95.5143 9.34556 9.44556
RE-4_R3_CH01_A 96.3246 96.4598 96.5705 96.661 96.7351 9.31464 9.41464
RE-4_R3_CH01_B 92.3531 92.4917 92.6066 92.7019 92.7809 9.34623 9.44623
RE-4_R3_CH01_C 95.726 95.8777 96.0045 96.1105 96.1989 9.29948 9.39948
RE-4_R3_CH02_A 97.8 97.963 98.1002 98.2156 98.3127 9.31346 9.41346
RE-4_R3_CH02_B 97.8774 98.0144 98.1252 98.2149 98.2874 9.28321 9.38321
RE-4_R3_CH02_C 98.7749 98.895 98.9903 99.0659 99.1258 9.25232 9.35232
RE-4_R3_CH03_A 95.5063 95.6876 95.8456 95.9833 96.1033 9.45384 9.55384
RE-4_R3_CH03_B 96.0539 96.1959 96.3113 96.4049 96.4809 9.2711 9.3711
RE-4_R3_CH03_C 95.9869 96.1604 96.3087 96.4356 96.544 9.3806 9.4806
RE-4_R3_CH04_A 96.2408 96.4245 96.5861 96.7281 96.8529 9.62096 9.72096
RE-4_R3_CH04_B 97.5732 97.7387 97.8797 97.9999 98.1023 9.45841 9.55841
RE-4_R3_CH04_C 98.3205 98.48 98.6123 98.7219 98.8126 9.29712 9.39712
RE-4_R3_CH05_A 96.9046 97.0773 97.226 97.3539 97.4639 9.46168 9.56168
RE-4_R3_CH05_B 95.8729 96.0131 96.1288 96.2241 96.3027 9.32336 9.42336
RE-4_R3_CH05_C 94.859 95.0099 95.1355 95.24 95.3269 9.32514 9.42514
RE-4_R3_CH06_A 96.965 97.1228 97.2555 97.367 97.4606 9.38251 9.48251
RE-4_R3_CH06_B 97.7349 97.8936 98.0259 98.136 98.2276 9.36283 9.46283
RE-4_R3_CH06_C 98.3607 98.5014 98.6167 98.7111 98.7884 9.34342 9.44342
RE-4_R3_CH07_A 95.757 95.9047 96.0269 96.1278 96.2112 9.19723 9.29723
RE-4_R3_CH07_B 96.5702 96.7296 96.8631 96.9749 97.0685 9.30304 9.40304
RE-4_R3_CH07_C 95.5615 95.6931 95.7996 95.8857 95.9553 9.20703 9.30703
RE-4_R3_CH08_A 96.7783 96.9515 97.1016 97.2316 97.3442 9.33922 9.43922
RE-4_R3_CH08_B 95.814 95.9503 96.0614 96.1519 96.2256 9.24931 9.34931
RE-4_R3_CH08_C 97.5919 97.737 97.8555 97.9522 98.0311 9.23062 9.33062
RE-4_R3_CH09_A 95.7394 95.8763 95.9878 96.0786 96.1526 9.25501 9.35501
RE-4_R3_CH09_B 92.817 92.968 93.0949 93.2015 93.2911 9.28445 9.38445
RE-4_R3_CH09_C 87.6409 87.7793 87.8933 87.9872 88.0645 9.20087 9.30087
RE-4_R3_CH10_A 97.8612 98.028 98.1685 98.2869 98.3866 9.31794 9.41794
RE-4_R3_CH10_B 98.2417 98.4009 98.5329 98.6423 98.7329 9.29004 9.39004
RE-4_R3_CH10_C 98.0334 98.162 98.2657 98.3492 98.4166 9.22881 9.32881
RE-4_R3_CH11_A 96.2733 96.4589 96.6212 96.7632 96.8873 9.44391 9.54391
RE-4_R3_CH11_B 95.9854 96.1221 96.2328 96.3225 96.3952 9.29016 9.39016
RE-4_R3_CH11_C 92.1354 92.2679 92.3754 92.4624 92.533 9.22825 9.32825
RE-4_R3_CH12_A 96.7879 96.9378 97.0612 97.1627 97.2461 9.31632 9.41632
RE-4_R3_CH12_B 98.2974 98.451 98.5775 98.6816 98.7672 9.33281 9.43281
RE-4_R3_CH12_C 98.731 98.8693 98.9825 99.0751 99.1508 9.29971 9.39971
RE-4_R3_CH13_A 94.3816 94.5465 94.6889 94.8117 94.9175 9.41051 9.51051
RE-4_R3_CH13_B 94.8273 94.956 95.0607 95.1456 95.2146 9.30149 9.40149
RE-4_R3_CH13_C 92.2898 92.4093 92.5056 92.5833 92.6458 9.24791 9.34791
RE-4_R3_CH14_A 96.9636 97.1247 97.2603 97.3743 97.4701 9.3441 9.4441
RE-4_R3_CH14_B 97.7984 97.9496 98.0746 98.1779 98.2633 9.29653 9.39653
RE-4_R3_CH14_C 97.325 97.459 97.568 97.6567 97.7287 9.2491 9.3491
RE-4_R3_CH15_A 94.5399 94.7169 94.8729 95.0103 95.1313 9.49541 9.59541
RE-4_R3_CH15_B 95.2642 95.4032 95.5172 95.6107 95.6873 9.38164 9.48164
RE-4_R3_CH15_C 95.4313 95.5951 95.7332 95.8495 95.9475 9.43109 9.53109
RE-4_R3_CH16_A 98.2164 98.404 98.568 98.7113 98.8366 9.49147 9.59147
RE-4_R3_CH16_B 96.8054 96.9881 97.1463 97.2833 97.4018 9.53759 9.63759
RE-4_R3_CH16_C 97.5984 97.771 97.9174 98.0413 98.1464 9.43525 9.53525
RE-4_R3_CH17_A 94.8045 94.961 95.0927 95.2034 95.2964 9.30025 9.40025
RE-4_R3_CH17_B 96.2499 96.3923 96.5097 96.6066 96.6864 9.33935 9.43935
RE-4_R3_CH17_C 95.381 95.5192 95.6319 95.7238 95.7987 9.33788 9.43788
RE-4_R3_CH18_A 97.4419 97.5962 97.7246 97.8314 97.9201 9.42882 9.52882
RE-4_R3_CH18_B 97.0629 97.2254 97.3627 97.4788 97.5768 9.42228 9.52228
RE-4_R3_CH18_C 97.9613 98.1061 98.2238 98.3193 98.3967 9.27566 9.37566
RE-4_R3_CH19_A 95.0325 95.2115 95.3679 95.5046 95.624 9.50149 9.60149
RE-4_R3_CH19_B 94.8394 94.9805 95.097 95.1931 95.2724 9.40751 9.50751
RE-4_R3_CH19_C 94.5154 94.6711 94.8026 94.9136 95.0073 9.37591 9.47591
RE-4_R3_CH20_A 97.9407 98.1261 98.2903 98.4358 98.5646 9.59331 9.69331
RE-4_R3_CH20_B 96.6436 96.8056 96.9435 97.061 97.161 9.41426 9.51426
RE-4_R3_CH20_C 98.0338 98.1879 98.3149 98.4193 98.5053 9.3767 9.4767
RE-4_R3_CH21_A 95.4763 95.652 95.8045 95.9368 96.0514 9.43599 9.53599
RE-4_R3_CH21_B 96.7931 96.9525 97.0861 97.1978 97.2913 9.40297 9.50297
RE-4_R3_CH21_C 95.6106 95.7724 95.9108 96.0291 96.1303 9.39774 9.49774
RE-4_R3_CH22_A 96.5733 96.7163 96.8338 96.9301 97.0092 9.40378 9.50378
RE-4_R3_CH22_B 95.4487 95.5735 95.6729 95.7521 95.8151 9.39564 9.49564
RE-4_R3_CH22_C 96.1674 96.3187 96.4441 96.5477 96.6335 9.34454 9.44454
RE-4_R3_CH23_A 94.9722 95.149 95.3047 95.4419 95.5626 9.39207 9.49207
RE-4_R3_CH23_B 96.0661 96.222 96.3513 96.4584 96.5472 9.3374 9.4374
RE-4_R3_CH23_C 95.5298 95.6995 95.8439 95.9668 96.0713 9.34565 9.44565
RE-4_R3_CH24_A 97.8679 97.9986 98.1036 98.1878 98.2553 9.29811 9.39811
RE-4_R3_CH24_B 98.8112 98.9618 99.085 99.1856 99.2679 9.38297 9.48297
RE-4_R3_CH24_C 98.8271 98.9674 99.0824 99.1765 99.2535 9.30377 9.40377
RE-4_R3_CH25_A 96.0924 96.2707 96.4244 96.5569 96.671 9.5616 9.6616
RE-4_R3_CH25_B 96.6673 96.7933 96.8943 96.9752 97.04 9.28765 9.38765
RE-4_R3_CH25_C 96.0048 96.1469 96.2636 96.3593 96.4378 9.31552 9.41552
RE-4_R3_CH26_A 96.7512 96.896 97.0161 97.1157 97.1983 9.31436 9.41436
RE-4_R3_CH26_B 98.5728 98.7263 98.8533 98.9584 99.0452 9.31053 9.41053
RE-4_R3_CH26_C 98.2894 98.4536 98.5905 98.7048 98.8 9.31656 9.41656
RE-4_R3_CH27_A 95.9163 96.0805 96.219 96.3356 96.4338 9.32715 9.42715
RE-4_R3_CH27_B 96.5175 96.659 96.7757 96.8719 96.9511 9.30824 9.40824
RE-4_R3_CH27_C 95.4866 95.6562 95.801 95.9248 96.0304 9.28237 9.38237
RE-4_R3_CH28_A 97.5268 97.6851 97.8164 97.9252 98.0154 9.31013 9.41013
RE-4_R3_CH28_B 98.8569 98.9879 99.0938 99.1791 99.2479 9.29182 9.39182
RE-4_R3_CH28_C 98.692 98.83 98.9429 99.0352 99.1108 9.2543 9.3543
RE-4_R3_CH29_A 94.0509 94.1889 94.3027 94.3965 94.4738 9.27845 9.37845
RE-4_R3_CH29_B 96.037 96.1801 96.2976 96.394 96.4731 9.33098 9.43098
RE-4_R3_CH29_C 94.7376 94.9033 95.0443 95.1642 95.2661 9.31586 9.41586
RE-4_R3_CH30_A 94.3583 94.4885 94.5932 94.6774 94.7451 9.32175 9.42175
RE-4_R3_CH30_B 96.0633 96.2021 96.3147 96.4059 96.4799 9.38809 9.48809
RE-4_R3_CH30_C 94.4639 94.5947 94.7011 94.7877 94.858 9.31711 9.41711
RE-4_R3_CH31_A 96.7302 96.8808 97.006 97.1101 97.1965 9.35976 9.45976
RE-4_R3_CH31_B 97.2497 97.4114 97.5475 97.6621 97.7583 9.42888 9.52888
RE-4_R3_CH31_C 95.4184 95.5581 95.6726 95.7666 95.8436 9.29621 9.39621
RE-4_R3_CH32_A 96.9064 97.0752 97.2203 97.345 97.4521 9.45199 9.55199
RE-4_R3_CH32_B 98.1969 98.3573 98.4903 98.6006 98.692 9.42956 9.52956
RE-4_R3_CH32_C 98.7405 98.891 99.016 99.1198 99.2059 9.33075 9.43075
RE-4_R3_CH33_A 95.7087 95.8414 95.9493 96.0371 96.1085 9.24687 9.34687
RE-4_R3_CH33_B 95.6702 95.7997 95.9044 95.9889 96.0571 9.25291 9.35291
RE-4_R3_CH33_C 94.7638 94.9087 95.0278 95.1258 95.2062 9.24626 9.34626
RE-4_R3_CH34_A 96.8452 96.9902 97.1087 97.2054 97.2844 9.20337 9.30337
RE-4_R3_CH34_B 98.7743 98.9236 99.0456 99.1453 99.2268 9.24719 9.34719
RE-4_R3_CH34_C 98.2343 98.3965 98.5324 98.6462 98.7414 9.27753 9.37753
RE-4_R3_CH35_A 96.4827 96.627 96.7467 96.8459 96.9282 9.39311 9.49311
RE-4_R3_CH35_B 96.0214 96.1629 96.2777 96.3708 96.4464 9.36246 9.46246
RE-4_R3_CH35_C 94.8218 94.9749 95.1041 95.2131 95.305 9.29912 9.39912
RE-4_R3_CH36_A 97.1645 97.304 97.4165 97.5071 97.5801 9.25643 9.35643
RE-4_R3_CH36_B 97.0568 97.1812 97.2795 97.3571 97.4185 9.30092 9.40092
RE-4_R3_CH36_C 98.3864 98.5253 98.6391 98.7322 98.8084 9.25981 9.35981
RE+4_R2_CH01_A 95.1703 95.3521 95.5131 95.6558 95.7822 9.46966 9.56966
RE+4_R2_CH01_B 88.669 88.8074 88.9219 89.0166 89.0948 9.33772 9.43772
RE+4_R2_CH02_A 97.4601 97.6127 97.7395 97.845 97.9326 9.41153 9.51153
RE+4_R2_CH02_B 95.9177 96.0482 96.1531 96.2373 96.3049 9.33951 9.43951
RE+4_R2_CH03_A 93.0805 93.2041 93.3033 93.3829 93.4467 9.2965 9.3965
RE+4_R2_CH03_B 88.6859 88.8468 88.986 89.1062 89.21 9.41609 9.51609
RE+4_R2_CH04_A 98.3983 98.5825 98.7413 98.8784 98.9965 9.47291 9.57291
RE+4_R2_CH04_B 96.4142 96.5586 96.6773 96.7747 96.8546 9.27262 9.37262
RE+4_R2_CH05_A 92.1128 92.2553 92.3737 92.472 92.5536 9.36762 9.46762
RE+4_R2_CH05_B 86.9428 87.0727 87.179 87.2657 87.3365 9.39988 9.49988
RE+4_R2_CH06_A 97.4151 97.559 97.6765 97.7723 97.8506 9.32918 9.42918
RE+4_R2_CH06_B 96.4632 96.5901 96.6925 96.775 96.8415 9.36662 9.46662
RE+4_R2_CH07_A 95.6538 95.8053 95.9302 96.0331 96.1177 9.33772 9.43772
RE+4_R2_CH07_B 90.399 90.5299 90.6367 90.7238 90.7947 9.38113 9.48113
RE+4_R2_CH08_A 98.099 98.24 98.3549 98.4486 98.5249 9.2762 9.3762
RE+4_R2_CH08_B 92.8174 92.9733 93.1045 93.2149 93.3078 9.30164 9.40164
RE+4_R2_CH09_A 92.3647 92.5211 92.6534 92.7653 92.8598 9.31013 9.41013
RE+4_R2_CH09_B 89.2228 89.3749 89.5046 89.6152 89.7093 9.3633 9.4633
RE+4_R2_CH10_A 95.6294 95.6505 95.6632 95.671 95.6757 9.08617 9.18617
RE+4_R2_CH10_B 91.791 91.8908 91.9678 92.0272 92.0731 9.18516 9.28516
RE+4_R2_CH11_A 96.1975 96.3329 96.4431 96.5328 96.6058 9.25284 9.35284
RE+4_R2_CH11_B 90.2419 90.3646 90.4632 90.5423 90.6058 9.30723 9.40723
RE+4_R2_CH12_A 94.57 94.7446 94.8956 95.0262 95.1391 9.44045 9.54045
RE+4_R2_CH12_B 91.7874 91.9344 92.0568 92.1586 92.2433 9.35874 9.45874
RE+4_R2_CH13_A 96.0864 96.2586 96.4068 96.5344 96.6442 9.34107 9.44107
RE+4_R2_CH13_B 89.6306 89.7698 89.8843 89.9785 90.056 9.26237 9.36237
RE+4_R2_CH14_A 97.8889 98.0739 98.2346 98.3741 98.4953 9.40212 9.50212
RE+4_R2_CH14_B 94.6094 94.7256 94.8179 94.8912 94.9493 9.27701 9.37701
RE+4_R2_CH15_A 96.6095 96.7621 96.8884 96.9929 97.0794 9.27103 9.37103
RE+4_R2_CH15_B 91.0135 91.1583 91.2788 91.379 91.4623 9.30615 9.40615
RE+4_R2_CH16_A 97.6561 97.8248 97.9677 98.0886 98.1908 9.36318 9.46318
RE+4_R2_CH16_B 95.112 95.2137 95.2914 95.3509 95.3963 9.23709 9.33709
RE+4_R2_CH17_A 96.438 96.5735 96.6833 96.7721 96.844 9.29953 9.39953
RE+4_R2_CH17_B 82.2027 82.3397 82.4561 82.5547 82.6384 9.45523 9.55523
RE+4_R2_CH18_A 97.3969 97.5388 97.6546 97.749 97.826 9.32313 9.42313
RE+4_R2_CH18_B 91.7175 91.8589 91.9746 92.0692 92.1466 9.28571 9.38571
RE+4_R2_CH19_A 96.0779 96.2478 96.3919 96.5139 96.6173 9.356 9.456
RE+4_R2_CH19_B 90.2828 90.3948 90.4838 90.5544 90.6105 9.36496 9.46496
RE+4_R2_CH20_A 95.6178 95.7693 95.8948 95.9987 96.0846 9.45481 9.55481
RE+4_R2_CH20_B 93.9607 94.1206 94.2547 94.3672 94.4615 9.32682 9.42682
RE+4_R2_CH21_A 95.0023 95.1453 95.2634 95.3608 95.4412 9.4626 9.5626
RE+4_R2_CH21_B 83.6347 83.7762 83.8948 83.9943 84.0777 9.39981 9.49981
RE+4_R2_CH22_A 84.6658 84.8002 84.9115 85.0036 85.0798 9.48772 9.58772
RE+4_R2_CH22_B 83.5022 83.6422 83.7605 83.8604 83.9449 9.38652 9.48652
RE+4_R2_CH23_A 95.6916 95.8298 95.9432 96.0361 96.1122 9.29699 9.39699
RE+4_R2_CH23_B 92.2573 92.4014 92.5207 92.6193 92.7008 9.32049 9.42049
RE+4_R2_CH24_A 95.8574 95.9995 96.1161 96.2119 96.2904 9.33158 9.43158
RE+4_R2_CH24_B 93.3936 93.5373 93.6561 93.7542 93.8353 9.24043 9.34043
RE+4_R2_CH25_A 95.3907 95.5633 95.7139 95.8453 95.9598 9.375 9.475
RE+4_R2_CH25_B 92.3636 92.5211 92.6537 92.7655 92.8595 9.27427 9.37427
RE+4_R2_CH26_A 97.6729 97.8139 97.9282 98.0209 98.096 9.34056 9.44056
RE+4_R2_CH26_B 95.5593 95.6483 95.7158 95.767 95.8058 9.2878 9.3878
RE+4_R2_CH27_A 95.7283 95.8906 96.0284 96.1455 96.2448 9.34116 9.44116
RE+4_R2_CH27_B 91.6293 91.7611 91.8681 91.9547 92.0249 9.23769 9.33769
RE+4_R2_CH28_A 97.8935 98.0606 98.2036 98.3259 98.4306 9.38153 9.48153
RE+4_R2_CH28_B 97.5103 97.6684 97.8013 97.913 98.0067 9.34373 9.44373
RE+4_R2_CH29_A 95.5555 95.7157 95.8511 95.9655 96.0621 9.25812 9.35812
RE+4_R2_CH29_B 91.7017 91.8336 91.9398 92.0254 92.0944 9.18163 9.28163
RE+4_R2_CH31_A 95.6008 95.7745 95.9232 96.0503 96.1589 9.34229 9.44229
RE+4_R2_CH31_B 92.004 92.1543 92.2801 92.3854 92.4734 9.26302 9.36302
RE+4_R2_CH32_A 98.6723 98.8377 98.9763 99.0924 99.1897 9.34688 9.44688
RE+4_R2_CH32_B 96.5848 96.7154 96.8216 96.9078 96.9777 9.22818 9.32818
RE+4_R2_CH33_A 95.8368 95.9713 96.0797 96.1668 96.2369 9.22456 9.32456
RE+4_R2_CH33_B 92.698 92.7974 92.8745 92.9345 92.981 9.17509 9.27509
RE+4_R2_CH34_A 98.2106 98.3568 98.477 98.5756 98.6564 9.27665 9.37665
RE+4_R2_CH34_B 94.6759 94.7941 94.8881 94.9627 95.0219 9.17599 9.27599
RE+4_R2_CH35_A 95.4545 95.599 95.7171 95.8137 95.8925 9.3082 9.4082
RE+4_R2_CH35_B 90.769 90.9124 91.0306 91.1278 91.2079 9.30138 9.40138
RE+4_R2_CH36_A 93.8497 94.0071 94.1397 94.2512 94.345 9.3323 9.4323
RE+4_R2_CH36_B 91.0534 91.1496 91.2238 91.2809 91.3248 9.27088 9.37088
RE+4_R3_CH01_A 95.0263 95.2102 95.3758 95.5249 95.6591 9.66252 9.76252
RE+4_R3_CH01_B 93.903 94.0422 94.1552 94.247 94.3214 9.41317 9.51317
RE+4_R3_CH01_C 93.058 93.2185 93.3539 93.468 93.5641 9.33625 9.43625
RE+4_R3_CH02_A 90.2932 90.4196 90.5225 90.6062 90.6742 9.3205 9.4205
RE+4_R3_CH02_B 97.5859 97.7661 97.9221 98.0569 98.1735 9.54728 9.64728
RE+4_R3_CH02_C 94.8352 95.0026 95.1461 95.2691 95.3745 9.51361 9.61361
RE+4_R3_CH03_A 94.9325 95.0791 95.1998 95.299 95.3806 9.30738 9.40738
RE+4_R3_CH03_B 93.3223 93.4659 93.5835 93.6797 93.7583 9.29346 9.39346
RE+4_R3_CH03_C 90.756 90.8832 90.9868 91.0711 91.1396 9.25913 9.35913
RE+4_R3_CH04_A 97.205 97.3529 97.4757 97.5776 97.6621 9.28715 9.38715
RE+4_R3_CH04_B 97.3857 97.5372 97.6618 97.7644 97.8488 9.38965 9.48965
RE+4_R3_CH04_C 95.0351 95.1814 95.3017 95.4006 95.4819 9.29628 9.39628
RE+4_R3_CH05_A 93.3349 93.4846 93.6099 93.7145 93.802 9.27362 9.37362
RE+4_R3_CH05_B 96.1187 96.2523 96.361 96.4494 96.5213 9.31564 9.41564
RE+4_R3_CH05_C 95.1221 95.2685 95.3889 95.4879 95.5693 9.29775 9.39775
RE+4_R3_CH06_A 97.0543 97.1984 97.3166 97.4136 97.4932 9.14343 9.24343
RE+4_R3_CH06_B 98.1727 98.3171 98.4344 98.5295 98.6067 9.23509 9.33509
RE+4_R3_CH06_C 98.3275 98.4694 98.585 98.6793 98.7561 9.21587 9.31587
RE+4_R3_CH07_A 94.957 95.1292 95.277 95.4039 95.5127 9.36244 9.46244
RE+4_R3_CH07_B 95.5295 95.6575 95.7603 95.8427 95.9089 9.24067 9.34067
RE+4_R3_CH07_C 95.4285 95.5679 95.6828 95.7775 95.8555 9.30001 9.40001
RE+4_R3_CH08_A 98.3916 98.5484 98.6802 98.7907 98.8835 9.36075 9.46075
RE+4_R3_CH08_B 96.5717 96.7311 96.8652 96.978 97.0727 9.39335 9.49335
RE+4_R3_CH08_C 95.0437 95.2006 95.3314 95.4405 95.5313 9.4051 9.5051
RE+4_R3_CH09_A 95.6963 95.8578 95.9943 96.1097 96.2073 9.37083 9.47083
RE+4_R3_CH09_B 97.199 97.3425 97.4609 97.5585 97.639 9.29662 9.39662
RE+4_R3_CH09_C 96.1789 96.327 96.4499 96.552 96.6367 9.25501 9.35501
RE+4_R3_CH10_A 86.9755 87.1249 87.2509 87.357 87.4463 9.24922 9.34922
RE+4_R3_CH10_B 93.2685 93.3963 93.5003 93.5848 93.6534 9.2478 9.3478
RE+4_R3_CH10_C 96.491 96.6814 96.8533 97.0085 97.1485 9.61851 9.71851
RE+4_R3_CH11_A 95.944 96.0999 96.2298 96.338 96.428 9.29817 9.39817
RE+4_R3_CH11_B 96.0188 96.1518 96.2588 96.3448 96.4139 9.33246 9.43246
RE+4_R3_CH11_C 91.7323 91.8862 92.0152 92.1233 92.2138 9.3323 9.4323
RE+4_R3_CH12_A 94.5909 94.7216 94.8279 94.9143 94.9846 9.24122 9.34122
RE+4_R3_CH12_B 96.6571 96.8119 96.9419 97.0511 97.1427 9.36757 9.46757
RE+4_R3_CH12_C 97.3703 97.5362 97.6761 97.7938 97.893 9.38289 9.48289
RE+4_R3_CH13_A 95.3951 95.5706 95.7247 95.8599 95.9786 9.46447 9.56447
RE+4_R3_CH13_B 95.4191 95.5623 95.6793 95.7749 95.853 9.33423 9.43423
RE+4_R3_CH13_C 95.6161 95.7871 95.9348 96.0624 96.1724 9.48788 9.58788
RE+4_R3_CH14_A 97.9309 98.0769 98.198 98.2984 98.3815 9.27036 9.37036
RE+4_R3_CH14_B 92.9001 93.0457 93.1656 93.2643 93.3455 9.39417 9.49417
RE+4_R3_CH14_C 98.1278 98.2735 98.3937 98.4928 98.5745 9.31733 9.41733
RE+4_R3_CH15_A 96.0281 96.1758 96.299 96.4017 96.4874 9.36539 9.46539
RE+4_R3_CH15_B 95.5987 95.7444 95.8642 95.9626 96.0435 9.37453 9.47453
RE+4_R3_CH15_C 95.6666 95.7953 95.8979 95.9798 96.045 9.30817 9.40817
RE+4_R3_CH16_A 97.0513 97.2164 97.3549 97.471 97.5684 9.33004 9.43004
RE+4_R3_CH16_B 97.595 97.7613 97.9036 98.0254 98.1295 9.4746 9.5746
RE+4_R3_CH16_C 98.7254 98.8942 99.037 99.1579 99.26 9.36622 9.46622
RE+4_R3_CH18_A 98.2947 98.4695 98.6183 98.7449 98.8526 9.35532 9.45532
RE+4_R3_CH18_B 98.4371 98.5816 98.6988 98.794 98.8711 9.33034 9.43034
RE+4_R3_CH18_C 97.0537 97.1907 97.3022 97.3929 97.4668 9.29242 9.39242
RE+4_R3_CH19_A 95.3296 95.506 95.661 95.7971 95.9165 9.74785 9.84785
RE+4_R3_CH19_B 92.3571 92.5085 92.6364 92.7444 92.8355 9.60868 9.70868
RE+4_R3_CH19_C 90.6007 90.7561 90.888 91.0001 91.0953 9.61519 9.71519
RE+4_R3_CH20_A 97.3068 97.4835 97.6352 97.7654 97.877 9.39241 9.49241
RE+4_R3_CH20_B 96.0791 96.2166 96.3293 96.4216 96.4971 9.42328 9.52328
RE+4_R3_CH20_C 94.2769 94.4148 94.5274 94.6192 94.6941 9.33401 9.43401
RE+4_R3_CH21_A 94.6877 94.8661 95.0249 95.1662 95.2918 9.62652 9.72652
RE+4_R3_CH21_B 95.7825 95.9391 96.0696 96.1784 96.2689 9.45344 9.55344
RE+4_R3_CH21_C 95.0912 95.262 95.4097 95.5371 95.6472 9.44225 9.54225
RE+4_R3_CH22_A 99.1861 99.3733 99.5378 99.6823 99.8093 9.69535 9.79535
RE+4_R3_CH22_B 98.238 98.4017 98.5383 98.6522 98.7472 9.49807 9.59807
RE+4_R3_CH22_C 97.1675 97.3179 97.4434 97.5481 97.6355 9.49801 9.59801
RE+4_R3_CH23_A 95.4006 95.5346 95.6436 95.7324 95.8046 9.27002 9.37002
RE+4_R3_CH23_B 95.713 95.8345 95.9317 96.0095 96.0716 9.28288 9.38288
RE+4_R3_CH23_C 95.8822 96.0402 96.1737 96.2864 96.3816 9.28075 9.38075
RE+4_R3_CH24_A 98.2904 98.4502 98.584 98.6959 98.7895 9.36609 9.46609
RE+4_R3_CH24_B 98.2134 98.3563 98.4729 98.568 98.6455 9.32204 9.42204
RE+4_R3_CH24_C 98.6363 98.7618 98.8616 98.941 99.004 9.23069 9.33069
RE+4_R3_CH25_A 92.8127 92.9752 93.1139 93.2323 93.3333 9.52217 9.62217
RE+4_R3_CH25_B 94.4636 94.6184 94.7481 94.8566 94.9474 9.44905 9.54905
RE+4_R3_CH25_C 94.6153 94.7556 94.8707 94.9652 95.0427 9.34515 9.44515
RE+4_R3_CH26_A 98.6312 98.7789 98.9008 99.0014 99.0844 9.32836 9.42836
RE+4_R3_CH26_B 97.1201 97.2645 97.3836 97.4819 97.5629 9.34938 9.44938
RE+4_R3_CH26_C 98.3224 98.4805 98.6116 98.7202 98.8101 9.30776 9.40776
RE+4_R3_CH27_A 94.7507 94.9156 95.0579 95.1806 95.2863 9.43042 9.53042
RE+4_R3_CH27_B 96.0741 96.2465 96.3933 96.5183 96.6247 9.44261 9.54261
RE+4_R3_CH27_C 95.5338 95.7151 95.8731 96.0108 96.1308 9.44821 9.54821
RE+4_R3_CH28_A 97.078 97.2545 97.4055 97.5346 97.645 9.33987 9.43987
RE+4_R3_CH28_B 98.3678 98.5185 98.6443 98.7492 98.8367 9.3465 9.4465
RE+4_R3_CH28_C 98.4439 98.6028 98.7351 98.8452 98.9369 9.27873 9.37873
RE+4_R3_CH29_A 90.4107 90.5631 90.6914 90.7994 90.8903 9.27872 9.37872
RE+4_R3_CH29_B 94.3927 94.5529 94.6873 94.8 94.8944 9.3504 9.4504
RE+4_R3_CH29_C 94.1721 94.3388 94.4832 94.6082 94.7164 9.37772 9.47772
RE+4_R3_CH31_A 92.797 92.9708 93.1226 93.2552 93.371 9.54098 9.64098
RE+4_R3_CH31_B 95.3569 95.4928 95.6035 95.6937 95.7671 9.33865 9.43865
RE+4_R3_CH31_C 93.1265 93.2822 93.4148 93.5277 93.6238 9.44589 9.54589
RE+4_R3_CH32_A 97.3773 97.561 97.7228 97.8654 97.991 9.56288 9.66288
RE+4_R3_CH32_B 98.5308 98.6992 98.8405 98.959 99.0584 9.39943 9.49943
RE+4_R3_CH32_C 98.2219 98.3737 98.4986 98.6013 98.6857 9.27894 9.37894
RE+4_R3_CH33_A 94.1248 94.2738 94.3978 94.5009 94.5866 9.25708 9.35708
RE+4_R3_CH33_B 95.969 96.1014 96.208 96.2936 96.3624 9.23486 9.33486
RE+4_R3_CH33_C 95.2073 95.335 95.4375 95.5198 95.5858 9.19741 9.29741
RE+4_R3_CH34_A 95.4638 95.6151 95.7421 95.8487 95.9381 9.33893 9.43893
RE+4_R3_CH34_B 97.3543 97.493 97.6047 97.6946 97.767 9.24214 9.34214
RE+4_R3_CH34_C 98.1839 98.3398 98.4684 98.5742 98.6614 9.26664 9.36664
RE+4_R3_CH35_A 95.3362 95.516 95.676 95.8184 95.945 9.81845 9.91845
RE+4_R3_CH35_B 92.3486 92.5119 92.6529 92.7745 92.8794 9.64408 9.74408
RE+4_R3_CH35_C 93.0564 93.2349 93.3946 93.5375 93.6652 9.69222 9.79222
RE+4_R3_CH36_A 95.7891 95.9283 96.043 96.1375 96.2154 9.42965 9.52965
RE+4_R3_CH36_B 96.7635 96.9096 97.0308 97.1314 97.2148 9.43599 9.53599
RE+4_R3_CH36_C 95.9588 96.1299 96.2755 96.3995 96.5049 9.43261 9.53261
