W-2_RB1in_S01_Backward 96.8108 96.9475 97.0589 97.1496 97.2233 9.08633 9.18633
W-2_RB1in_S01_Forward 98.6819 98.8394 98.9717 99.0827 99.1759 9.09927 9.19927
W-1_RB1in_S01_Backward 98.2981 98.4519 98.5797 98.686 98.7742 9.24572 9.34572
W-1_RB1in_S01_Forward 98.0325 98.2137 98.3693 98.5031 98.6179 9.26769 9.36769
W+0_RB1in_S01_Backward 97.6238 97.7786 97.9085 98.0176 98.109 9.1978 9.2978
W+0_RB1in_S01_Forward 97.0205 97.1834 97.3205 97.436 97.533 9.18499 9.28499
W+1_RB1in_S01_Backward 94.534 94.7134 94.8703 95.0074 95.1271 9.55642 9.65642
W+2_RB1in_S01_Backward 95.9912 96.1462 96.2747 96.3811 96.4693 9.09919 9.19919
W+2_RB1in_S01_Forward 98.9134 99.0593 99.179 99.2772 99.3578 9.08458 9.18458
W-2_RB1in_S02_Backward 96.7026 96.847 96.9649 97.0612 97.1398 9.19791 9.29791
W-2_RB1in_S02_Forward 98.744 98.8893 99.0084 99.1061 99.1863 9.15851 9.25851
W-1_RB1in_S02_Backward 94.6481 94.7894 94.9067 95.0039 95.0845 9.10421 9.20421
W-1_RB1in_S02_Forward 97.8173 97.9783 98.1125 98.2243 98.3175 9.11914 9.21914
W+0_RB1in_S02_Backward 96.6471 96.8213 96.9717 97.1017 97.2139 9.50575 9.60575
W+0_RB1in_S02_Forward 95.32 95.4855 95.6274 95.7488 95.8528 9.25401 9.35401
W+1_RB1in_S02_Backward 96.9477 97.1232 97.2743 97.4044 97.5164 9.34717 9.44717
W+1_RB1in_S02_Forward 96.2475 96.4255 96.581 96.7167 96.8351 9.32068 9.42068
W+2_RB1in_S02_Backward 96.8255 96.9679 97.0842 97.1791 97.2564 9.07662 9.17662
W+2_RB1in_S02_Forward 97.7925 97.947 98.0743 98.179 98.2653 9.06875 9.16875
W-2_RB1in_S03_Backward 96.6146 96.7587 96.8777 96.9759 97.0569 9.21265 9.31265
W-2_RB1in_S03_Forward 98.1351 98.311 98.4609 98.5885 98.6971 9.2268 9.3268
W-1_RB1in_S03_Backward 95.7511 95.9275 96.0821 96.2173 96.3357 9.34979 9.44979
W-1_RB1in_S03_Forward 97.9171 98.0747 98.2053 98.3135 98.4031 9.14661 9.24661
W+0_RB1in_S03_Backward 97.1467 97.313 97.4538 97.5728 97.6734 9.21447 9.31447
W+0_RB1in_S03_Forward 96.1246 96.292 96.4343 96.5553 96.6581 9.22464 9.32464
W+1_RB1in_S03_Backward 94.0296 94.1935 94.3335 94.4529 94.5548 9.3484 9.4484
W+1_RB1in_S03_Forward 96.6922 96.8685 97.0205 97.1514 97.264 9.27812 9.37812
W+2_RB1in_S03_Backward 95.4543 95.5822 95.6854 95.7687 95.8359 9.07048 9.17048
W+2_RB1in_S03_Forward 96.9612 96.9612 96.9612 96.9612 96.9612 9.05754 9.15754
W-2_RB1in_S04_Backward 84.48 84.6249 84.7471 84.85 84.9366 9.21271 9.31271
W-2_RB1in_S04_Forward 98.8138 98.9699 99.1009 99.2108 99.3029 9.1509 9.2509
W-1_RB1in_S04_Backward 97.8589 98.0281 98.1707 98.291 98.3923 9.21018 9.31018
W-1_RB1in_S04_Forward 97.45 97.6253 97.7777 97.9102 98.0253 9.2347 9.3347
W+1_RB1in_S04_Backward 97.7845 97.9612 98.1153 98.2497 98.3669 9.38913 9.48913
W+1_RB1in_S04_Forward 98.2377 98.4022 98.5425 98.6619 98.7636 9.23466 9.33466
W+2_RB1in_S04_Backward 97.0646 97.2003 97.3095 97.3974 97.468 9.00644 9.10644
W+2_RB1in_S04_Forward 98.8682 99.0059 99.118 99.2091 99.2832 8.95153 9.05153
W-2_RB1in_S05_Backward 96.7622 96.9205 97.0541 97.1669 97.2621 9.24482 9.34482
W-2_RB1in_S05_Forward 98.627 98.7779 98.902 99.004 99.0878 9.108 9.208
W-1_RB1in_S05_Backward 97.3873 97.5362 97.6579 97.7575 97.8388 9.19669 9.29669
W+0_RB1in_S05_Backward 97.5613 97.7254 97.8648 97.983 98.0833 9.12977 9.22977
W+0_RB1in_S05_Forward 97.7983 97.9639 98.1034 98.2208 98.3196 9.09439 9.19439
W+1_RB1in_S05_Backward 97.3807 97.5479 97.6911 97.8136 97.9184 9.38438 9.48438
W+1_RB1in_S05_Forward 97.9503 98.1406 98.3076 98.4541 98.5827 9.4201 9.5201
W+2_RB1in_S05_Backward 96.7676 96.8928 96.9936 97.0749 97.1404 9.08679 9.18679
W+2_RB1in_S05_Forward 97.6388 97.7978 97.9296 98.0388 98.1294 9.07858 9.17858
W-2_RB1in_S06_Backward 96.9066 97.0393 97.1472 97.2349 97.3062 9.19009 9.29009
W-2_RB1in_S06_Forward 99.0313 99.2129 99.3714 99.5097 99.6304 9.33123 9.43123
W-1_RB1in_S06_Backward 97.8656 98.042 98.1928 98.3218 98.4319 9.26374 9.36374
W-1_RB1in_S06_Forward 98.1784 98.3518 98.4993 98.6249 98.7316 9.227 9.327
W+0_RB1in_S06_Backward 96.9637 97.1133 97.2382 97.3424 97.4293 9.22153 9.32153
W+0_RB1in_S06_Forward 96.2565 96.4402 96.5999 96.7386 96.8591 9.30565 9.40565
W+1_RB1in_S06_Backward 96.5867 96.7632 96.9142 97.0434 97.1538 9.32078 9.42078
W+1_RB1in_S06_Forward 96.4607 96.6299 96.7738 96.8962 97.0003 9.23517 9.33517
W+2_RB1in_S06_Backward 96.4232 96.5757 96.7036 96.811 96.901 9.26814 9.36814
W+2_RB1in_S06_Forward 97.7542 97.9335 98.088 98.2211 98.3358 9.3429 9.4429
W-2_RB1in_S07_Backward 97.1515 97.3099 97.4436 97.5565 97.6517 9.2613 9.3613
W-2_RB1in_S07_Forward 99.0238 99.1806 99.3122 99.4226 99.5152 9.21908 9.31908
W-1_RB1in_S07_Backward 97.9149 98.0813 98.2209 98.3379 98.436 9.19269 9.29269
W-1_RB1in_S07_Forward 98.4813 98.643 98.7778 98.8901 98.9836 9.19613 9.29613
W+1_RB1in_S07_Backward 97.7869 97.943 98.0723 98.1793 98.2679 9.10003 9.20003
W+1_RB1in_S07_Forward 98.0611 98.2247 98.363 98.4799 98.5785 9.10643 9.20643
W+2_RB1in_S07_Backward 96.3842 96.5269 96.6447 96.7418 96.8219 9.16173 9.26173
W+2_RB1in_S07_Forward 98.0501 98.2139 98.3518 98.4679 98.5654 9.12711 9.22711
W-1_RB1in_S08_Backward 92.7232 92.892 93.0363 93.1598 93.2653 9.32128 9.42128
W-1_RB1in_S08_Forward 94.4061 94.5749 94.7187 94.841 94.9451 9.2375 9.3375
W+0_RB1in_S08_Backward 97.358 97.5255 97.6673 97.7872 97.8887 9.22983 9.32983
W+0_RB1in_S08_Forward 96.2574 96.4013 96.52 96.618 96.6988 9.13222 9.23222
W+1_RB1in_S08_Backward 95.3739 95.5444 95.6911 95.8174 95.926 9.29348 9.39348
W+1_RB1in_S08_Forward 94.0773 94.2611 94.4246 94.5699 94.6991 9.49747 9.59747
W+2_RB1in_S08_Backward 94.7984 94.9571 95.0894 95.1998 95.2919 9.15123 9.25123
W+2_RB1in_S08_Forward 98.1303 98.2983 98.4422 98.5653 98.6706 9.15469 9.25469
W-2_RB1in_S09_Backward 96.2393 96.391 96.5178 96.6237 96.7121 9.24571 9.34571
W-2_RB1in_S09_Forward 98.3868 98.5576 98.7022 98.8246 98.9282 9.21007 9.31007
W-1_RB1in_S09_Backward 96.9099 97.0576 97.1798 97.2806 97.3639 9.23095 9.33095
W-1_RB1in_S09_Forward 98.0678 98.2472 98.4023 98.5363 98.6522 9.2939 9.3939
W+0_RB1in_S09_Backward 96.6222 96.7921 96.936 97.0579 97.1611 9.20501 9.30501
W+0_RB1in_S09_Forward 95.8043 95.9667 96.1045 96.2216 96.3209 9.28241 9.38241
W+1_RB1in_S09_Backward 95.9646 96.1315 96.2729 96.3925 96.4938 9.15592 9.25592
W+1_RB1in_S09_Forward 97.5325 97.7054 97.8553 97.985 98.0973 9.17594 9.27594
W+2_RB1in_S09_Backward 94.7695 94.9505 95.1121 95.2564 95.385 9.52222 9.62222
W+2_RB1in_S09_Forward 97.0947 97.2753 97.4321 97.5682 97.6862 9.2197 9.3197
W-2_RB1in_S10_Backward 97.1265 97.2904 97.4278 97.543 97.6395 9.21844 9.31844
W-2_RB1in_S10_Forward 96.6064 96.7715 96.9111 97.0292 97.1291 9.21166 9.31166
W-1_RB1in_S10_Backward 96.2613 96.4165 96.5458 96.6534 96.743 9.25974 9.35974
W-1_RB1in_S10_Forward 98.0256 98.2038 98.3574 98.4897 98.6036 9.28627 9.38627
W+0_RB1in_S10_Backward 97.6649 97.828 97.9659 98.0825 98.1809 9.26628 9.36628
W+0_RB1in_S10_Forward 97.1397 97.3082 97.4526 97.5762 97.682 9.32383 9.42383
W+1_RB1in_S10_Backward 96.4381 96.5665 96.6689 96.7506 96.8157 9.10731 9.20731
W+1_RB1in_S10_Forward 98.1495 98.2664 98.359 98.4324 98.4905 9.11049 9.21049
W+2_RB1in_S10_Backward 95.9782 96.1385 96.2735 96.3871 96.4826 9.19459 9.29459
W+2_RB1in_S10_Forward 98.129 98.2968 98.4393 98.5604 98.6632 9.14467 9.24467
W-2_RB1in_S11_Backward 87.5741 87.7299 87.8636 87.9781 88.0763 9.25465 9.35465
W-2_RB1in_S11_Forward 98.7151 98.8618 98.983 99.0828 99.1652 9.09313 9.19313
W-1_RB1in_S11_Backward 97.1939 97.3627 97.5051 97.6251 97.7262 9.17008 9.27008
W-1_RB1in_S11_Forward 98.1867 98.3536 98.4936 98.611 98.7094 9.15932 9.25932
W+0_RB1in_S11_Backward 96.51 96.6848 96.8349 96.9637 97.0741 9.26523 9.36523
W+0_RB1in_S11_Forward 94.4035 94.5758 94.7257 94.8561 94.9694 9.33015 9.43015
W+1_RB1in_S11_Backward 96.5939 96.7614 96.9031 97.0231 97.1246 9.23617 9.33617
W+1_RB1in_S11_Forward 96.5063 96.674 96.8172 96.9394 97.0436 9.20512 9.30512
W+2_RB1in_S11_Backward 94.723 94.8962 95.0478 95.1804 95.2965 9.32661 9.42661
W+2_RB1in_S11_Forward 98.0316 98.2055 98.3535 98.4795 98.5866 9.12399 9.22399
W-2_RB1in_S12_Backward 96.9082 97.0786 97.2231 97.3454 97.449 9.21489 9.31489
W-2_RB1in_S12_Forward 98.1855 98.357 98.5029 98.627 98.7324 9.19231 9.29231
W-1_RB1in_S12_Backward 97.0006 97.1572 97.2894 97.4009 97.4949 9.27118 9.37118
W-1_RB1in_S12_Forward 98.0623 98.224 98.3594 98.4727 98.5676 9.18084 9.28084
W+0_RB1in_S12_Backward 97.7456 97.9144 98.0595 98.1841 98.2912 9.33144 9.43144
W+0_RB1in_S12_Forward 97.0087 97.1834 97.3342 97.4646 97.5771 9.34864 9.44864
W+1_RB1in_S12_Backward 85.1243 85.2628 85.3793 85.4771 85.5592 9.25497 9.35497
W+1_RB1in_S12_Forward 96.7751 96.9411 97.0827 97.2035 97.3064 9.22188 9.32188
W+2_RB1in_S12_Backward 90.3147 90.4787 90.62 90.7416 90.8464 9.2915 9.3915
W+2_RB1in_S12_Forward 98.0836 98.2699 98.4322 98.5737 98.697 9.32697 9.42697
W-2_RB1out_S01_Backward 97.5938 97.7399 97.8593 97.9568 98.0363 9.09055 9.19055
W-2_RB1out_S01_Forward 98.3218 98.4773 98.606 98.7126 98.8007 9.07167 9.17167
W-1_RB1out_S01_Backward 98.5802 98.7484 98.8901 99.0094 99.1099 9.287 9.387
W-1_RB1out_S01_Forward 98.5822 98.7512 98.8954 99.0184 99.1232 9.27209 9.37209
W+0_RB1out_S01_Backward 98.5812 98.7341 98.8617 98.9682 99.057 9.21667 9.31667
W+0_RB1out_S01_Forward 98.1278 98.2993 98.4445 98.5675 98.6715 9.23767 9.33767
W+1_RB1out_S01_Backward 88.4243 88.5825 88.7176 88.8331 88.9317 9.3657 9.4657
W+1_RB1out_S01_Forward 98.2216 98.3819 98.5149 98.6251 98.7164 9.28783 9.38783
W+2_RB1out_S01_Backward 97.0202 97.1898 97.3335 97.4552 97.5582 9.26537 9.36537
W+2_RB1out_S01_Forward 96.5781 96.755 96.9089 97.0428 97.1592 9.3892 9.4892
W-2_RB1out_S02_Backward 97.7068 97.8785 98.0247 98.1489 98.2545 9.24533 9.34533
W-2_RB1out_S02_Forward 98.3931 98.5573 98.6961 98.8133 98.9123 9.19698 9.29698
W-1_RB1out_S02_Backward 98.1776 98.3487 98.4942 98.6179 98.723 9.17323 9.27323
W-1_RB1out_S02_Forward 97.4634 97.6533 97.8227 97.9735 98.1079 9.39849 9.49849
W+0_RB1out_S02_Backward 98.4753 98.6554 98.8121 98.9484 99.0669 9.38389 9.48389
W+0_RB1out_S02_Forward 97.774 97.9655 98.1341 98.2826 98.4131 9.31565 9.41565
W+1_RB1out_S02_Backward 106.532 106.736 106.924 107.095 107.252 9.9458 10.0458
W+1_RB1out_S02_Forward 97.7409 97.9256 98.0904 98.2373 98.3684 9.59898 9.69898
W+2_RB1out_S02_Backward 97.4213 97.5916 97.7371 97.8612 97.9671 9.21854 9.31854
W+2_RB1out_S02_Forward 98.2452 98.4216 98.5718 98.6997 98.8086 9.18272 9.28272
W-2_RB1out_S03_Backward 97.8745 98.0234 98.1469 98.2494 98.3345 9.17733 9.27733
W-2_RB1out_S03_Forward 98.5831 98.7407 98.8712 98.9793 99.0687 9.12735 9.22735
W-1_RB1out_S03_Backward 97.5986 97.7577 97.8909 98.0023 98.0955 9.18911 9.28911
W-1_RB1out_S03_Forward 97.3168 97.4899 97.6383 97.7656 97.8746 9.16583 9.26583
W+0_RB1out_S03_Backward 98.27 98.4365 98.5779 98.6979 98.7998 9.27305 9.37305
W+0_RB1out_S03_Forward 98.17 98.3404 98.487 98.6129 98.721 9.29878 9.39878
W+1_RB1out_S03_Backward 98.176 98.3455 98.4913 98.6165 98.724 9.32814 9.42814
W+1_RB1out_S03_Forward 97.6737 97.853 98.0082 98.1423 98.2582 9.24833 9.34833
W+2_RB1out_S03_Backward 97.5266 97.6624 97.7722 97.8611 97.9329 9.02196 9.12196
W+2_RB1out_S03_Forward 98.6571 98.6571 98.6571 98.6571 98.6571 9.05901 9.15901
W-2_RB1out_S04_Backward 97.7755 97.9418 98.0813 98.1983 98.2963 9.20182 9.30182
W-2_RB1out_S04_Forward 98.3424 98.5123 98.6567 98.7794 98.8836 9.15618 9.25618
W-1_RB1out_S04_Forward 94.5615 94.7328 94.8808 95.0086 95.1191 9.50065 9.60065
W+1_RB1out_S04_Backward 97.4536 97.6131 97.7467 97.8585 97.952 9.33311 9.43311
W+1_RB1out_S04_Forward 98.2109 98.3934 98.5519 98.6894 98.8087 9.34775 9.44775
W-2_RB1out_S05_Backward 97.7701 97.9348 98.0729 98.1886 98.2855 9.20432 9.30432
W-2_RB1out_S05_Forward 98.0555 98.2241 98.3662 98.486 98.5869 9.20237 9.30237
W-1_RB1out_S05_Backward 98.4833 98.6432 98.7776 98.8905 98.9853 9.16892 9.26892
W+1_RB1out_S05_Backward 98.2974 98.4746 98.6266 98.7569 98.8688 9.38076 9.48076
W+2_RB1out_S05_Backward 97.1276 97.2943 97.436 97.5564 97.6586 9.12346 9.22346
W+2_RB1out_S05_Forward 98.3648 98.5191 98.6461 98.7506 98.8366 8.98971 9.08971
W-2_RB1out_S06_Backward 97.8247 97.9887 98.1285 98.2476 98.3489 9.28259 9.38259
W-2_RB1out_S06_Forward 97.995 98.1736 98.329 98.4642 98.5817 9.34683 9.44683
W-1_RB1out_S06_Backward 98.2721 98.4211 98.5436 98.6442 98.7269 9.25265 9.35265
W-1_RB1out_S06_Forward 98.4168 98.586 98.7309 98.8549 98.961 9.27773 9.37773
W+0_RB1out_S06_Backward 98.1775 98.3518 98.5012 98.6293 98.7391 9.33873 9.43873
W+0_RB1out_S06_Forward 98.511 98.6805 98.8262 98.9513 99.0587 9.35735 9.45735
W+1_RB1out_S06_Backward 98.8305 99.0153 99.1794 99.3249 99.4541 9.50604 9.60604
W+1_RB1out_S06_Forward 98.4283 98.6054 98.7574 98.8878 98.9996 9.3166 9.4166
W+2_RB1out_S06_Backward 97.1866 97.3466 97.4812 97.5943 97.6894 9.21118 9.31118
W+2_RB1out_S06_Forward 98.5149 98.6765 98.8119 98.9251 99.0199 9.18076 9.28076
W-2_RB1out_S07_Backward 97.9257 98.0692 98.1857 98.2802 98.3569 9.19078 9.29078
W-2_RB1out_S07_Forward 98.3363 98.5087 98.656 98.7816 98.8889 9.26528 9.36528
W-1_RB1out_S07_Backward 98.4855 98.6331 98.7556 98.8571 98.9412 9.19879 9.29879
W-1_RB1out_S07_Forward 98.1627 98.3244 98.4603 98.5746 98.6706 9.1419 9.2419
W+0_RB1out_S07_Backward 98.6048 98.77 98.9098 99.0278 99.1275 9.32335 9.42335
W+0_RB1out_S07_Forward 98.7388 98.9227 99.0824 99.2209 99.3411 9.41192 9.51192
W+1_RB1out_S07_Backward 98.1121 98.2872 98.4363 98.5632 98.6711 9.23574 9.33574
W+1_RB1out_S07_Forward 98.052 98.2153 98.3528 98.4684 98.5656 9.16016 9.26016
W+2_RB1out_S07_Backward 97.3846 97.5375 97.6658 97.7734 97.8637 9.14118 9.24118
W+2_RB1out_S07_Forward 98.6618 98.816 98.9436 99.0492 99.1364 9.1676 9.2676
W-2_RB1out_S08_Backward 97.1827 97.3184 97.4295 97.5203 97.5946 9.0944 9.1944
W-2_RB1out_S08_Forward 98.4342 98.5894 98.7185 98.8259 98.9151 9.09203 9.19203
W-1_RB1out_S08_Backward 97.8416 98.0064 98.1446 98.2604 98.3574 9.24639 9.34639
W-1_RB1out_S08_Forward 97.7436 97.9005 98.0312 98.1399 98.2303 9.24063 9.34063
W+0_RB1out_S08_Backward 98.5448 98.7141 98.8567 98.9769 99.0781 9.22406 9.32406
W+0_RB1out_S08_Forward 97.9634 98.1375 98.2868 98.4147 98.5244 9.23371 9.33371
W+1_RB1out_S08_Backward 97.1556 97.3362 97.4949 97.6342 97.7564 9.4029 9.5029
W+1_RB1out_S08_Forward 98.2025 98.3765 98.5247 98.6508 98.758 9.27636 9.37636
W+2_RB1out_S08_Backward 97.3166 97.4885 97.6359 97.7622 97.8705 9.2653 9.3653
W+2_RB1out_S08_Forward 98.3404 98.5049 98.6446 98.7631 98.8636 9.17072 9.27072
W-2_RB1out_S09_Backward 95.9768 96.1494 96.2964 96.4216 96.5281 9.28528 9.38528
W-2_RB1out_S09_Forward 98.0811 98.2547 98.4035 98.5311 98.6404 9.26245 9.36245
W-1_RB1out_S09_Backward 98.4424 98.6062 98.7446 98.8615 98.9602 9.26231 9.36231
W-1_RB1out_S09_Forward 98.3706 98.5337 98.6715 98.7879 98.8861 9.22152 9.32152
W+0_RB1out_S09_Backward 97.9197 98.0995 98.2539 98.3864 98.5002 9.3124 9.4124
W+0_RB1out_S09_Forward 91.914 92.075 92.213 92.3312 92.4325 9.27601 9.37601
W+1_RB1out_S09_Backward 97.5416 97.6996 97.8329 97.9454 98.0402 9.25892 9.35892
W+1_RB1out_S09_Forward 98.5071 98.6697 98.8053 98.9183 99.0125 9.1713 9.2713
W+2_RB1out_S09_Backward 97.6429 97.8128 97.9578 98.0815 98.187 9.29839 9.39839
W+2_RB1out_S09_Forward 98.107 98.2779 98.4221 98.5437 98.6461 9.12458 9.22458
W-2_RB1out_S10_Backward 92.5977 92.7494 92.877 92.9843 93.0744 9.31704 9.41704
W-2_RB1out_S10_Forward 98.3711 98.5291 98.6613 98.7717 98.8641 9.20058 9.30058
W-1_RB1out_S10_Backward 98.0112 98.1711 98.3062 98.4201 98.5162 9.34755 9.44755
W-1_RB1out_S10_Forward 98.3635 98.5277 98.666 98.7823 98.8801 9.24159 9.34159
W+0_RB1out_S10_Backward 98.2765 98.4463 98.5901 98.7118 98.8148 9.27968 9.37968
W+0_RB1out_S10_Forward 97.9929 98.1635 98.3102 98.4362 98.5445 9.35302 9.45302
W+1_RB1out_S10_Backward 98.1247 98.2782 98.4053 98.5103 98.5972 9.1605 9.2605
W+1_RB1out_S10_Forward 98.1459 98.2977 98.4239 98.5287 98.6156 9.18053 9.28053
W+2_RB1out_S10_Backward 97.7559 97.9118 98.0421 98.151 98.242 9.20618 9.30618
W+2_RB1out_S10_Forward 98.7912 98.9332 99.0489 99.1432 99.2201 9.16155 9.26155
W-2_RB1out_S11_Backward 95.5927 95.761 95.9037 96.0245 96.1268 9.21271 9.31271
W-2_RB1out_S11_Forward 98.4066 98.5763 98.7193 98.8399 98.9414 9.17617 9.27617
W-1_RB1out_S11_Backward 95.4974 95.6794 95.8377 95.9751 96.0945 9.46172 9.56172
W-1_RB1out_S11_Forward 96.5294 96.7145 96.8796 97.0271 97.1586 9.61772 9.71772
W+0_RB1out_S11_Backward 98.3165 98.488 98.635 98.7609 98.8686 9.35151 9.45151
W+0_RB1out_S11_Forward 97.4024 97.5842 97.743 97.8816 98.0027 9.36447 9.46447
W+1_RB1out_S11_Backward 90.2106 90.3671 90.499 90.6102 90.7039 9.25762 9.35762
W+1_RB1out_S11_Forward 98.6111 98.7726 98.9083 99.0224 99.1182 9.15546 9.25546
W+2_RB1out_S11_Backward 97.5636 97.7274 97.8652 97.9812 98.0788 9.23177 9.33177
W+2_RB1out_S11_Forward 97.819 97.9879 98.1331 98.2578 98.3648 9.30678 9.40678
W-1_RB1out_S12_Backward 98.2622 98.4259 98.5637 98.6797 98.7772 9.26416 9.36416
W-1_RB1out_S12_Forward 97.0427 97.1964 97.3255 97.4338 97.5246 9.21328 9.31328
W+0_RB1out_S12_Backward 98.7854 98.925 99.0392 99.1327 99.2092 9.24509 9.34509
W+0_RB1out_S12_Forward 98.3632 98.5276 98.6654 98.7808 98.8774 9.21231 9.31231
W+1_RB1out_S12_Backward 98.3562 98.5137 98.6466 98.7586 98.8529 9.2161 9.3161
W+1_RB1out_S12_Forward 98.497 98.6572 98.7912 98.9034 98.9972 9.17668 9.27668
W+2_RB1out_S12_Backward 97.2063 97.3721 97.5135 97.634 97.7367 9.30418 9.40418
W+2_RB1out_S12_Forward 98.4802 98.6458 98.7858 98.9042 99.0042 9.27418 9.37418
W-2_RB2in_S01_Backward 97.4993 97.636 97.7473 97.8379 97.9115 9.15907 9.25907
W-2_RB2in_S01_Forward 97.0338 97.1735 97.288 97.3818 97.4586 9.10687 9.20687
W-1_RB2in_S01_Backward 98.1402 98.3096 98.453 98.5744 98.677 9.37004 9.47004
W-1_RB2in_S01_Middle 97.8744 98.0482 98.1973 98.3251 98.4345 9.35851 9.45851
W-1_RB2in_S01_Forward 98.3004 98.4833 98.6412 98.7772 98.8945 9.34975 9.44975
W+0_RB2in_S01_Backward 98.2984 98.474 98.6241 98.7523 98.8618 9.22204 9.32204
W+0_RB2in_S01_Middle 98.3154 98.4992 98.6587 98.7972 98.9174 9.34008 9.44008
W+0_RB2in_S01_Forward 98.1929 98.3661 98.5129 98.6372 98.7425 9.21322 9.31322
W+1_RB2in_S01_Backward 98.863 99.043 99.1995 99.3357 99.454 9.48473 9.58473
W+1_RB2in_S01_Middle 98.0256 98.2141 98.3786 98.522 98.6469 9.38084 9.48084
W+1_RB2in_S01_Forward 98.6466 98.8346 99.0003 99.1464 99.2751 9.44254 9.54254
W+2_RB2in_S01_Backward 97.619 97.7581 97.872 97.9652 98.0416 9.09656 9.19656
W+2_RB2in_S01_Forward 96.3939 96.5142 96.6084 96.6823 96.7401 9.00608 9.10608
W-2_RB2in_S02_Backward 96.9754 97.1268 97.2521 97.3557 97.4414 9.24445 9.34445
W-1_RB2in_S02_Backward 98.286 98.4548 98.5999 98.7245 98.8315 9.34901 9.44901
W-1_RB2in_S02_Middle 97.6766 97.8509 97.9998 98.1271 98.2357 9.25536 9.35536
W-1_RB2in_S02_Forward 98.7057 98.882 99.0352 99.1683 99.2839 9.28956 9.38956
W+0_RB2in_S02_Backward 98.1106 98.29 98.4441 98.5764 98.6899 9.3369 9.4369
W+0_RB2in_S02_Middle 98.1545 98.3234 98.4685 98.5931 98.7001 9.26505 9.36505
W+0_RB2in_S02_Forward 98.5684 98.7367 98.8787 98.9982 99.0988 9.26396 9.36396
W+1_RB2in_S02_Backward 94.7606 94.9279 95.0717 95.1955 95.3019 9.38705 9.48705
W+1_RB2in_S02_Middle 98.5956 98.7803 98.9427 99.0854 99.2106 9.47067 9.57067
W+1_RB2in_S02_Forward 98.0924 98.2625 98.4067 98.5287 98.6319 9.26262 9.36262
W+2_RB2in_S02_Backward 97.4203 97.5742 97.7028 97.8102 97.8998 9.25962 9.35962
W+2_RB2in_S02_Forward 96.3042 96.4608 96.5929 96.7044 96.7985 9.25101 9.35101
W-2_RB2in_S03_Backward 97.6424 97.7762 97.8837 97.9702 98.0396 9.15124 9.25124
W-2_RB2in_S03_Forward 96.6453 96.7904 96.9109 97.0107 97.0935 9.12095 9.22095
W-1_RB2in_S03_Backward 98.1747 98.3059 98.4118 98.4973 98.5663 9.11819 9.21819
W-1_RB2in_S03_Middle 97.8871 98.0608 98.2091 98.3358 98.4439 9.18353 9.28353
W-1_RB2in_S03_Forward 98.4731 98.6453 98.7923 98.9178 99.0248 9.19959 9.29959
W+0_RB2in_S03_Backward 97.0778 97.2588 97.4151 97.5498 97.6659 9.32044 9.42044
W+0_RB2in_S03_Middle 98.2631 98.4409 98.5936 98.7246 98.8369 9.29345 9.39345
W+0_RB2in_S03_Forward 91.4168 91.5807 91.7207 91.8404 91.9427 9.33306 9.43306
W+1_RB2in_S03_Backward 97.7436 97.9188 98.0681 98.1951 98.3033 9.29538 9.39538
W+1_RB2in_S03_Middle 97.4964 97.6764 97.8316 97.9654 98.0807 9.27939 9.37939
W+2_RB2in_S03_Backward 97.1934 97.3231 97.4278 97.5122 97.5804 9.17937 9.27937
W+2_RB2in_S03_Forward 95.3994 95.5444 95.663 95.7599 95.8391 9.11688 9.21688
W-2_RB2in_S04_Backward 97.5872 97.7632 97.9137 98.0424 98.1523 9.30079 9.40079
W-2_RB2in_S04_Forward 97.0098 97.1656 97.2971 97.4079 97.5013 9.23409 9.33409
W-1_RB2in_S04_Backward 98.858 99.0522 99.2241 99.3762 99.5107 9.40982 9.50982
W-1_RB2in_S04_Middle 97.4778 97.6537 97.8063 97.9384 98.0529 9.28545 9.38545
W-1_RB2in_S04_Forward 97.5529 97.7254 97.8748 98.0042 98.1161 9.22565 9.32565
W+0_RB2in_S04_Backward 98.33 98.5007 98.6447 98.7661 98.8683 9.213 9.313
W+0_RB2in_S04_Middle 98.0391 98.2171 98.3709 98.5038 98.6187 9.29408 9.39408
W+0_RB2in_S04_Forward 98.1563 98.3301 98.4796 98.6082 98.7187 9.30619 9.40619
W+1_RB2in_S04_Middle 96.6864 96.8587 97.008 97.1373 97.2493 9.35791 9.45791
W+1_RB2in_S04_Forward 97.8138 98.0054 98.174 98.3225 98.4531 9.34915 9.44915
W+2_RB2in_S04_Backward 97.8886 98.0527 98.1903 98.3056 98.4021 9.20193 9.30193
W+2_RB2in_S04_Forward 97.1683 97.3369 97.4808 97.6036 97.7083 9.20025 9.30025
W-2_RB2in_S05_Forward 97.1504 97.3092 97.4427 97.5548 97.6491 9.17911 9.27911
W-1_RB2in_S05_Backward 98.1013 98.2528 98.3792 98.4847 98.5727 9.2261 9.3261
W-1_RB2in_S05_Middle 98.1121 98.2597 98.3821 98.4837 98.5679 9.19654 9.29654
W-1_RB2in_S05_Forward 98.0265 98.2038 98.356 98.4866 98.5986 9.22997 9.32997
W+0_RB2in_S05_Backward 98.4957 98.6606 98.8011 98.9208 99.0227 9.322 9.422
W+0_RB2in_S05_Middle 98.3923 98.5602 98.7028 98.8239 98.9267 9.27769 9.37769
W+1_RB2in_S05_Backward 97.7171 97.885 98.0266 98.1458 98.2463 9.22456 9.32456
W+1_RB2in_S05_Middle 97.4585 97.6222 97.7617 97.8805 97.9817 9.27808 9.37808
W+1_RB2in_S05_Forward 97.0491 97.2346 97.3982 97.5425 97.6695 9.41581 9.51581
W-2_RB2in_S06_Backward 98.3302 98.5004 98.6439 98.7649 98.8668 9.31234 9.41234
W-2_RB2in_S06_Forward 96.9405 97.1029 97.2407 97.3577 97.4568 9.21152 9.31152
W-1_RB2in_S06_Backward 89.5857 89.7508 89.8954 90.022 90.1327 9.42099 9.52099
W-1_RB2in_S06_Middle 97.4375 97.6226 97.7892 97.9391 98.0739 9.45719 9.55719
W-1_RB2in_S06_Forward 98.0529 98.2314 98.3867 98.5217 98.6391 9.2909 9.3909
W+0_RB2in_S06_Backward 98.7061 98.8814 99.0322 99.162 99.2736 9.36695 9.46695
W+0_RB2in_S06_Middle 98.4741 98.6582 98.8204 98.9632 99.089 9.40764 9.50764
W+0_RB2in_S06_Forward 98.4621 98.6412 98.7974 98.9337 99.0526 9.34963 9.44963
W+1_RB2in_S06_Backward 97.925 98.0951 98.2408 98.3656 98.4724 9.33088 9.43088
W+1_RB2in_S06_Middle 97.6011 97.7816 97.9382 98.074 98.1919 9.29177 9.39177
W+1_RB2in_S06_Forward 97.8452 98.0316 98.1967 98.343 98.4725 9.44424 9.54424
W+2_RB2in_S06_Backward 97.8403 98.0051 98.145 98.2638 98.3645 9.29468 9.39468
W+2_RB2in_S06_Forward 96.978 97.1433 97.2847 97.4058 97.5093 9.34978 9.44978
W-2_RB2in_S07_Backward 97.8323 97.9931 98.1271 98.2388 98.3318 9.30845 9.40845
W-1_RB2in_S07_Backward 97.6569 97.842 98.0042 98.1464 98.271 9.29171 9.39171
W-1_RB2in_S07_Middle 97.9784 98.1346 98.2646 98.3728 98.4627 9.18046 9.28046
W-1_RB2in_S07_Forward 98.0795 98.2487 98.3942 98.5192 98.6265 9.20662 9.30662
W+0_RB2in_S07_Backward 98.6319 98.8145 98.9724 99.109 99.2271 9.30172 9.40172
W+1_RB2in_S07_Backward 98.1595 98.312 98.4387 98.544 98.6314 9.14365 9.24365
W+1_RB2in_S07_Middle 97.4351 97.6116 97.7642 97.896 98.0099 9.22826 9.32826
W+1_RB2in_S07_Forward 98.1608 98.3389 98.4924 98.6245 98.7383 9.18605 9.28605
W+2_RB2in_S07_Backward 97.4902 97.636 97.7568 97.857 97.9401 9.22902 9.32902
W+2_RB2in_S07_Forward 96.7697 96.9398 97.0852 97.2093 97.3151 9.278 9.378
W-2_RB2in_S08_Backward 96.7352 96.9059 97.0516 97.1761 97.2823 9.33966 9.43966
W-2_RB2in_S08_Forward 96.4055 96.5921 96.7554 96.8982 97.0231 9.42477 9.52477
W-1_RB2in_S08_Backward 97.7073 97.898 98.0679 98.2194 98.3543 9.43108 9.53108
W-1_RB2in_S08_Middle 97.9216 98.0972 98.2473 98.3756 98.4852 9.26144 9.36144
W-1_RB2in_S08_Forward 97.8295 97.9966 98.1385 98.259 98.3613 9.21879 9.31879
W+0_RB2in_S08_Backward 98.7306 98.904 99.0532 99.1815 99.2917 9.30517 9.40517
W+0_RB2in_S08_Middle 97.8795 98.0662 98.2294 98.3721 98.4968 9.28574 9.38574
W+0_RB2in_S08_Forward 98.2003 98.3628 98.5007 98.6176 98.7167 9.20475 9.30475
W+1_RB2in_S08_Backward 97.8027 97.9785 98.1299 98.2602 98.3723 9.31524 9.41524
W+1_RB2in_S08_Middle 98.1232 98.2912 98.435 98.558 98.6632 9.30295 9.40295
W+1_RB2in_S08_Forward 98.1459 98.3177 98.4639 98.5882 98.6939 9.30078 9.40078
W-2_RB2in_S09_Backward 97.2021 97.3785 97.5294 97.6585 97.7687 9.29806 9.39806
W-2_RB2in_S09_Forward 96.6664 96.8497 97.0095 97.1488 97.2701 9.39691 9.49691
W-1_RB2in_S09_Backward 98.0083 98.1747 98.3154 98.4344 98.535 9.30199 9.40199
W-1_RB2in_S09_Middle 97.1896 97.3609 97.5092 97.6375 97.7486 9.28942 9.38942
W-1_RB2in_S09_Forward 98.2371 98.4005 98.5397 98.6583 98.7591 9.2218 9.3218
W+0_RB2in_S09_Backward 97.536 97.7009 97.8404 97.9583 98.058 9.25642 9.35642
W+0_RB2in_S09_Middle 97.731 97.9114 98.068 98.2039 98.3217 9.29987 9.39987
W+0_RB2in_S09_Forward 97.2866 97.4596 97.6089 97.7379 97.8491 9.27557 9.37557
W+1_RB2in_S09_Backward 98.2033 98.3835 98.5403 98.6767 98.7953 9.36684 9.46684
W+1_RB2in_S09_Middle 98.1227 98.3016 98.4572 98.5926 98.7102 9.33794 9.43794
W+1_RB2in_S09_Forward 97.967 98.1291 98.266 98.3816 98.4791 9.26507 9.36507
W+2_RB2in_S09_Backward 98.3519 98.5294 98.6833 98.8167 98.9322 9.56821 9.66821
W+2_RB2in_S09_Forward 95.5493 95.7248 95.8777 96.0107 96.1263 9.38621 9.48621
W-2_RB2in_S10_Backward 98.1369 98.2782 98.3935 98.4874 98.5639 9.20696 9.30696
W-2_RB2in_S10_Forward 97.2444 97.3915 97.5131 97.6134 97.6962 9.20129 9.30129
W-1_RB2in_S10_Backward 85.4113 85.5407 85.6476 85.7358 85.8086 9.15894 9.25894
W-1_RB2in_S10_Middle 97.942 98.0922 98.217 98.3205 98.4065 9.22946 9.32946
W-1_RB2in_S10_Forward 98.6994 98.8553 98.9836 99.0893 99.1763 9.16396 9.26396
W+0_RB2in_S10_Backward 98.2881 98.4588 98.6056 98.7317 98.8401 9.34491 9.44491
W+0_RB2in_S10_Middle 98.1015 98.2753 98.4253 98.5548 98.6665 9.34362 9.44362
W+0_RB2in_S10_Forward 92.5948 92.7637 92.9092 93.0345 93.1425 9.33887 9.43887
W+1_RB2in_S10_Backward 98.4494 98.6278 98.7834 98.9192 99.0375 9.39011 9.49011
W+1_RB2in_S10_Middle 97.8404 98.0148 98.1639 98.2913 98.4 9.29388 9.39388
W+1_RB2in_S10_Forward 97.689 97.8656 98.0171 98.1471 98.2586 9.2841 9.3841
W+2_RB2in_S10_Backward 96.4393 96.6182 96.7744 96.9108 97.0298 9.36987 9.46987
W+2_RB2in_S10_Forward 96.5163 96.6611 96.7813 96.8809 96.9635 9.23153 9.33153
W-2_RB2in_S11_Backward 96.9899 97.1452 97.2762 97.3866 97.4797 9.30423 9.40423
W-2_RB2in_S11_Forward 96.2464 96.4086 96.5459 96.6618 96.7598 9.22451 9.32451
W-1_RB2in_S11_Middle 97.8969 98.0722 98.223 98.3529 98.4646 9.30707 9.40707
W-1_RB2in_S11_Forward 98.4009 98.5586 98.6906 98.8008 98.893 9.20649 9.30649
W+0_RB2in_S11_Backward 98.2538 98.4346 98.5938 98.7339 98.8572 9.43768 9.53768
W+0_RB2in_S11_Middle 97.9258 98.1099 98.2714 98.4128 98.5366 9.39649 9.49649
W+0_RB2in_S11_Forward 98.3237 98.4931 98.6376 98.7608 98.8659 9.23087 9.33087
W+1_RB2in_S11_Backward 97.9632 98.1221 98.2557 98.368 98.4623 9.27092 9.37092
W+1_RB2in_S11_Middle 97.7506 97.9089 98.0407 98.1505 98.2418 9.20388 9.30388
W+1_RB2in_S11_Forward 97.9791 98.1409 98.2765 98.39 98.4849 9.20967 9.30967
W+2_RB2in_S11_Backward 97.8391 97.9822 98.099 98.1942 98.2719 9.06772 9.16772
W+2_RB2in_S11_Forward 97.0935 97.2622 97.4046 97.5246 97.6257 9.09977 9.19977
W-2_RB2in_S12_Backward 97.1331 97.3032 97.4489 97.5738 97.6807 9.34209 9.44209
W-2_RB2in_S12_Forward 97.7741 97.921 98.0429 98.144 98.2278 9.14591 9.24591
W-1_RB2in_S12_Backward 97.919 98.1 98.2556 98.3892 98.5039 9.31151 9.41151
W-1_RB2in_S12_Middle 97.9432 98.1157 98.2631 98.389 98.4964 9.25269 9.35269
W-1_RB2in_S12_Forward 98.0774 98.2597 98.4176 98.5541 98.6722 9.29216 9.39216
W+0_RB2in_S12_Backward 98.7779 98.9456 99.089 99.2118 99.3167 9.26297 9.36297
W+0_RB2in_S12_Middle 98.0851 98.2624 98.416 98.5492 98.6645 9.26047 9.36047
W+0_RB2in_S12_Forward 98.2196 98.3804 98.5162 98.6308 98.7275 9.18462 9.28462
W+1_RB2in_S12_Backward 97.6796 97.849 97.993 98.1153 98.2193 9.29006 9.39006
W+1_RB2in_S12_Middle 97.9502 98.1247 98.2732 98.3996 98.5071 9.28539 9.38539
W+1_RB2in_S12_Forward 97.7253 97.9072 98.0642 98.1995 98.3161 9.2437 9.3437
W+2_RB2in_S12_Backward 97.7912 97.9452 98.0733 98.1798 98.2683 9.15334 9.25334
W+2_RB2in_S12_Forward 94.5564 94.6872 94.7936 94.8801 94.9504 9.05539 9.15539
W-2_RB2out_S01_Backward 98.5061 98.661 98.7892 98.8953 98.983 9.18509 9.28509
W-2_RB2out_S01_Middle 97.2619 97.4205 97.5534 97.6645 97.7574 9.16666 9.26666
W-2_RB2out_S01_Forward 96.7514 96.9159 97.055 97.1726 97.272 9.16104 9.26104
W-1_RB2out_S01_Backward 94.7704 94.9276 95.0587 95.168 95.259 9.27533 9.37533
W-1_RB2out_S01_Forward 97.4438 97.6079 97.7461 97.8625 97.9603 9.26268 9.36268
W+0_RB2out_S01_Forward 96.8209 96.9805 97.1141 97.2259 97.3195 9.22684 9.32684
W+1_RB2out_S01_Backward 98.037 98.2039 98.3467 98.4689 98.5733 9.43643 9.53643
W+1_RB2out_S01_Forward 96.0099 96.1685 96.3025 96.4156 96.5111 9.28513 9.38513
W+2_RB2out_S01_Backward 96.2321 96.4004 96.5445 96.6681 96.7738 9.47943 9.57943
W+2_RB2out_S01_Forward 93.4972 93.6686 93.8182 93.9487 94.0626 9.3652 9.4652
W-2_RB2out_S02_Backward 97.7558 97.9248 98.0679 98.189 98.2914 9.29627 9.39627
W-2_RB2out_S02_Middle 93.1564 93.3327 93.489 93.6274 93.7499 9.41454 9.51454
W-2_RB2out_S02_Forward 97.0079 97.1728 97.3135 97.4334 97.5355 9.27423 9.37423
W-1_RB2out_S02_Backward 97.1384 97.2911 97.4174 97.522 97.6084 9.27188 9.37188
W-1_RB2out_S02_Forward 93.1088 93.273 93.4121 93.5299 93.6297 9.26265 9.36265
W+0_RB2out_S02_Backward 97.4369 97.6034 97.7437 97.8619 97.9614 9.27985 9.37985
W+0_RB2out_S02_Forward 96.3308 96.4916 96.6258 96.7377 96.831 9.26176 9.36176
W+1_RB2out_S02_Backward 96.4722 96.6372 96.7768 96.8949 96.9947 9.26852 9.36852
W+1_RB2out_S02_Forward 98.3637 98.5535 98.7209 98.8686 98.9988 9.57288 9.67288
W+2_RB2out_S02_Backward 99.0014 99.1744 99.3227 99.4497 99.5584 9.3253 9.4253
W+2_RB2out_S02_Middle 97.5802 97.7594 97.9168 98.0549 98.176 9.40105 9.50105
W+2_RB2out_S02_Forward 96.8234 96.9851 97.1223 97.2388 97.3375 9.26337 9.36337
W-2_RB2out_S03_Backward 98.0565 98.2168 98.3515 98.4648 98.56 9.25131 9.35131
W-2_RB2out_S03_Middle 97.1026 97.28 97.4324 97.5632 97.6754 9.19872 9.29872
W-2_RB2out_S03_Forward 96.2122 96.3728 96.5085 96.6231 96.72 9.18188 9.28188
W+0_RB2out_S03_Backward 97.052 97.2266 97.3758 97.5034 97.6124 9.3224 9.4224
W+0_RB2out_S03_Forward 91.5284 91.6998 91.8486 91.9779 92.09 9.56442 9.66442
W+1_RB2out_S03_Backward 96.2762 96.4582 96.6168 96.7549 96.8753 9.42934 9.52934
W+1_RB2out_S03_Forward 92.656 92.8099 92.9389 93.0469 93.1373 9.2074 9.3074
W+2_RB2out_S03_Backward 98.1466 98.2997 98.4271 98.5329 98.6208 9.20547 9.30547
W+2_RB2out_S03_Middle 96.062 96.2357 96.3857 96.5154 96.6273 9.20518 9.30518
W+2_RB2out_S03_Forward 92.3212 92.4734 92.6021 92.7107 92.8023 9.13781 9.23781
W-2_RB2out_S04_Backward 91.2912 91.4426 91.57 91.6772 91.7673 9.25003 9.35003
W-2_RB2out_S04_Middle 92.6319 92.8072 92.9629 93.1011 93.2238 9.48181 9.58181
W-2_RB2out_S04_Forward 97.5661 97.7228 97.855 97.9665 98.0605 9.22423 9.32423
W-1_RB2out_S04_Backward 93.053 93.2172 93.3586 93.4801 93.5845 9.4866 9.5866
W-1_RB2out_S04_Forward 90.6177 90.7908 90.9426 91.0756 91.1923 9.4802 9.5802
W+1_RB2out_S04_Backward 96.5794 96.7275 96.851 96.954 97.0398 9.27313 9.37313
W+1_RB2out_S04_Forward 95.201 95.3561 95.4859 95.5945 95.6853 9.27017 9.37017
W+2_RB2out_S04_Backward 97.9095 98.0759 98.2162 98.3343 98.4337 9.23746 9.33746
W+2_RB2out_S04_Middle 97.6138 97.7839 97.9301 98.0558 98.1637 9.26554 9.36554
W+2_RB2out_S04_Forward 96.7656 96.9272 97.0639 97.1793 97.2768 9.16973 9.26973
W-2_RB2out_S05_Backward 98.4637 98.6437 98.7983 98.9311 99.045 9.2739 9.3739
W-2_RB2out_S05_Middle 97.1627 97.3171 97.4467 97.5555 97.6467 9.16635 9.26635
W-2_RB2out_S05_Forward 96.8388 96.9989 97.1347 97.2499 97.3475 9.16349 9.26349
W-1_RB2out_S05_Backward 97.6877 97.8389 97.9645 98.0689 98.1555 9.19707 9.29707
W-1_RB2out_S05_Forward 97.2345 97.3958 97.5304 97.6426 97.736 9.17433 9.27433
W+0_RB2out_S05_Backward 95.3436 95.5133 95.6607 95.7888 95.9 9.61435 9.71435
W+0_RB2out_S05_Forward 93.9439 94.1217 94.2797 94.4199 94.5444 9.75801 9.85801
W+1_RB2out_S05_Backward 97.1049 97.2457 97.3618 97.4573 97.536 9.25647 9.35647
W+1_RB2out_S05_Forward 97.2044 97.3673 97.5044 97.6198 97.7169 9.28632 9.38632
W+2_RB2out_S05_Backward 97.5057 97.6607 97.7908 97.9 97.9916 9.16872 9.26872
W+2_RB2out_S05_Middle 97.4425 97.6115 97.7562 97.8801 97.9861 9.16538 9.26538
W+2_RB2out_S05_Forward 95.5934 95.7476 95.8767 95.9846 96.0747 9.06832 9.16832
W-2_RB2out_S06_Backward 97.9554 98.1332 98.2852 98.4152 98.5263 9.34993 9.44993
W-2_RB2out_S06_Middle 97.3641 97.5448 97.7011 97.8363 97.9532 9.29011 9.39011
W-2_RB2out_S06_Forward 97.3563 97.514 97.6471 97.7594 97.8541 9.20228 9.30228
W-1_RB2out_S06_Backward 97.3538 97.5301 97.6809 97.8098 97.9199 9.31748 9.41748
W-1_RB2out_S06_Forward 95.5749 95.7222 95.8452 95.9477 96.0333 9.24035 9.34035
W+0_RB2out_S06_Backward 97.7846 97.9435 98.077 98.1892 98.2834 9.24315 9.34315
W+0_RB2out_S06_Forward 97.665 97.8386 97.9885 98.1179 98.2295 9.44121 9.54121
W+1_RB2out_S06_Backward 97.0009 97.1734 97.3203 97.4452 97.5515 9.34165 9.44165
W+1_RB2out_S06_Forward 96.5346 96.6998 96.8397 96.958 97.058 9.2777 9.3777
W+2_RB2out_S06_Backward 98.0013 98.1821 98.3374 98.4707 98.5852 9.36712 9.46712
W+2_RB2out_S06_Middle 97.2694 97.4553 97.6174 97.7588 97.8819 9.37177 9.47177
W+2_RB2out_S06_Forward 91.05 91.2108 91.3476 91.4641 91.5631 9.30081 9.40081
W-2_RB2out_S07_Backward 97.0877 97.2666 97.4241 97.5627 97.6846 9.38637 9.48637
W-2_RB2out_S07_Middle 97.1629 97.33 97.4721 97.5927 97.6952 9.25635 9.35635
W-2_RB2out_S07_Forward 96.7304 96.9101 97.066 97.2013 97.3187 9.35685 9.45685
W-1_RB2out_S07_Forward 96.6712 96.8167 96.9364 97.0346 97.1153 9.10833 9.20833
W+0_RB2out_S07_Backward 95.2227 95.3803 95.5129 95.6244 95.7181 9.21815 9.31815
W+0_RB2out_S07_Forward 96.0752 96.2539 96.4095 96.5449 96.6628 9.35532 9.45532
W+1_RB2out_S07_Backward 97.9642 98.1378 98.2872 98.4157 98.5262 9.33395 9.43395
W+1_RB2out_S07_Forward 97.344 97.4817 97.5945 97.6868 97.7623 9.187 9.287
W+2_RB2out_S07_Backward 97.7005 97.8608 97.9951 98.1074 98.2014 9.24648 9.34648
W+2_RB2out_S07_Middle 97.4208 97.5879 97.7305 97.852 97.9556 9.20241 9.30241
W+2_RB2out_S07_Forward 96.943 97.0993 97.2312 97.3424 97.4361 9.20067 9.30067
W-2_RB2out_S08_Backward 98.6224 98.7799 98.9122 99.0232 99.1164 9.3 9.4
W-2_RB2out_S08_Middle 97.0407 97.2236 97.3849 97.527 97.6521 9.37627 9.47627
W-2_RB2out_S08_Forward 96.4764 96.6438 96.785 96.904 97.0043 9.18508 9.28508
W-1_RB2out_S08_Backward 93.6893 93.8523 93.9899 94.1058 94.2036 9.24181 9.34181
W-1_RB2out_S08_Forward 97.5333 97.6974 97.8356 97.9519 98.0498 9.22241 9.32241
W+0_RB2out_S08_Backward 97.4201 97.5889 97.7318 97.8527 97.9551 9.24395 9.34395
W+0_RB2out_S08_Forward 96.693 96.8391 96.9604 97.0609 97.1443 9.15695 9.25695
W+1_RB2out_S08_Backward 97.6358 97.7871 97.9134 98.0188 98.1067 9.23406 9.33406
W+1_RB2out_S08_Forward 94.4253 94.5731 94.6959 94.7981 94.8829 9.2159 9.3159
W+2_RB2out_S08_Middle 96.747 96.9174 97.064 97.1901 97.2984 9.20751 9.30751
W+2_RB2out_S08_Forward 96.0943 96.2622 96.405 96.5264 96.6296 9.20028 9.30028
W-2_RB2out_S09_Backward 98.2889 98.4509 98.586 98.6986 98.7923 9.23763 9.33763
W-2_RB2out_S09_Middle 97.5459 97.7249 97.8792 98.0121 98.1266 9.3766 9.4766
W-2_RB2out_S09_Forward 96.2931 96.4739 96.6304 96.7659 96.8831 9.44195 9.54195
W-1_RB2out_S09_Backward 97.8042 97.9467 98.0642 98.161 98.2408 9.26694 9.36694
W-1_RB2out_S09_Forward 95.1425 95.297 95.4269 95.5361 95.6277 9.29475 9.39475
W+0_RB2out_S09_Backward 97.1156 97.2651 97.3894 97.4925 97.5782 9.26149 9.36149
W+0_RB2out_S09_Forward 96.9583 97.1288 97.2733 97.3957 97.4994 9.29463 9.39463
W+1_RB2out_S09_Backward 94.4671 94.6349 94.7788 94.9021 95.0078 9.38698 9.48698
W+1_RB2out_S09_Forward 97.2272 97.4029 97.5543 97.6846 97.7968 9.33132 9.43132
W+2_RB2out_S09_Backward 98.0881 98.2572 98.3997 98.5199 98.6211 9.27883 9.37883
W+2_RB2out_S09_Middle 97.43 97.5937 97.7321 97.8491 97.9479 9.23835 9.33835
W+2_RB2out_S09_Forward 97.1386 97.3005 97.4367 97.5513 97.6477 9.22108 9.32108
W-2_RB2out_S10_Backward 98.1969 98.3683 98.5152 98.641 98.7487 9.44571 9.54571
W-2_RB2out_S10_Middle 95.9761 96.1501 96.3023 96.4354 96.5518 9.46096 9.56096
W-2_RB2out_S10_Forward 96.8251 96.9964 97.1438 97.2705 97.3795 9.40562 9.50562
W-1_RB2out_S10_Forward 97.334 97.5033 97.6488 97.7739 97.8813 9.39231 9.49231
W+0_RB2out_S10_Backward 97.4176 97.5825 97.7235 97.8441 97.9472 9.34091 9.44091
W+0_RB2out_S10_Forward 91.8 91.9629 92.1036 92.225 92.3297 9.36056 9.46056
W+1_RB2out_S10_Backward 97.4621 97.6204 97.753 97.8639 97.9566 9.24529 9.34529
W+1_RB2out_S10_Forward 95.4912 95.6439 95.7704 95.8751 95.9618 9.22804 9.32804
W+2_RB2out_S10_Backward 98.4908 98.6477 98.7795 98.8901 98.9829 9.31177 9.41177
W+2_RB2out_S10_Middle 97.0644 97.2166 97.3442 97.4513 97.541 9.305 9.405
W+2_RB2out_S10_Forward 91.0246 91.1758 91.3032 91.4102 91.5003 9.25468 9.35468
W-2_RB2out_S11_Backward 98.0824 98.2229 98.3367 98.429 98.5037 9.15855 9.25855
W-2_RB2out_S11_Middle 97.0756 97.2424 97.3858 97.5089 97.6146 9.23465 9.33465
W-2_RB2out_S11_Forward 96.4604 96.6106 96.736 96.8407 96.928 9.18366 9.28366
W-1_RB2out_S11_Backward 97.5012 97.6634 97.8005 97.9164 98.0141 9.2573 9.3573
W-1_RB2out_S11_Forward 96.842 97.0087 97.1492 97.2676 97.3673 9.26255 9.36255
W+0_RB2out_S11_Backward 96.953 97.1236 97.2704 97.3965 97.505 9.47115 9.57115
W+0_RB2out_S11_Forward 95.3806 95.5571 95.7102 95.8431 95.9583 9.44672 9.54672
W+1_RB2out_S11_Backward 97.3378 97.4858 97.6081 97.7091 97.7925 9.21865 9.31865
W+1_RB2out_S11_Forward 97.4055 97.5894 97.7538 97.9007 98.032 9.58908 9.68908
W+2_RB2out_S11_Backward 98.4373 98.5764 98.6891 98.7803 98.8542 9.14561 9.24561
W+2_RB2out_S11_Middle 96.6424 96.7929 96.9175 97.0205 97.1056 9.17148 9.27148
W+2_RB2out_S11_Forward 96.8331 96.9945 97.1314 97.2475 97.346 9.20383 9.30383
W-2_RB2out_S12_Backward 97.9219 98.0914 98.2355 98.3579 98.4619 9.28736 9.38736
W-2_RB2out_S12_Middle 97.1918 97.3503 97.4836 97.5956 97.6896 9.23016 9.33016
W-2_RB2out_S12_Forward 97.1486 97.3233 97.4752 97.6072 97.7219 9.31968 9.41968
W-1_RB2out_S12_Backward 105.351 105.557 105.745 105.916 106.073 9.9344 10.0344
W-1_RB2out_S12_Forward 97.721 97.9055 98.0694 98.2148 98.3439 9.62706 9.72706
W+0_RB2out_S12_Backward 97.7402 97.9271 98.09 98.232 98.3557 9.40598 9.50598
W+0_RB2out_S12_Forward 96.8858 97.0521 97.1945 97.3164 97.4207 9.38015 9.48015
W+1_RB2out_S12_Backward 97.077 97.2272 97.3514 97.4541 97.5389 9.23555 9.33555
W+1_RB2out_S12_Forward 95.606 95.7674 95.9034 96.0178 96.1142 9.2682 9.3682
W+2_RB2out_S12_Backward 97.8338 97.999 98.1375 98.2535 98.3508 9.26679 9.36679
W+2_RB2out_S12_Middle 97.5116 97.6755 97.8141 97.9312 98.0301 9.27765 9.37765
W+2_RB2out_S12_Forward 97.3739 97.5596 97.7249 97.8721 98.003 9.60112 9.70112
W-2_RB3-_S01_Backward 98.2296 98.3616 98.4669 98.5509 98.6179 9.08718 9.18718
W-2_RB3-_S01_Forward 97.51 97.6745 97.8135 97.9311 98.0304 9.19821 9.29821
W-1_RB3-_S01_Backward 98.7449 98.8833 98.9947 99.0843 99.1563 9.18626 9.28626
W-1_RB3-_S01_Forward 97.9345 98.0928 98.224 98.3327 98.4227 9.2346 9.3346
W+0_RB3-_S01_Backward 98.1896 98.3556 98.4959 98.6145 98.7147 9.24725 9.34725
W+0_RB3-_S01_Forward 98.5693 98.6902 98.7861 98.8623 98.9226 9.12644 9.22644
W+1_RB3-_S01_Backward 98.0845 98.2511 98.3908 98.508 98.6062 9.31107 9.41107
W+1_RB3-_S01_Forward 98.0113 98.1688 98.3006 98.4107 98.5027 9.28274 9.38274
W+2_RB3-_S01_Backward 98.4846 98.6362 98.7602 98.8617 98.9447 9.14356 9.24356
W+2_RB3-_S01_Forward 98.2639 98.401 98.5126 98.6033 98.6771 9.1158 9.2158
W-2_RB3-_S02_Backward 98.4475 98.6024 98.7319 98.8399 98.9302 9.2722 9.3722
W-2_RB3-_S02_Forward 98.771 98.9274 99.0576 99.1658 99.2558 9.364 9.464
W-1_RB3-_S02_Backward 98.2068 98.3579 98.4828 98.586 98.6712 9.26321 9.36321
W-1_RB3-_S02_Forward 97.9148 98.0881 98.235 98.3595 98.465 9.2889 9.3889
W+0_RB3-_S02_Backward 98.2488 98.405 98.5349 98.643 98.7328 9.17524 9.27524
W+0_RB3-_S02_Forward 98.839 99.0346 99.2115 99.3715 99.5162 9.67402 9.77402
W+1_RB3-_S02_Backward 97.9924 98.1614 98.3039 98.4239 98.5251 9.33593 9.43593
W+1_RB3-_S02_Forward 98.0197 98.1956 98.3454 98.4729 98.5814 9.35609 9.45609
W+2_RB3-_S02_Backward 98.3102 98.4875 98.639 98.7685 98.8792 9.33056 9.43056
W+2_RB3-_S02_Forward 98 98.1774 98.3317 98.4659 98.5825 9.41702 9.51702
W-2_RB3-_S03_Backward 98.0437 98.197 98.3251 98.432 98.5213 9.19406 9.29406
W-2_RB3-_S03_Forward 98.1376 98.2927 98.4211 98.5274 98.6153 9.127 9.227
W-1_RB3-_S03_Backward 98.537 98.6903 98.8166 98.9204 99.0058 9.17244 9.27244
W-1_RB3-_S03_Forward 98.3264 98.5008 98.6486 98.7739 98.8801 9.17976 9.27976
W+0_RB3-_S03_Backward 98.2236 98.3687 98.4872 98.5838 98.6627 9.20155 9.30155
W+0_RB3-_S03_Forward 65.9005 66.0248 66.135 66.2325 66.3188 9.63784 9.73784
W+1_RB3-_S03_Backward 98.0163 98.1747 98.3079 98.4198 98.5137 9.26898 9.36898
W+1_RB3-_S03_Forward 97.6913 97.8472 97.9775 98.0864 98.1774 9.31362 9.41362
W+2_RB3-_S03_Backward 97.867 98.0082 98.1228 98.2156 98.2908 9.20504 9.30504
W+2_RB3-_S03_Forward 98.1223 98.2889 98.4314 98.5534 98.6576 9.32086 9.42086
W-2_RB3-_S04_Backward 98.1467 98.2941 98.4165 98.5179 98.602 9.19229 9.29229
W-2_RB3-_S04_Forward 97.3631 97.5281 97.6682 97.7871 97.888 9.2269 9.3269
W-1_RB3-_S04_Backward 97.7047 97.8759 98.0209 98.1437 98.2476 9.25502 9.35502
W-1_RB3-_S04_Forward 97.2583 97.4253 97.5677 97.6891 97.7926 9.21929 9.31929
W+0_RB3-_S04_Backward 98.1666 98.3166 98.4412 98.5446 98.6304 9.18226 9.28226
W+0_RB3-_S04_Forward 97.2415 97.4031 97.5402 97.6565 97.7551 9.3074 9.4074
W+1_RB3-_S04_Backward 98.3868 98.5307 98.6482 98.7441 98.8222 9.27352 9.37352
W+1_RB3-_S04_Forward 97.5243 97.6736 97.7981 97.902 97.9886 9.27898 9.37898
W+2_RB3-_S04_Backward 96.3458 96.5197 96.671 96.8025 96.9168 9.49842 9.59842
W+2_RB3-_S04_Forward 98.2049 98.3596 98.4889 98.5969 98.687 9.18905 9.28905
W-2_RB3-_S05_Backward 96.7582 96.9318 97.0822 97.2125 97.3253 9.41883 9.51883
W-2_RB3-_S05_Forward 96.6709 96.8358 96.9759 97.0948 97.1958 9.34861 9.44861
W-1_RB3-_S05_Backward 97.5404 97.7127 97.8594 97.9841 98.0902 9.29192 9.39192
W-1_RB3-_S05_Forward 98.2994 98.4579 98.5917 98.7045 98.7997 9.27607 9.37607
W+1_RB3-_S05_Backward 98.576 98.7495 98.8966 99.0213 99.1268 9.33079 9.43079
W+1_RB3-_S05_Forward 97.8302 97.9884 98.1213 98.233 98.3267 9.25385 9.35385
W+2_RB3-_S05_Backward 98.3838 98.5459 98.6822 98.7968 98.8931 9.29606 9.39606
W+2_RB3-_S05_Forward 97.8928 98.0701 98.2239 98.3572 98.4726 9.21847 9.31847
W-2_RB3-_S06_Backward 97.5702 97.7191 97.8428 97.9454 98.0306 9.21445 9.31445
W-2_RB3-_S06_Forward 98.0934 98.2336 98.348 98.4411 98.517 9.12765 9.22765
W-1_RB3-_S06_Backward 96.8208 96.9875 97.1281 97.2466 97.3464 9.34993 9.44993
W-1_RB3-_S06_Forward 98.5857 98.7108 98.8097 98.8878 98.9495 9.11209 9.21209
W+0_RB3-_S06_Backward 97.7672 97.9301 98.0672 98.1825 98.2795 9.26303 9.36303
W+0_RB3-_S06_Forward 97.7363 97.8822 98.0027 98.1021 98.184 9.23173 9.33173
W+1_RB3-_S06_Backward 98.8219 98.9953 99.1444 99.2726 99.3828 9.36555 9.46555
W+1_RB3-_S06_Forward 98.0694 98.2487 98.4033 98.5365 98.6511 9.41273 9.51273
W-2_RB3-_S07_Backward 97.8324 97.9871 98.117 98.226 98.3174 9.28891 9.38891
W-2_RB3-_S07_Forward 97.5185 97.6964 97.8491 97.9802 98.0927 9.30853 9.40853
W-1_RB3-_S07_Backward 98.5217 98.6788 98.8107 98.9214 99.0143 9.23191 9.33191
W-1_RB3-_S07_Forward 98.1559 98.3246 98.4685 98.5912 98.6958 9.2364 9.3364
W+0_RB3-_S07_Backward 98.2463 98.4139 98.555 98.6739 98.774 9.34158 9.44158
W+0_RB3-_S07_Forward 97.1297 97.2975 97.4397 97.56 97.6618 9.40361 9.50361
W+1_RB3-_S07_Backward 98.1531 98.3342 98.4899 98.6235 98.7383 9.28033 9.38033
W+1_RB3-_S07_Forward 97.6402 97.7975 97.9286 98.0377 98.1284 9.16714 9.26714
W+2_RB3-_S07_Backward 98.3273 98.4897 98.6269 98.7427 98.8405 9.28834 9.38834
W+2_RB3-_S07_Forward 98.4119 98.5828 98.7296 98.8558 98.9642 9.36939 9.46939
W-2_RB3-_S08_Backward 97.8718 98.0424 98.189 98.3151 98.4234 9.33249 9.43249
W-2_RB3-_S08_Forward 97.7623 97.9297 98.0708 98.1897 98.2898 9.21132 9.31132
W-1_RB3-_S08_Backward 98.726 98.8974 99.043 99.1668 99.272 9.36709 9.46709
W-1_RB3-_S08_Forward 97.2728 97.4418 97.5871 97.712 97.8192 9.3419 9.4419
W+0_RB3-_S08_Backward 98.1404 98.3107 98.455 98.5771 98.6804 9.19023 9.29023
W+0_RB3-_S08_Forward 97.7352 97.8958 98.0315 98.1461 98.2427 9.21034 9.31034
W+1_RB3-_S08_Backward 98.2601 98.4259 98.5649 98.6814 98.779 9.19362 9.29362
W+1_RB3-_S08_Forward 94.7167 94.8997 95.0627 95.208 95.3373 9.54871 9.64871
W+2_RB3-_S08_Backward 98.577 98.7404 98.8785 98.995 99.0935 9.28251 9.38251
W+2_RB3-_S08_Forward 97.825 98.0123 98.1762 98.3194 98.4447 9.43213 9.53213
W-2_RB3-_S09_Backward 98.3514 98.5184 98.6607 98.7821 98.8855 9.25968 9.35968
W-2_RB3-_S09_Forward 98.1013 98.24 98.3529 98.4449 98.5197 9.13804 9.23804
W+0_RB3-_S09_Backward 98.5317 98.6999 98.8438 98.9669 99.0722 9.31202 9.41202
W+0_RB3-_S09_Forward 98.1193 98.2866 98.4282 98.548 98.6492 9.27017 9.37017
W+1_RB3-_S09_Backward 98.2984 98.4719 98.6206 98.748 98.8572 9.32107 9.42107
W+1_RB3-_S09_Forward 69.2342 69.3666 69.483 69.5854 69.6754 9.4699 9.5699
W+2_RB3-_S09_Backward 98.4005 98.5666 98.706 98.8227 98.9206 9.1778 9.2778
W+2_RB3-_S09_Forward 97.5451 97.7166 97.862 97.9851 98.0894 9.21736 9.31736
W-2_RB3-_S10_Backward 96.9077 97.0248 97.1165 97.1881 97.2442 9.41588 9.51588
W-2_RB3-_S10_Forward 93.8682 93.8718 93.8736 93.8745 93.875 9.25133 9.35133
W-1_RB3-_S10_Backward 97.0155 97.1591 97.2763 97.3719 97.45 9.23608 9.33608
W+0_RB3-_S10_Backward 93.9614 94.1223 94.2584 94.3736 94.471 9.25 9.35
W+1_RB3-_S10_Backward 96.3557 96.5221 96.664 96.7851 96.8883 9.30413 9.40413
W+1_RB3-_S10_Forward 98.2168 98.3734 98.503 98.6104 98.6992 9.2517 9.3517
W+2_RB3-_S10_Backward 96.8399 97.0126 97.1607 97.2877 97.3965 9.26949 9.36949
W+2_RB3-_S10_Forward 97.809 97.9673 98.0985 98.2072 98.2973 9.17181 9.27181
W-2_RB3-_S11_Backward 98.3101 98.4717 98.6064 98.7186 98.8121 9.2242 9.3242
W-2_RB3-_S11_Forward 97.756 97.9353 98.0898 98.2229 98.3375 9.31516 9.41516
W-1_RB3-_S11_Backward 98.436 98.591 98.7205 98.8286 98.9188 9.19297 9.29297
W-1_RB3-_S11_Forward 98.0617 98.2356 98.3842 98.5111 98.6194 9.2718 9.3718
W+0_RB3-_S11_Backward 98.3324 98.4835 98.6097 98.7149 98.8026 9.34883 9.44883
W+0_RB3-_S11_Forward 69.7621 69.8978 70.0185 70.1258 70.2211 9.62482 9.72482
W+1_RB3-_S11_Backward 96.5193 96.6999 96.8567 96.9928 97.111 9.46695 9.56695
W+1_RB3-_S11_Forward 96.081 96.2452 96.3858 96.5061 96.609 9.36939 9.46939
W+2_RB3-_S11_Backward 98.725 98.8614 98.9722 99.0624 99.1357 9.10125 9.20125
W+2_RB3-_S11_Forward 98.0211 98.1312 98.2176 98.2854 98.3385 9.08043 9.18043
W-2_RB3-_S12_Backward 98.5629 98.7127 98.837 98.9402 99.0258 9.24984 9.34984
W-2_RB3-_S12_Forward 97.7862 97.9401 98.0694 98.1777 98.2686 9.1916 9.2916
W-1_RB3-_S12_Backward 98.4016 98.5603 98.6926 98.8026 98.8942 9.27755 9.37755
W-1_RB3-_S12_Forward 98.5987 98.7499 98.8761 98.9812 99.0689 9.22079 9.32079
W+0_RB3-_S12_Backward 97.5787 97.7493 97.8943 98.0177 98.1225 9.31136 9.41136
W+0_RB3-_S12_Forward 98.2312 98.4077 98.5598 98.6907 98.8033 9.31388 9.41388
W+1_RB3-_S12_Backward 97.9469 98.1281 98.2844 98.419 98.5351 9.36183 9.46183
W+1_RB3-_S12_Forward 98.0832 98.2614 98.4154 98.5485 98.6635 9.28419 9.38419
W-2_RB3+_S01_Backward 98.3613 98.5098 98.633 98.7352 98.8199 9.1785 9.2785
W-2_RB3+_S01_Forward 96.9043 97.052 97.1734 97.2733 97.3552 9.12535 9.22535
W-1_RB3+_S01_Backward 98.6832 98.8261 98.942 99.0359 99.112 9.14377 9.24377
W-1_RB3+_S01_Forward 96.9546 97.1219 97.2651 97.3877 97.4927 9.25835 9.35835
W+0_RB3+_S01_Backward 98.001 98.1683 98.3098 98.4295 98.5307 9.19934 9.29934
W+0_RB3+_S01_Forward 98.2195 98.3422 98.4403 98.5187 98.5814 9.01096 9.11096
W+1_RB3+_S01_Backward 98.5593 98.6849 98.7855 98.866 98.9303 9.24642 9.34642
W+1_RB3+_S01_Forward 97.9241 98.0569 98.1647 98.2524 98.3235 9.2329 9.3329
W+2_RB3+_S01_Backward 95.6868 95.8556 96.0008 96.1257 96.2331 9.28631 9.38631
W+2_RB3+_S01_Forward 97.316 97.4691 97.5959 97.7007 97.7874 9.13737 9.23737
W-2_RB3+_S02_Backward 96.4749 96.6505 96.8012 96.9305 97.0415 9.28924 9.38924
W-2_RB3+_S02_Forward 98.2201 98.3774 98.5095 98.6204 98.7135 9.2805 9.3805
W-1_RB3+_S02_Backward 98.4633 98.6096 98.7303 98.8298 98.9119 9.20201 9.30201
W-1_RB3+_S02_Forward 98.1925 98.357 98.4972 98.6166 98.7182 9.27584 9.37584
W+0_RB3+_S02_Backward 97.976 98.169 98.3435 98.5013 98.644 9.48478 9.58478
W+0_RB3+_S02_Forward 97.8583 98.0019 98.1204 98.2181 98.2985 9.1742 9.2742
W+1_RB3+_S02_Backward 98.183 98.3582 98.509 98.6388 98.7504 9.43811 9.53811
W+1_RB3+_S02_Forward 117.05 117.28 117.491 117.685 117.864 10.1022 10.2022
W+2_RB3+_S02_Backward 98.5916 98.7528 98.889 99.0039 99.1008 9.33111 9.43111
W+2_RB3+_S02_Forward 98.2525 98.4073 98.5347 98.6396 98.726 9.21855 9.31855
W-2_RB3+_S03_Backward 98.5607 98.7123 98.837 98.9395 99.0237 9.16473 9.26473
W-2_RB3+_S03_Forward 97.7085 97.8709 98.0076 98.1226 98.2192 9.17797 9.27797
W-1_RB3+_S03_Backward 98.3042 98.4562 98.5819 98.6858 98.7717 9.17207 9.27207
W-1_RB3+_S03_Forward 98.1314 98.3015 98.4456 98.5675 98.6707 9.16425 9.26425
W+0_RB3+_S03_Backward 98.2841 98.4133 98.5176 98.6017 98.6694 9.09156 9.19156
W+0_RB3+_S03_Forward 98.4707 98.616 98.7346 98.8314 98.9103 9.09228 9.19228
W+1_RB3+_S03_Backward 98.2006 98.3543 98.4815 98.5867 98.6737 9.22115 9.32115
W+1_RB3+_S03_Forward 97.1601 97.3353 97.4863 97.6162 97.7281 9.33557 9.43557
W+2_RB3+_S03_Backward 89.6685 89.7713 89.8516 89.9142 89.9629 9.39993 9.49993
W+2_RB3+_S03_Forward 96.4554 96.524 96.5733 96.6087 96.634 9.34503 9.44503
W-2_RB3+_S04_Backward 96.346 96.528 96.6861 96.8234 96.9426 9.44269 9.54269
W-2_RB3+_S04_Forward 96.5456 96.6865 96.8026 96.8984 96.9772 9.33298 9.43298
W-1_RB3+_S04_Backward 97.7714 97.9539 98.1129 98.2513 98.3717 9.31964 9.41964
W-1_RB3+_S04_Forward 97.7058 97.8813 98.0318 98.1609 98.2716 9.313 9.413
W+0_RB3+_S04_Backward 93.7938 93.9754 94.1343 94.2733 94.3949 9.58973 9.68973
W+0_RB3+_S04_Forward 93.4199 93.6051 93.7736 93.9268 94.0661 9.76442 9.86442
W+1_RB3+_S04_Backward 98.639 98.7898 98.9131 99.0139 99.0963 9.28967 9.38967
W+1_RB3+_S04_Forward 97.8193 97.9891 98.1351 98.2605 98.3683 9.32864 9.42864
W+2_RB3+_S04_Backward 97.7502 97.9101 98.0446 98.1577 98.2526 9.23213 9.33213
W+2_RB3+_S04_Forward 98.2523 98.4158 98.5523 98.666 98.7608 9.19142 9.29142
W-2_RB3+_S05_Backward 97.756 97.9214 98.0612 98.1795 98.2794 9.21392 9.31392
W-2_RB3+_S05_Forward 97.959 98.1215 98.2588 98.3747 98.4726 9.19927 9.29927
W-1_RB3+_S05_Backward 1.97655e-17 1.67531e-19 1.41999e-21 1.20358e-23 1.02015e-25 9.68195 9.78195
W-1_RB3+_S05_Forward 95.7946 95.9699 96.1238 96.2588 96.3772 9.35177 9.45177
W+1_RB3+_S05_Backward 98.3448 98.5197 98.6713 98.8026 98.9162 9.34798 9.44798
W+1_RB3+_S05_Forward 98.3183 98.4801 98.6168 98.7321 98.8295 9.21352 9.31352
W+2_RB3+_S05_Backward 98.619 98.7876 98.9319 99.0554 99.161 9.31512 9.41512
W+2_RB3+_S05_Forward 97.3743 97.5419 97.686 97.8097 97.9159 9.26783 9.36783
W-2_RB3+_S06_Backward 98.4706 98.6303 98.7645 98.8773 98.972 9.25715 9.35715
W-2_RB3+_S06_Forward 98.5256 98.6782 98.805 98.9103 98.9977 9.16759 9.26759
W-1_RB3+_S06_Backward 98.3882 98.5482 98.6809 98.7909 98.8821 9.16154 9.26154
W-1_RB3+_S06_Forward 98.1539 98.3065 98.4327 98.5371 98.6233 9.21498 9.31498
W+0_RB3+_S06_Backward 98.2101 98.351 98.4645 98.5559 98.6295 9.17078 9.27078
W+0_RB3+_S06_Forward 98.9099 99.0571 99.1785 99.2787 99.3613 9.23346 9.33346
W+1_RB3+_S06_Backward 98.2512 98.4098 98.5436 98.6565 98.7516 9.33942 9.43942
W+1_RB3+_S06_Forward 98.3201 98.4999 98.6553 98.7897 98.9057 9.39124 9.49124
W+2_RB3+_S06_Backward 98.1793 98.3447 98.484 98.6012 98.6998 9.2597 9.3597
W+2_RB3+_S06_Forward 97.419 97.5683 97.691 97.7919 97.8748 9.20005 9.30005
W-2_RB3+_S07_Backward 97.1554 97.3442 97.5132 97.6644 97.7997 9.63944 9.73944
W-2_RB3+_S07_Forward 97.6136 97.7979 97.96 98.1024 98.2275 9.54303 9.64303
W-1_RB3+_S07_Backward 98.4523 98.6179 98.7567 98.873 98.9705 9.23871 9.33871
W-1_RB3+_S07_Forward 98.7708 98.9287 99.0607 99.1711 99.2633 9.25103 9.35103
W+0_RB3+_S07_Backward 98.1612 98.2998 98.412 98.5028 98.5763 9.2859 9.3859
W+0_RB3+_S07_Forward 98.683 98.8262 98.9429 99.0381 99.1157 9.26409 9.36409
W+1_RB3+_S07_Backward 97.6369 97.8185 97.978 98.1181 98.2411 9.40102 9.50102
W+1_RB3+_S07_Forward 98.066 98.2447 98.3992 98.5327 98.648 9.32524 9.42524
W+2_RB3+_S07_Backward 98.5921 98.7371 98.8566 98.9552 99.0364 9.33299 9.43299
W+2_RB3+_S07_Forward 98.8822 99.0338 99.1592 99.2628 99.3484 9.27735 9.37735
W-2_RB3+_S08_Backward 97.9762 98.1427 98.2829 98.401 98.5004 9.24523 9.34523
W-2_RB3+_S08_Forward 98.0712 98.22 98.3417 98.4411 98.5224 9.14957 9.24957
W-1_RB3+_S08_Backward 95.7311 95.9171 96.0808 96.2249 96.3516 9.5915 9.6915
W-1_RB3+_S08_Forward 97.6102 97.7865 97.9373 98.0662 98.1763 9.32666 9.42666
W+0_RB3+_S08_Backward 95.4455 95.6002 95.7308 95.8409 95.9338 9.35157 9.45157
W+0_RB3+_S08_Forward 95.6813 95.8433 95.981 96.0978 96.1969 9.35836 9.45836
W+1_RB3+_S08_Backward 98.0867 98.2587 98.4049 98.5293 98.635 9.27692 9.37692
W+1_RB3+_S08_Forward 98.1913 98.3571 98.4968 98.6143 98.7133 9.27199 9.37199
W+2_RB3+_S08_Backward 97.9319 98.1124 98.2675 98.4006 98.5149 9.29716 9.39716
W+2_RB3+_S08_Forward 97.6029 97.7692 97.9105 98.0304 98.1322 9.19727 9.29727
W-2_RB3+_S09_Backward 96.2483 96.4266 96.5813 96.7156 96.8321 9.59758 9.69758
W-2_RB3+_S09_Forward 92.8885 93.0549 93.1991 93.3241 93.4323 9.48232 9.58232
W-1_RB3+_S09_Backward 98.3289 98.4902 98.6269 98.7428 98.8409 9.2967 9.3967
W-1_RB3+_S09_Forward 98.2889 98.4686 98.6223 98.7538 98.8662 9.29951 9.39951
W+0_RB3+_S09_Backward 98.3907 98.5549 98.6937 98.8109 98.9099 9.29345 9.39345
W+0_RB3+_S09_Forward 98.3437 98.5118 98.6528 98.771 98.8702 9.24215 9.34215
W+1_RB3+_S09_Backward 86.3214 86.4791 86.6154 86.7332 86.835 9.36987 9.46987
W+1_RB3+_S09_Forward 97.7306 97.9023 98.0489 98.174 98.2808 9.30289 9.40289
W+2_RB3+_S09_Backward 98.6762 98.8313 98.9602 99.0675 99.1565 9.21033 9.31033
W+2_RB3+_S09_Forward 98.6335 98.7984 98.9372 99.054 99.1522 9.14414 9.24414
W-2_RB3+_S10_Backward 98.4207 98.5712 98.6967 98.8014 98.8887 9.24986 9.34986
W-2_RB3+_S10_Forward 98.5532 98.7188 98.8582 98.9756 99.0743 9.23496 9.33496
W-1_RB3+_S10_Backward 96.78 96.9072 97.0097 97.0924 97.1591 9.20033 9.30033
W+0_RB3+_S10_Backward 98.1731 98.3511 98.5034 98.6336 98.7449 9.31634 9.41634
W+0_RB3+_S10_Forward 97.3396 97.5132 97.6636 97.7938 97.9066 9.3342 9.4342
W+1_RB3+_S10_Backward 98.1412 98.3095 98.452 98.5725 98.6744 9.31575 9.41575
W+1_RB3+_S10_Forward 97.4504 97.6205 97.7645 97.8865 97.9897 9.28587 9.38587
W+2_RB3+_S10_Backward 97.7053 97.8632 97.9965 98.1089 98.2037 9.21249 9.31249
W+2_RB3+_S10_Forward 98.1839 98.3336 98.456 98.5561 98.6379 9.11642 9.21642
W-2_RB3+_S11_Backward 98.2184 98.3884 98.533 98.6558 98.7601 9.29339 9.39339
W-2_RB3+_S11_Forward 98.2056 98.3784 98.5275 98.6561 98.767 9.31481 9.41481
W-1_RB3+_S11_Backward 94.5713 94.7158 94.8358 94.9353 95.018 9.26843 9.36843
W-1_RB3+_S11_Forward 94.8654 95.0153 95.1399 95.2436 95.3297 9.2518 9.3518
W+0_RB3+_S11_Backward 98.4672 98.6445 98.7966 98.9271 99.039 9.34978 9.44978
W+0_RB3+_S11_Forward 97.5473 97.7192 97.8648 97.9882 98.0927 9.3711 9.4711
W+1_RB3+_S11_Backward 98.1697 98.3299 98.4651 98.5792 98.6754 9.24489 9.34489
W+1_RB3+_S11_Forward 98.1885 98.3687 98.5234 98.6563 98.7703 9.3043 9.4043
W+2_RB3+_S11_Backward 98.3883 98.5675 98.7214 98.8535 98.9668 9.33429 9.43429
W+2_RB3+_S11_Forward 97.8692 98.036 98.1767 98.2951 98.3948 9.2208 9.3208
W-2_RB3+_S12_Backward 98.7003 98.854 98.9812 99.0863 99.1732 9.18131 9.28131
W-2_RB3+_S12_Forward 98.2716 98.412 98.5265 98.6197 98.6956 9.14689 9.24689
W-1_RB3+_S12_Backward 98.4011 98.5471 98.6676 98.767 98.8489 9.27672 9.37672
W-1_RB3+_S12_Forward 98.4095 98.5492 98.6624 98.7541 98.8283 9.19598 9.29598
W+0_RB3+_S12_Backward 98.3014 98.4668 98.6061 98.7234 98.8221 9.26666 9.36666
W+0_RB3+_S12_Forward 98.2303 98.3855 98.514 98.6204 98.7084 9.19183 9.29183
W+1_RB3+_S12_Backward 97.3516 97.5189 97.6605 97.7803 97.8816 9.34713 9.44713
W+1_RB3+_S12_Forward 97.5294 97.7101 97.8689 98.0082 98.1306 9.44162 9.54162
W+2_RB3+_S12_Backward 98.7017 98.8439 98.9598 99.0542 99.1311 9.13511 9.23511
W+2_RB3+_S12_Forward 97.7911 97.96 98.1035 98.2254 98.3289 9.20249 9.30249
W-2_RB4-_S01_Backward 95.0708 95.0708 95.0708 95.0708 95.0708 8.84807 8.94807
W-2_RB4-_S01_Forward 100.003 100.003 100.003 100.003 100.003 9.04 9.14
W-1_RB4-_S01_Backward 98.3605 98.5165 98.6457 98.7526 98.8411 9.25538 9.35538
W-1_RB4-_S01_Forward 98.5934 98.7576 98.8975 99.0166 99.1179 9.41934 9.51934
W+0_RB4-_S01_Backward 98.4569 98.6139 98.7452 98.8549 98.9466 9.25089 9.35089
W+0_RB4-_S01_Forward 97.2813 97.456 97.6083 97.7411 97.8569 9.35607 9.45607
W+1_RB4-_S01_Backward 99.0616 99.2276 99.369 99.4894 99.5919 9.45457 9.55457
W-2_RB4-_S02_Backward 91.7608 91.8752 91.9667 92.0398 92.0982 9.36165 9.46165
W-2_RB4-_S02_Forward 97.9862 97.9862 97.9862 97.9862 97.9862 9.12036 9.22036
W-1_RB4-_S02_Backward 85.6703 85.7699 85.8483 85.9098 85.9582 9.54041 9.64041
W+0_RB4-_S02_Backward 98.2923 98.4746 98.6333 98.7714 98.8916 9.35113 9.45113
W+0_RB4-_S02_Forward 94.571 94.7162 94.8356 94.9339 95.0146 9.24921 9.34921
W+1_RB4-_S02_Backward 97.5463 97.7399 97.9121 98.0653 98.2015 9.73307 9.83307
W+1_RB4-_S02_Forward 96.4364 96.6252 96.7924 96.9403 97.0711 9.61622 9.71622
W-2_RB4-_S03_Backward 98.6936 98.8323 98.9447 99.0356 99.1092 9.21937 9.31937
W-1_RB4-_S03_Backward 98.3088 98.4488 98.5629 98.6558 98.7314 9.15156 9.25156
W-1_RB4-_S03_Forward 97.2437 97.4054 97.5426 97.6589 97.7575 9.2663 9.3663
W+0_RB4-_S03_Backward 94.5036 94.6554 94.7835 94.8915 94.9826 9.27183 9.37183
W+0_RB4-_S03_Forward 91.5529 91.7131 91.8493 91.9651 92.0635 9.30374 9.40374
W+1_RB4-_S03_Backward 98.8341 99.0193 99.1796 99.3183 99.4383 9.35593 9.45593
W+1_RB4-_S03_Forward 98.2265 98.4086 98.5667 98.7039 98.8228 9.39851 9.49851
W-2_RB4--_S04_Backward 93.4663 93.5885 93.6852 93.7617 93.8222 9.05333 9.15333
W-2_RB4--_S04_Forward 98.2108 98.3853 98.5355 98.6648 98.7759 9.21499 9.31499
W-1_RB4--_S04_Backward 95.4557 95.6231 95.7661 95.8881 95.9922 9.17874 9.27874
W-1_RB4--_S04_Forward 97.6832 97.8584 98.0093 98.1392 98.2509 9.2213 9.3213
W+0_RB4--_S04_Backward 98.6493 98.8127 98.9514 99.0689 99.1685 9.23467 9.33467
W+0_RB4--_S04_Forward 97.6167 97.7776 97.9136 98.0283 98.1251 9.2143 9.3143
W+1_RB4--_S04_Backward 94.4344 94.5832 94.7081 94.8128 94.9006 9.34206 9.44206
W+1_RB4--_S04_Forward 96.7101 96.891 97.05 97.1896 97.3121 9.50998 9.60998
W+2_RB4--_S04_Backward 96.368 96.368 96.368 96.368 96.368 9.2202 9.3202
W+2_RB4--_S04_Forward 97.7967 97.9727 98.1226 98.2503 98.3589 9.21017 9.31017
W-2_RB4-_S05_Backward 97.194 97.3594 97.4981 97.6144 97.7119 9.2375 9.3375
W-2_RB4-_S05_Forward 98.1231 98.311 98.4749 98.6178 98.7423 9.36281 9.46281
W-1_RB4-_S05_Backward 98.0483 98.2017 98.3279 98.4319 98.5174 9.22038 9.32038
W-1_RB4-_S05_Forward 98.0809 98.2592 98.4123 98.5437 98.6564 9.27231 9.37231
W+0_RB4-_S05_Backward 94.5307 94.6933 94.831 94.9474 95.046 9.3025 9.4025
W+0_RB4-_S05_Forward 97.5397 97.7019 97.8372 97.9499 98.0439 9.29683 9.39683
W+1_RB4-_S05_Backward 98.3573 98.5082 98.6329 98.736 98.8211 9.26579 9.36579
W+1_RB4-_S05_Forward 96.2765 96.4278 96.5535 96.6581 96.745 9.23704 9.33704
W+2_RB4-_S05_Backward 98.0645 98.2218 98.354 98.4649 98.558 9.26061 9.36061
W+2_RB4-_S05_Forward 98.3534 98.5373 98.6959 98.8327 98.9506 9.27593 9.37593
W-2_RB4-_S06_Backward 98.5105 98.6625 98.7895 98.8954 98.9837 9.30725 9.40725
W-2_RB4-_S06_Forward 97.597 97.7818 97.9459 98.0917 98.221 9.55967 9.65967
W+0_RB4-_S06_Backward 98.63 98.7846 98.9144 99.0232 99.1144 9.2932 9.3932
W+0_RB4-_S06_Forward 97.2022 97.3706 97.5139 97.6356 97.739 9.27927 9.37927
W+1_RB4-_S06_Backward 97.5765 97.75 97.8988 98.0264 98.1357 9.41282 9.51282
W+1_RB4-_S06_Forward 98.8516 99.0393 99.2051 99.3517 99.4811 9.43812 9.53812
W+2_RB4-_S06_Backward 97.3472 97.4906 97.6083 97.7048 97.7839 9.2458 9.3458
W+2_RB4-_S06_Forward 98.5749 98.7694 98.944 99.1006 99.2412 9.43566 9.53566
W-2_RB4-_S07_Backward 97.6448 97.7624 97.8556 97.9295 97.9881 9.2995 9.3995
W-1_RB4-_S07_Backward 97.7461 97.9208 98.0722 98.2034 98.3169 9.2992 9.3992
W-1_RB4-_S07_Forward 98.535 98.6941 98.8272 98.9385 99.0315 9.28036 9.38036
W+0_RB4-_S07_Backward 97.1748 97.3463 97.4949 97.6234 97.7347 9.45887 9.55887
W+0_RB4-_S07_Forward 72.8702 72.9788 73.0689 73.1436 73.2055 9.33799 9.43799
W+1_RB4-_S07_Backward 98.0929 98.2562 98.3943 98.5109 98.6094 9.30407 9.40407
W+1_RB4-_S07_Forward 98.3297 98.5219 98.6924 98.8437 98.9778 9.32949 9.42949
W-2_RB4-_S08_Backward 98.5321 98.7285 98.9041 99.0612 99.2015 9.53406 9.63406
W-2_RB4-_S08_Forward 98.9392 99.1337 99.3064 99.4595 99.5953 9.48099 9.58099
W-1_RB4-_S08_Backward 97.7367 97.8926 98.0235 98.1334 98.2256 9.30533 9.40533
W-1_RB4-_S08_Forward 98.4763 98.6586 98.8157 98.9512 99.0679 9.37951 9.47951
W+0_RB4-_S08_Backward 98.8849 99.075 99.2417 99.3879 99.5161 9.4359 9.5359
W+0_RB4-_S08_Forward 94.8872 95.0719 95.2353 95.3798 95.5077 9.44973 9.54973
W+1_RB4-_S08_Backward 98.5202 98.6875 98.8295 98.9501 99.0524 9.31871 9.41871
W+1_RB4-_S08_Forward 97.0406 97.2276 97.3918 97.5357 97.6619 9.37343 9.47343
W+2_RB4-_S08_Backward 97.168 97.3438 97.4968 97.6297 97.7453 9.26193 9.36193
W+2_RB4-_S08_Forward 100.624 100.812 100.978 101.125 101.255 9.44626 9.54626
W-2_RB4_S09_Backward 97.3707 97.5319 97.6675 97.7816 97.8774 9.29096 9.39096
W-2_RB4_S09_Forward 98.7865 98.9681 99.1257 99.2623 99.3808 9.46187 9.56187
W-1_RB4_S09_Backward 95.6474 95.8238 95.9773 96.1108 96.227 9.51059 9.61059
W-1_RB4_S09_Forward 100.227 100.421 100.595 100.751 100.89 9.63754 9.73754
W+0_RB4_S09_Backward 95.5012 95.6779 95.8318 95.9658 96.0823 9.41071 9.51071
W+0_RB4_S09_Forward 98.259 98.4405 98.5985 98.736 98.8556 9.37305 9.47305
W+1_RB4_S09_Backward 98.1528 98.3366 98.4976 98.6386 98.7621 9.42133 9.52133
W+1_RB4_S09_Forward 98.3088 98.4848 98.6347 98.7623 98.8708 9.31549 9.41549
W+2_RB4_S09_Backward 96.9206 97.0584 97.1693 97.2587 97.3306 9.23784 9.33784
W+2_RB4_S09_Forward 98.5367 98.722 98.8829 99.0226 99.1439 9.39013 9.49013
W-2_RB4-_S10_Backward 98.1358 98.284 98.407 98.5091 98.5937 9.35816 9.45816
W-2_RB4-_S10_Forward 98.2017 98.3824 98.5401 98.6778 98.7979 9.39605 9.49605
W-1_RB4-_S10_Backward 89.0501 89.1986 89.3231 89.4273 89.5146 9.34606 9.44606
W-1_RB4-_S10_Forward 98.7438 98.9352 99.1061 99.2588 99.395 9.50449 9.60449
W+0_RB4-_S10_Backward 98.2784 98.4377 98.5703 98.6808 98.7727 9.29844 9.39844
W+0_RB4-_S10_Forward 97.9754 98.1488 98.2989 98.4289 98.5414 9.39633 9.49633
W+1_RB4-_S10_Backward 97.2632 97.4291 97.5706 97.6913 97.7941 9.40063 9.50063
W+1_RB4-_S10_Forward 96.957 97.1412 97.3031 97.4455 97.5705 9.50246 9.60246
W+2_RB4-_S10_Backward 95.5978 95.7671 95.9113 96.0339 96.1382 9.33257 9.43257
W+2_RB4-_S10_Forward 98.4393 98.6192 98.7757 98.9119 99.0303 9.39246 9.49246
W-2_RB4_S11_Backward 97.8861 98.01 98.1078 98.185 98.246 9.20824 9.30824
W-2_RB4_S11_Forward 97.7455 97.9266 98.0848 98.2229 98.3434 9.44524 9.54524
W-1_RB4_S11_Backward 98.3438 98.5101 98.6524 98.7742 98.8782 9.3703 9.4703
W-1_RB4_S11_Forward 94.344 94.516 94.6652 94.7945 94.9066 9.39038 9.49038
W+0_RB4_S11_Backward 93.2881 93.4504 93.589 93.7072 93.808 9.39474 9.49474
W+0_RB4_S11_Forward 98.6913 98.8789 99.0433 99.1875 99.3138 9.48605 9.58605
W+1_RB4_S11_Backward 98.5219 98.6975 98.847 98.9742 99.0825 9.3331 9.4331
W+1_RB4_S11_Forward 98.2765 98.4433 98.5849 98.7051 98.8071 9.29318 9.39318
W+2_RB4_S11_Backward 98.6187 98.789 98.9332 99.0553 99.1585 9.28005 9.38005
W+2_RB4_S11_Forward 98.1892 98.3644 98.5158 98.6464 98.7592 9.38254 9.48254
W-2_RB4-_S12_Backward 96.7998 96.9172 97.0091 97.081 97.1372 9.30308 9.40308
W-2_RB4-_S12_Forward 98.0401 98.1861 98.3071 98.4074 98.4906 9.291 9.391
W-1_RB4-_S12_Backward 90.2201 90.333 90.4232 90.4954 90.5531 9.09265 9.19265
W-1_RB4-_S12_Forward 93.7394 93.8543 93.9449 94.0164 94.0726 9.1202 9.2202
W+0_RB4-_S12_Backward 96.9235 97.1032 97.2582 97.3918 97.5069 9.50422 9.60422
W+0_RB4-_S12_Forward 93.1499 93.3221 93.4699 93.597 93.706 9.50445 9.60445
W+1_RB4-_S12_Backward 97.318 97.4957 97.6478 97.7779 97.8892 9.33608 9.43608
W+1_RB4-_S12_Forward 97.0673 97.2281 97.3633 97.4771 97.5727 9.2468 9.3468
W+2_RB4-_S12_Backward 97.2805 97.4548 97.6032 97.7295 97.8369 9.30529 9.40529
W+2_RB4-_S12_Forward 98.5104 98.671 98.8055 98.918 99.0121 9.26991 9.36991
W-1_RB4+_S01_Backward 97.9126 98.0661 98.1931 98.2981 98.385 9.22651 9.32651
W-1_RB4+_S01_Forward 97.6151 97.7842 97.9285 98.0516 98.1565 9.25207 9.35207
W+0_RB4+_S01_Backward 98.2464 98.3511 98.4325 98.4956 98.5446 9.13986 9.23986
W+0_RB4+_S01_Forward 97.6502 97.821 97.9657 98.0882 98.1919 9.27957 9.37957
W+1_RB4+_S01_Backward 95.8442 96.0098 96.1506 96.2702 96.3718 9.47473 9.57473
W+1_RB4+_S01_Forward 91.8569 92.0321 92.1844 92.3167 92.4317 9.49892 9.59892
W-2_RB4+_S02_Backward 97.5987 97.7742 97.9236 98.0508 98.159 9.34437 9.44437
W-2_RB4+_S02_Forward 102.557 102.752 102.924 103.076 103.21 9.43112 9.53112
W-1_RB4+_S02_Backward 98.4197 98.5815 98.717 98.8304 98.9253 9.29137 9.39137
W-1_RB4+_S02_Forward 98.302 98.4586 98.589 98.6974 98.7876 9.20182 9.30182
W+0_RB4+_S02_Backward 97.4941 97.6473 97.7759 97.8837 97.9741 9.29209 9.39209
W+0_RB4+_S02_Forward 96.4407 96.6101 96.7536 96.8752 96.9781 9.28696 9.38696
W+1_RB4+_S02_Backward 97.97 98.1504 98.3091 98.4489 98.5718 9.45964 9.55964
W+1_RB4+_S02_Forward 97.9175 98.0814 98.2182 98.3322 98.4273 9.29793 9.39793
W+2_RB4+_S02_Backward 99.2127 99.4079 99.5835 99.7414 99.8833 9.61522 9.71522
W+2_RB4+_S02_Forward 97.7002 97.8903 98.0581 98.2062 98.3367 9.52488 9.62488
W-2_RB4+_S03_Backward 97.2546 97.3909 97.5024 97.5937 97.6683 9.21544 9.31544
W-2_RB4+_S03_Forward 97.9111 98.0869 98.2383 98.3685 98.4806 9.30679 9.40679
W-1_RB4+_S03_Backward 98.2585 98.4101 98.5367 98.6422 98.7303 9.17298 9.27298
W-1_RB4+_S03_Forward 97.891 98.0709 98.2255 98.3582 98.4721 9.23464 9.33464
W+0_RB4+_S03_Backward 98.1574 98.3096 98.4367 98.5428 98.6313 9.26586 9.36586
W+0_RB4+_S03_Forward 98.3615 98.5341 98.6826 98.8103 98.92 9.34368 9.44368
W+1_RB4+_S03_Backward 97.0007 97.1687 97.3122 97.4345 97.5389 9.2768 9.3768
W+1_RB4+_S03_Forward 97.818 97.9751 98.1077 98.2195 98.3138 9.31179 9.41179
W+2_RB4+_S03_Backward 96.891 97.0731 97.2336 97.3749 97.4994 9.36529 9.46529
W+2_RB4+_S03_Forward 97.3759 97.5631 97.729 97.876 98.0063 9.32374 9.42374
W-2_RB4-_S04_Backward 98.1477 98.2981 98.4231 98.5268 98.6128 9.15877 9.25877
W-2_RB4-_S04_Forward 97.4137 97.6019 97.768 97.9144 98.0436 9.38353 9.48353
W-1_RB4-_S04_Backward 98.5573 98.6999 98.8175 98.9143 98.994 9.14501 9.24501
W-1_RB4-_S04_Forward 96.9865 97.1388 97.2649 97.3691 97.4554 9.14088 9.24088
W+0_RB4-_S04_Backward 97.3092 97.4902 97.6468 97.7823 97.8994 9.32293 9.42293
W+0_RB4-_S04_Forward 97.9587 98.1101 98.2364 98.3418 98.4297 9.23105 9.33105
W+2_RB4-_S04_Backward 97.5338 97.7027 97.8463 97.9684 98.0721 9.25014 9.35014
W+2_RB4-_S04_Forward 98.1072 98.2897 98.4509 98.5932 98.7188 9.40621 9.50621
W-1_RB4+_S05_Backward 97.4503 97.611 97.7455 97.8581 97.9524 9.20851 9.30851
W-1_RB4+_S05_Forward 97.5061 97.6757 97.8211 97.9456 98.0521 9.27785 9.37785
W+0_RB4+_S05_Backward 97.9929 98.1753 98.3332 98.4697 98.5878 9.34178 9.44178
W+0_RB4+_S05_Forward 97.7105 97.8694 98.0024 98.1136 98.2066 9.31753 9.41753
W+1_RB4+_S05_Backward 98.357 98.4897 98.5963 98.6819 98.7505 9.27534 9.37534
W+1_RB4+_S05_Forward 98.1153 98.2894 98.4402 98.5707 98.6837 9.32316 9.42316
W+2_RB4+_S05_Backward 97.9326 98.111 98.2646 98.397 98.5109 9.24144 9.34144
W+2_RB4+_S05_Forward 97.7379 97.9168 98.0724 98.2078 98.3255 9.32546 9.42546
W-1_RB4+_S06_Backward 98.2796 98.3999 98.4954 98.5712 98.6313 9.24636 9.34636
W-1_RB4+_S06_Forward 98.1242 98.3023 98.4583 98.5947 98.7139 9.39105 9.49105
W+0_RB4+_S06_Backward 97.7274 97.8819 98.011 98.1188 98.2088 9.26385 9.36385
W+0_RB4+_S06_Forward 97.8999 98.0757 98.2285 98.3612 98.4766 9.39392 9.49392
W+1_RB4+_S06_Backward 98.2116 98.3989 98.5618 98.7033 98.8261 9.45228 9.55228
W+1_RB4+_S06_Forward 100.598 100.788 100.959 101.111 101.247 9.61547 9.71547
W-2_RB4+_S07_Backward 96.0433 96.0991 96.1382 96.1656 96.1848 9.10359 9.20359
W-2_RB4+_S07_Forward 98.3167 98.4176 98.4939 98.5516 98.5952 9.21078 9.31078
W-1_RB4+_S07_Backward 97.1939 97.3646 97.5098 97.6333 97.7383 9.21978 9.31978
W-1_RB4+_S07_Forward 98.1757 98.3282 98.4555 98.5618 98.6504 9.1792 9.2792
W+0_RB4+_S07_Backward 96.4457 96.5913 96.711 96.8094 96.8901 9.13107 9.23107
W+0_RB4+_S07_Forward 97.9648 98.0873 98.1852 98.2635 98.326 9.13624 9.23624
W+1_RB4+_S07_Backward 99.0099 99.1587 99.2815 99.3828 99.4664 9.22411 9.32411
W+1_RB4+_S07_Forward 98.2512 98.4254 98.5731 98.6982 98.8042 9.15704 9.25704
W+2_RB4+_S07_Backward 95.3037 95.4795 95.631 95.7616 95.8741 9.37392 9.47392
W+2_RB4+_S07_Forward 100.001 100.001 100.001 100.001 100.001 9.27207 9.37207
W-2_RB4+_S08_Backward 91.4403 91.5997 91.7353 91.8506 91.9485 9.29152 9.39152
W-2_RB4+_S08_Forward 93.7363 93.9063 94.0533 94.1803 94.2899 9.34873 9.44873
W-1_RB4+_S08_Backward 96.7125 96.8447 96.9503 97.0346 97.1018 9.08289 9.18289
W-1_RB4+_S08_Forward 96.8638 97.0325 97.1748 97.2948 97.396 9.18554 9.28554
W+0_RB4+_S08_Backward 98.1385 98.2941 98.4246 98.5342 98.6261 9.34956 9.44956
W+0_RB4+_S08_Forward 98.2489 98.3842 98.493 98.5804 98.6506 9.27397 9.37397
W+1_RB4+_S08_Backward 97.2992 97.4403 97.5553 97.6491 97.7255 9.29426 9.39426
W+1_RB4+_S08_Forward 98.0611 98.2296 98.3721 98.4927 98.5947 9.35284 9.45284
W+2_RB4+_S08_Backward 87.1414 87.2592 87.3543 87.4311 87.4932 9.15509 9.25509
W+2_RB4+_S08_Forward 79.7092 79.8264 79.9231 80.0027 80.0684 9.13685 9.23685
W-2_RB4+_S10_Backward 94.5579 94.7139 94.8452 94.9556 95.0483 9.37656 9.47656
W-2_RB4+_S10_Forward 98.9235 99.1183 99.292 99.4469 99.5849 9.49094 9.59094
W-1_RB4+_S10_Backward 96.6501 96.8137 96.9537 97.0735 97.1758 9.44623 9.54623
W-1_RB4+_S10_Forward 99.8146 99.9957 100.165 100.323 100.471 9.88559 9.98559
W+0_RB4+_S10_Backward 98.419 98.5903 98.7366 98.8613 98.9677 9.308 9.408
W+0_RB4+_S10_Forward 67.7774 67.9066 68.0199 68.1192 68.2062 9.4244 9.5244
W+1_RB4+_S10_Backward 98.0013 98.1487 98.2698 98.3693 98.4509 9.23444 9.33444
W+1_RB4+_S10_Forward 97.7724 97.9432 98.0901 98.2164 98.3249 9.31521 9.41521
W+2_RB4+_S10_Backward 98.5183 98.6817 98.8197 98.9363 99.0348 9.3652 9.4652
W+2_RB4+_S10_Forward 98.0054 98.1905 98.3523 98.4937 98.6172 9.44232 9.54232
W-2_RB4+_S12_Backward 96.9258 97.0659 97.1814 97.2765 97.3548 9.31486 9.41486
W-2_RB4+_S12_Forward 98.7707 98.9538 99.115 99.2569 99.3818 9.38454 9.48454
W-1_RB4+_S12_Backward 98.0902 98.2515 98.3878 98.5029 98.6 9.27036 9.37036
W-1_RB4+_S12_Forward 97.8828 98.0456 98.182 98.2962 98.3918 9.18921 9.28921
W+0_RB4+_S12_Backward 98.4345 98.6013 98.7418 98.86 98.9596 9.28395 9.38395
W+0_RB4+_S12_Forward 98.18 98.351 98.4981 98.6245 98.733 9.32311 9.42311
W+1_RB4+_S12_Backward 97.3138 97.4804 97.622 97.7422 97.8442 9.41936 9.51936
W+1_RB4+_S12_Forward 98.8104 99.0029 99.1722 99.3213 99.4524 9.46445 9.56445
W+2_RB4+_S12_Backward 97.3152 97.4904 97.6407 97.7697 97.8802 9.29998 9.39998
W+2_RB4+_S12_Forward 99.126 99.2981 99.4456 99.5718 99.6798 9.31119 9.41119
W-2_RB4+_S04_Backward 97.5653 97.7154 97.8389 97.9404 98.0238 9.19288 9.29288
W-2_RB4+_S04_Forward 97.9999 98.1833 98.3416 98.4781 98.5957 9.27025 9.37025
W-1_RB4+_S04_Backward 97.9146 98.0597 98.1783 98.2751 98.354 9.13032 9.23032
W-1_RB4+_S04_Forward 98.2677 98.4061 98.5194 98.6121 98.6879 9.18218 9.28218
W+0_RB4+_S04_Backward 97.4258 97.5763 97.7013 97.8052 97.8914 9.21587 9.31587
W+0_RB4+_S04_Forward 98.314 98.4988 98.6604 98.8015 98.9247 9.38888 9.48888
W+1_RB4+_S04_Backward 97.8472 98.0137 98.1545 98.2736 98.3743 9.24582 9.34582
W+1_RB4+_S04_Forward 96.7957 96.9765 97.1336 97.2699 97.3882 9.52844 9.62844
W+2_RB4+_S04_Backward 98.608 98.7796 98.9255 99.0496 99.155 9.20123 9.30123
W+2_RB4+_S04_Forward 97.504 97.6805 97.834 97.9674 98.0834 9.37987 9.47987
W-2_RB4++_S04_Backward 97.7259 97.9083 98.0686 98.2093 98.3329 9.30428 9.40428
W-2_RB4++_S04_Forward 89.7674 89.919 90.0462 90.1528 90.2421 9.21044 9.31044
W-1_RB4++_S04_Backward 98.8037 98.9291 99.0294 99.1097 99.1738 9.11794 9.21794
W-1_RB4++_S04_Forward 98.0713 98.2388 98.3811 98.502 98.6046 9.25172 9.35172
W+0_RB4++_S04_Backward 98.7281 98.8668 98.9797 99.0715 99.1463 9.19673 9.29673
W+0_RB4++_S04_Forward 98.3535 98.5401 98.7032 98.8458 98.9703 9.31048 9.41048
W+2_RB4++_S04_Backward 94.2027 94.3331 94.4391 94.5254 94.5955 9.20474 9.30474
W+2_RB4++_S04_Forward 97.6369 97.8131 97.9665 98.0997 98.2156 9.30461 9.40461
