W-2_RB1in_S01_Backward 97.4517 97.469 97.4831 97.4945 97.5038 9.08633 9.18633
W-2_RB1in_S01_Forward 99.4914 99.5185 99.5412 99.5602 99.5762 9.09927 9.19927
W-1_RB1in_S01_Backward 99.0644 99.0884 99.1082 99.1247 99.1383 9.24572 9.34572
W-1_RB1in_S01_Forward 99.0346 99.0737 99.1073 99.136 99.1607 9.26769 9.36769
W+0_RB1in_S01_Backward 98.4185 98.445 98.4672 98.4858 98.5014 9.1978 9.2978
W+0_RB1in_S01_Forward 97.8644 97.8932 97.9173 97.9375 97.9546 9.18499 9.28499
W+1_RB1in_S01_Backward 95.5859 95.632 95.6723 95.7074 95.738 9.55642 9.65642
W+2_RB1in_S01_Backward 96.7564 96.7798 96.7991 96.8151 96.8283 9.09919 9.19919
W+2_RB1in_S01_Forward 99.6126 99.6325 99.6489 99.6622 99.6732 9.08458 9.18458
W-2_RB1in_S02_Backward 97.3852 97.404 97.4194 97.4319 97.4421 9.19791 9.29791
W-2_RB1in_S02_Forward 99.4397 99.4596 99.4758 99.4891 99.4999 9.15851 9.25851
W-1_RB1in_S02_Backward 95.3475 95.369 95.3867 95.4014 95.4136 9.10421 9.20421
W-1_RB1in_S02_Forward 98.6261 98.6518 98.6732 98.691 98.7058 9.11914 9.21914
W+0_RB1in_S02_Backward 97.6284 97.6683 97.7026 97.7322 97.7577 9.50575 9.60575
W+0_RB1in_S02_Forward 96.2267 96.2614 96.2911 96.3164 96.3381 9.25401 9.35401
W+1_RB1in_S02_Backward 97.9261 97.9649 97.9983 98.027 98.0517 9.34717 9.44717
W+1_RB1in_S02_Forward 97.2869 97.3322 97.3716 97.406 97.4359 9.32068 9.42068
W+2_RB1in_S02_Backward 97.4975 97.5159 97.5309 97.5432 97.5531 9.07662 9.17662
W+2_RB1in_S02_Forward 98.5412 98.5631 98.5811 98.5959 98.6081 9.06875 9.16875
W-2_RB1in_S03_Backward 97.3174 97.3383 97.3554 97.3696 97.3812 9.21265 9.31265
W-2_RB1in_S03_Forward 99.0807 99.1155 99.145 99.1701 99.1915 9.2268 9.3268
W-1_RB1in_S03_Backward 96.7912 96.8373 96.8776 96.9128 96.9435 9.34979 9.44979
W-1_RB1in_S03_Forward 98.6948 98.7185 98.7381 98.7544 98.7678 9.14661 9.24661
W+0_RB1in_S03_Backward 98.0224 98.0532 98.0793 98.1013 98.1199 9.21447 9.31447
W+0_RB1in_S03_Forward 97.0197 97.0523 97.0799 97.1034 97.1233 9.22464 9.32464
W+1_RB1in_S03_Backward 94.9174 94.9506 94.9789 95.003 95.0235 9.3484 9.4484
W+1_RB1in_S03_Forward 97.6767 97.7159 97.7496 97.7786 97.8034 9.27812 9.37812
W+2_RB1in_S03_Backward 96.0389 96.0538 96.0658 96.0755 96.0832 9.07048 9.17048
W+2_RB1in_S03_Forward 96.9612 96.9612 96.9612 96.9612 96.9612 9.05754 9.15754
W-2_RB1in_S04_Backward 85.2334 85.2592 85.2809 85.2992 85.3145 9.21271 9.31271
W-2_RB1in_S04_Forward 99.6146 99.6413 99.6636 99.6823 99.698 9.1509 9.2509
W-1_RB1in_S04_Backward 98.7396 98.7699 98.7953 98.8168 98.8348 9.21018 9.31018
W-1_RB1in_S04_Forward 98.4587 98.5014 98.5385 98.5706 98.5984 9.2347 9.3347
W+1_RB1in_S04_Backward 98.8124 98.8569 98.8956 98.9292 98.9585 9.38913 9.48913
W+1_RB1in_S04_Forward 99.1232 99.156 99.1838 99.2074 99.2274 9.23466 9.33466
W+2_RB1in_S04_Backward 97.6792 97.6945 97.7067 97.7166 97.7244 9.00644 9.10644
W+2_RB1in_S04_Forward 99.5121 99.5295 99.5435 99.5549 99.5642 8.95153 9.05153
W-2_RB1in_S05_Backward 97.5897 97.6184 97.6426 97.663 97.6801 9.24482 9.34482
W-2_RB1in_S05_Forward 99.3546 99.3756 99.3929 99.4071 99.4187 9.108 9.208
W-1_RB1in_S05_Backward 98.0938 98.1135 98.1295 98.1426 98.1533 9.19669 9.29669
W+0_RB1in_S05_Backward 98.4341 98.4656 98.4922 98.5148 98.5339 9.12977 9.22977
W+0_RB1in_S05_Forward 98.6574 98.6868 98.7114 98.7321 98.7495 9.09439 9.19439
W+1_RB1in_S05_Backward 98.2948 98.3297 98.3595 98.3849 98.4067 9.38438 9.48438
W+1_RB1in_S05_Forward 99.081 99.1319 99.1765 99.2155 99.2496 9.4201 9.5201
W+2_RB1in_S05_Backward 97.3369 97.3512 97.3627 97.3719 97.3794 9.08679 9.18679
W+2_RB1in_S05_Forward 98.4247 98.4487 98.4687 98.4851 98.4988 9.07858 9.17858
W-2_RB1in_S06_Backward 97.5256 97.5421 97.5556 97.5664 97.5753 9.19009 9.29009
W-2_RB1in_S06_Forward 100.09 100.136 100.176 100.211 100.242 9.33123 9.43123
W-1_RB1in_S06_Backward 98.8259 98.8622 98.8932 98.9196 98.9421 9.26374 9.36374
W-1_RB1in_S06_Forward 99.1077 99.1418 99.1706 99.1951 99.216 9.227 9.327
W+0_RB1in_S06_Backward 97.7183 97.7425 97.7626 97.7794 97.7934 9.22153 9.32153
W+0_RB1in_S06_Forward 97.3124 97.357 97.3956 97.4291 97.4581 9.30565 9.40565
W+1_RB1in_S06_Backward 97.5495 97.5861 97.6173 97.644 97.6667 9.32078 9.42078
W+1_RB1in_S06_Forward 97.3666 97.3997 97.4278 97.4516 97.4718 9.23517 9.33517
W+2_RB1in_S06_Backward 97.2056 97.2317 97.2536 97.2719 97.2872 9.26814 9.36814
W+2_RB1in_S06_Forward 98.756 98.796 98.8304 98.8599 98.8853 9.3429 9.4429
W-2_RB1in_S07_Backward 97.9792 98.0079 98.032 98.0524 98.0696 9.2613 9.3613
W-2_RB1in_S07_Forward 99.8286 99.8555 99.8779 99.8968 99.9125 9.21908 9.31908
W-1_RB1in_S07_Backward 98.7671 98.7954 98.819 98.8388 98.8554 9.19269 9.29269
W-1_RB1in_S07_Forward 99.2935 99.3193 99.3408 99.3586 99.3734 9.19613 9.29613
W+1_RB1in_S07_Backward 98.556 98.5794 98.5987 98.6147 98.6279 9.10003 9.20003
W+1_RB1in_S07_Forward 98.9192 98.9492 98.9745 98.9959 99.0138 9.10643 9.20643
W+2_RB1in_S07_Backward 97.0792 97.0998 97.1167 97.1307 97.1422 9.16173 9.26173
W+2_RB1in_S07_Forward 98.8983 98.9271 98.9513 98.9717 98.9887 9.12711 9.22711
W-1_RB1in_S08_Backward 93.6433 93.6782 93.708 93.7334 93.755 9.32128 9.42128
W-1_RB1in_S08_Forward 95.3128 95.3461 95.3744 95.3984 95.4189 9.2375 9.3375
W+0_RB1in_S08_Backward 98.2406 98.2718 98.2981 98.3203 98.3391 9.22983 9.32983
W+0_RB1in_S08_Forward 96.9589 96.9798 96.9969 97.011 97.0227 9.13222 9.23222
W+1_RB1in_S08_Backward 96.3225 96.3601 96.3923 96.42 96.4438 9.29348 9.39348
W+1_RB1in_S08_Forward 95.2212 95.2773 95.3271 95.3713 95.4104 9.49747 9.59747
W+2_RB1in_S08_Backward 95.5976 95.6232 95.6445 95.6622 95.6769 9.15123 9.25123
W+2_RB1in_S08_Forward 99.0485 99.0835 99.1134 99.1389 99.1607 9.15469 9.25469
W-2_RB1in_S09_Backward 97.007 97.0319 97.0525 97.0698 97.0842 9.24571 9.34571
W-2_RB1in_S09_Forward 99.288 99.3199 99.3469 99.3697 99.3889 9.21007 9.31007
W-1_RB1in_S09_Backward 97.6327 97.6544 97.6722 97.6869 97.699 9.23095 9.33095
W-1_RB1in_S09_Forward 99.0809 99.1222 99.1578 99.1886 99.2151 9.2939 9.3939
W+0_RB1in_S09_Backward 97.5204 97.5523 97.5794 97.6022 97.6215 9.20501 9.30501
W+0_RB1in_S09_Forward 96.6687 96.6999 96.7264 96.7488 96.7678 9.28241 9.38241
W+1_RB1in_S09_Backward 96.8456 96.8769 96.9033 96.9255 96.9444 9.15592 9.25592
W+1_RB1in_S09_Forward 98.5152 98.5558 98.5909 98.6212 98.6473 9.17594 9.27594
W+2_RB1in_S09_Backward 95.911 95.9683 96.0194 96.0649 96.1054 9.52222 9.62222
W+2_RB1in_S09_Forward 98.1285 98.1718 98.2093 98.2417 98.2698 9.2197 9.3197
W-2_RB1in_S10_Backward 97.9649 97.9927 98.0159 98.0353 98.0515 9.21844 9.31844
W-2_RB1in_S10_Forward 97.4752 97.5058 97.5316 97.5534 97.5718 9.21166 9.31166
W-1_RB1in_S10_Backward 97.0387 97.0633 97.0837 97.1006 97.1147 9.25974 9.35974
W-1_RB1in_S10_Forward 99.0203 99.0599 99.094 99.1232 99.1483 9.28627 9.38627
W+0_RB1in_S10_Backward 98.5207 98.5506 98.5759 98.5972 98.6151 9.26628 9.36628
W+0_RB1in_S10_Forward 98.0625 98.0978 98.128 98.1538 98.1758 9.32383 9.42383
W+1_RB1in_S10_Backward 97.0053 97.0185 97.029 97.0374 97.0441 9.10731 9.20731
W+1_RB1in_S10_Forward 98.6568 98.668 98.677 98.684 98.6896 9.11049 9.21049
W+2_RB1in_S10_Backward 96.8083 96.8365 96.8602 96.8801 96.8968 9.19459 9.29459
W+2_RB1in_S10_Forward 99.0237 99.0561 99.0835 99.1068 99.1265 9.14467 9.24467
W-2_RB1in_S11_Backward 88.4307 88.4638 88.492 88.5162 88.5369 9.25465 9.35465
W-2_RB1in_S11_Forward 99.4301 99.4513 99.4688 99.4831 99.495 9.09313 9.19313
W-1_RB1in_S11_Backward 98.0732 98.1035 98.129 98.1504 98.1685 9.17008 9.27008
W-1_RB1in_S11_Forward 99.0416 99.07 99.0937 99.1136 99.1302 9.15932 9.25932
W+0_RB1in_S11_Backward 97.4738 97.5113 97.5433 97.5707 97.5942 9.26523 9.36523
W+0_RB1in_S11_Forward 95.3972 95.4395 95.4761 95.5079 95.5356 9.33015 9.43015
W+1_RB1in_S11_Backward 97.4772 97.5085 97.5349 97.5572 97.5761 9.23617 9.33617
W+1_RB1in_S11_Forward 97.4142 97.4482 97.4771 97.5017 97.5226 9.20512 9.30512
W+2_RB1in_S11_Backward 95.7425 95.7876 95.827 95.8614 95.8914 9.32661 9.42661
W+2_RB1in_S11_Forward 98.9644 98.9987 99.0277 99.0524 99.0733 9.12399 9.22399
W-2_RB1in_S12_Backward 97.8096 97.8417 97.8688 97.8917 97.9111 9.21489 9.31489
W-2_RB1in_S12_Forward 99.1033 99.1368 99.1652 99.1893 99.2098 9.19231 9.29231
W-1_RB1in_S12_Backward 97.8178 97.8461 97.8699 97.8899 97.9068 9.27118 9.37118
W-1_RB1in_S12_Forward 98.8863 98.9133 98.9359 98.9548 98.9706 9.18084 9.28084
W+0_RB1in_S12_Backward 98.68 98.7166 98.748 98.7749 98.7979 9.33144 9.43144
W+0_RB1in_S12_Forward 97.9926 98.0325 98.0669 98.0966 98.1221 9.34864 9.44864
W+1_RB1in_S12_Backward 85.8383 85.8624 85.8825 85.8995 85.9136 9.25497 9.35497
W+1_RB1in_S12_Forward 97.6718 97.7052 97.7336 97.7577 97.7783 9.22188 9.32188
W+2_RB1in_S12_Backward 91.2296 91.266 91.2973 91.3242 91.3472 9.2915 9.3915
W+2_RB1in_S12_Forward 99.1646 99.2111 99.2516 99.2867 99.3173 9.32697 9.42697
W-2_RB1out_S01_Backward 98.2849 98.304 98.3196 98.3323 98.3426 9.09055 9.19055
W-2_RB1out_S01_Forward 99.0869 99.1101 99.1293 99.1451 99.1582 9.07167 9.17167
W-1_RB1out_S01_Backward 99.4536 99.4835 99.5086 99.5297 99.5475 9.287 9.387
W-1_RB1out_S01_Forward 99.4952 99.5292 99.5581 99.5827 99.6036 9.27209 9.37209
W+0_RB1out_S01_Backward 99.3528 99.3776 99.3982 99.4154 99.4297 9.21667 9.31667
W+0_RB1out_S01_Forward 99.0335 99.0656 99.0928 99.1157 99.1351 9.23767 9.33767
W+1_RB1out_S01_Backward 89.284 89.3164 89.3441 89.3676 89.3877 9.3657 9.4657
W+1_RB1out_S01_Forward 99.0145 99.0388 99.0589 99.0756 99.0894 9.28783 9.38783
W+2_RB1out_S01_Backward 97.9163 97.9482 97.9751 97.9978 98.017 9.26537 9.36537
W+2_RB1out_S01_Forward 97.5988 97.6422 97.6799 97.7127 97.7411 9.3892 9.4892
W-2_RB1out_S02_Backward 98.6266 98.6602 98.6887 98.7129 98.7335 9.24533 9.34533
W-2_RB1out_S02_Forward 99.2542 99.2843 99.3097 99.3311 99.3491 9.19698 9.29698
W-1_RB1out_S02_Backward 99.0928 99.1261 99.1544 99.1785 99.1988 9.17323 9.27323
W-1_RB1out_S02_Forward 98.6549 98.7143 98.767 98.8139 98.8556 9.39849 9.49849
W+0_RB1out_S02_Backward 99.5143 99.5585 99.5969 99.6302 99.659 9.38389 9.48389
W+0_RB1out_S02_Forward 98.9245 98.9773 99.0238 99.0646 99.1004 9.31565 9.41565
W+1_RB1out_S02_Backward 107.949 108.033 108.11 108.18 108.244 9.9458 10.0458
W+1_RB1out_S02_Forward 98.9034 98.9617 99.0135 99.0597 99.1008 9.59898 9.69898
W+2_RB1out_S02_Backward 98.3442 98.3787 98.4082 98.4332 98.4546 9.21854 9.31854
W+2_RB1out_S02_Forward 99.1932 99.2281 99.2578 99.2829 99.3043 9.18272 9.28272
W-2_RB1out_S03_Backward 98.6128 98.6357 98.6546 98.6702 98.6832 9.17733 9.27733
W-2_RB1out_S03_Forward 99.3597 99.3833 99.4028 99.419 99.4323 9.12735 9.22735
W-1_RB1out_S03_Backward 98.4081 98.4346 98.4567 98.4752 98.4906 9.18911 9.28911
W-1_RB1out_S03_Forward 98.2683 98.305 98.3365 98.3633 98.3863 9.16583 9.26583
W+0_RB1out_S03_Backward 99.1565 99.1885 99.2157 99.2386 99.2581 9.27305 9.37305
W+0_RB1out_S03_Forward 99.1143 99.1513 99.1831 99.2103 99.2337 9.29878 9.39878
W+1_RB1out_S03_Backward 99.1146 99.1514 99.1829 99.2099 99.2331 9.32814 9.42814
W+1_RB1out_S03_Forward 98.6875 98.7289 98.7646 98.7954 98.822 9.24833 9.34833
W+2_RB1out_S03_Backward 98.1511 98.1673 98.1803 98.1908 98.1993 9.02196 9.12196
W+2_RB1out_S03_Forward 98.6571 98.6571 98.6571 98.6571 98.6571 9.05901 9.15901
W-2_RB1out_S04_Backward 98.6273 98.6556 98.6792 98.699 98.7156 9.20182 9.30182
W-2_RB1out_S04_Forward 99.2498 99.2828 99.3107 99.3345 99.3546 9.15618 9.25618
W-1_RB1out_S04_Forward 95.5272 95.5665 95.6003 95.6295 95.6546 9.50065 9.60065
W+1_RB1out_S04_Backward 98.2659 98.2925 98.3147 98.3333 98.3488 9.33311 9.43311
W+1_RB1out_S04_Forward 99.2557 99.2994 99.3373 99.3701 99.3985 9.34775 9.44775
W-2_RB1out_S05_Backward 98.6123 98.6401 98.6634 98.6829 98.6992 9.20432 9.30432
W-2_RB1out_S05_Forward 98.9324 98.9625 98.9878 99.0091 99.027 9.20237 9.30237
W-1_RB1out_S05_Backward 99.3073 99.335 99.3583 99.3778 99.3941 9.16892 9.26892
W+1_RB1out_S05_Backward 99.2731 99.3109 99.3433 99.371 99.3947 9.38076 9.48076
W+2_RB1out_S05_Backward 98.0172 98.0495 98.0769 98.1 98.1197 9.12346 9.22346
W+2_RB1out_S05_Forward 99.1114 99.1331 99.151 99.1657 99.1778 8.98971 9.08971
W-2_RB1out_S06_Backward 98.7076 98.7402 98.7679 98.7915 98.8115 9.28259 9.38259
W-2_RB1out_S06_Forward 99.0251 99.0688 99.1068 99.1398 99.1684 9.34683 9.44683
W-1_RB1out_S06_Backward 98.9895 99.0102 99.0271 99.041 99.0524 9.25265 9.35265
W-1_RB1out_S06_Forward 99.3421 99.3774 99.4076 99.4334 99.4554 9.27773 9.37773
W+0_RB1out_S06_Backward 99.1351 99.1721 99.2036 99.2307 99.2538 9.33873 9.43873
W+0_RB1out_S06_Forward 99.4488 99.4855 99.5169 99.5439 99.567 9.35735 9.45735
W+1_RB1out_S06_Backward 99.9729 100.028 100.077 100.121 100.159 9.50604 9.60604
W+1_RB1out_S06_Forward 99.4038 99.4416 99.4739 99.5016 99.5253 9.3166 9.4166
W+2_RB1out_S06_Backward 98.0129 98.0409 98.0643 98.084 98.1005 9.21118 9.31118
W+2_RB1out_S06_Forward 99.3379 99.3649 99.3875 99.4063 99.422 9.18076 9.28076
W-2_RB1out_S07_Backward 98.5917 98.6092 98.6234 98.635 98.6443 9.19078 9.29078
W-2_RB1out_S07_Forward 99.2708 99.3059 99.3357 99.3611 99.3827 9.26528 9.36528
W-1_RB1out_S07_Backward 99.2161 99.2385 99.2571 99.2725 99.2853 9.19879 9.29879
W-1_RB1out_S07_Forward 98.9975 99.0257 99.0494 99.0693 99.086 9.1419 9.2419
W+0_RB1out_S07_Backward 99.4722 99.5025 99.5281 99.5497 99.568 9.32335 9.42335
W+0_RB1out_S07_Forward 99.7917 99.8358 99.874 99.9071 99.9357 9.41192 9.51192
W+1_RB1out_S07_Backward 99.0521 99.0867 99.116 99.1409 99.162 9.23574 9.33574
W+1_RB1out_S07_Forward 98.897 98.9257 98.9497 98.97 98.9869 9.16016 9.26016
W+2_RB1out_S07_Backward 98.1686 98.1946 98.2165 98.2348 98.2501 9.14118 9.24118
W+2_RB1out_S07_Forward 99.4192 99.4421 99.4609 99.4765 99.4894 9.1676 9.2676
W-2_RB1out_S08_Backward 97.8276 97.8456 97.8604 97.8724 97.8822 9.0944 9.1944
W-2_RB1out_S08_Forward 99.2087 99.233 99.2531 99.2698 99.2837 9.09203 9.19203
W-1_RB1out_S08_Backward 98.6844 98.7123 98.7356 98.7551 98.7714 9.24639 9.34639
W-1_RB1out_S08_Forward 98.5288 98.5536 98.5741 98.5912 98.6054 9.24063 9.34063
W+0_RB1out_S08_Backward 99.4249 99.4551 99.4805 99.5018 99.5198 9.22406 9.32406
W+0_RB1out_S08_Forward 98.9202 98.9571 98.9887 99.0157 99.0388 9.23371 9.33371
W+1_RB1out_S08_Backward 98.2318 98.2805 98.3232 98.3606 98.3934 9.4029 9.5029
W+1_RB1out_S08_Forward 99.1361 99.1703 99.1994 99.224 99.245 9.27636 9.37636
W+2_RB1out_S08_Backward 98.2606 98.297 98.3281 98.3547 98.3774 9.2653 9.3653
W+2_RB1out_S08_Forward 99.2149 99.2464 99.273 99.2956 99.3147 9.17072 9.27072
W-2_RB1out_S09_Backward 96.9046 96.9388 96.9678 96.9925 97.0135 9.28528 9.38528
W-2_RB1out_S09_Forward 99.0345 99.0712 99.1027 99.1295 99.1525 9.26245 9.36245
W-1_RB1out_S09_Backward 99.301 99.331 99.3562 99.3776 99.3955 9.26231 9.36231
W-1_RB1out_S09_Forward 99.2251 99.255 99.2801 99.3013 99.3191 9.22152 9.32152
W+0_RB1out_S09_Backward 98.9127 98.9515 98.9846 99.013 99.0374 9.3124 9.4124
W+0_RB1out_S09_Forward 92.797 92.8309 92.8599 92.8847 92.9059 9.27601 9.37601
W+1_RB1out_S09_Backward 98.3662 98.3948 98.4188 98.439 98.456 9.25892 9.35892
W+1_RB1out_S09_Forward 99.3247 99.3507 99.3724 99.3904 99.4053 9.1713 9.2713
W+2_RB1out_S09_Backward 98.5624 98.5968 98.6261 98.651 98.6722 9.29839 9.39839
W+2_RB1out_S09_Forward 98.9978 99.0285 99.0544 99.0761 99.0944 9.12458 9.22458
W-2_RB1out_S10_Backward 93.3809 93.4073 93.4295 93.4481 93.4637 9.31704 9.41704
W-2_RB1out_S10_Forward 99.173 99.1991 99.2209 99.2391 99.2542 9.20058 9.30058
W-1_RB1out_S10_Backward 98.8469 98.8759 98.9003 98.9209 98.9382 9.34755 9.44755
W-1_RB1out_S10_Forward 99.2136 99.2425 99.2667 99.2871 99.3042 9.24159 9.34159
W+0_RB1out_S10_Backward 99.1722 99.2038 99.2306 99.2532 99.2723 9.27968 9.37968
W+0_RB1out_S10_Forward 98.9383 98.9754 99.0072 99.0345 99.0579 9.35302 9.45302
W+1_RB1out_S10_Backward 98.8789 98.9016 98.9205 98.936 98.9488 9.1605 9.2605
W+1_RB1out_S10_Forward 98.9011 98.9246 98.9441 98.9602 98.9736 9.18053 9.28053
W+2_RB1out_S10_Backward 98.546 98.5717 98.5931 98.6109 98.6258 9.20618 9.30618
W+2_RB1out_S10_Forward 99.4585 99.4767 99.4915 99.5035 99.5133 9.16155 9.26155
W-2_RB1out_S11_Backward 96.4831 96.5148 96.5416 96.5642 96.5834 9.21271 9.31271
W-2_RB1out_S11_Forward 99.2893 99.3197 99.3452 99.3666 99.3847 9.17617 9.27617
W-1_RB1out_S11_Backward 96.5435 96.5877 96.6259 96.6591 96.6879 9.46172 9.56172
W-1_RB1out_S11_Forward 97.6966 97.7553 97.8076 97.8542 97.8956 9.61772 9.71772
W+0_RB1out_S11_Backward 99.2565 99.2925 99.3233 99.3497 99.3722 9.35151 9.45151
W+0_RB1out_S11_Forward 98.4653 98.5117 98.5521 98.5873 98.618 9.36447 9.46447
W+1_RB1out_S11_Backward 91.0252 91.0533 91.0769 91.0967 91.1134 9.25762 9.35762
W+1_RB1out_S11_Forward 99.4442 99.4723 99.4959 99.5157 99.5323 9.15546 9.25546
W+2_RB1out_S11_Backward 98.4119 98.4408 98.4651 98.4854 98.5025 9.23177 9.33177
W+2_RB1out_S11_Forward 98.7539 98.7905 98.8219 98.8488 98.8718 9.30678 9.40678
W-1_RB1out_S12_Backward 99.1096 99.1384 99.1625 99.1828 99.1998 9.26416 9.36416
W-1_RB1out_S12_Forward 97.8319 97.8582 97.8803 97.8987 97.9142 9.21328 9.31328
W+0_RB1out_S12_Backward 99.4496 99.4682 99.4835 99.4959 99.5061 9.24509 9.34509
W+0_RB1out_S12_Forward 99.2029 99.2306 99.2537 99.2731 99.2893 9.21231 9.31231
W+1_RB1out_S12_Backward 99.1769 99.2052 99.229 99.249 99.2659 9.2161 9.3161
W+1_RB1out_S12_Forward 99.3116 99.3382 99.3604 99.379 99.3945 9.17668 9.27668
W+2_RB1out_S12_Backward 98.101 98.1342 98.1625 98.1865 98.207 9.30418 9.40418
W+2_RB1out_S12_Forward 99.3498 99.3803 99.406 99.4277 99.446 9.27418 9.37418
W-2_RB2in_S01_Backward 98.1393 98.1566 98.1706 98.182 98.1912 9.15907 9.25907
W-2_RB2in_S01_Forward 97.7009 97.7197 97.7351 97.7478 97.7581 9.10687 9.20687
W-1_RB2in_S01_Backward 99.0333 99.0649 99.0916 99.1141 99.1331 9.37004 9.47004
W-1_RB2in_S01_Middle 98.8297 98.8665 98.898 98.925 98.9481 9.35851 9.45851
W-1_RB2in_S01_Forward 99.3252 99.3663 99.4016 99.432 99.4582 9.34975 9.44975
W+0_RB2in_S01_Backward 99.253 99.289 99.3197 99.3458 99.3681 9.22204 9.32204
W+0_RB2in_S01_Middle 99.3681 99.4122 99.4505 99.4836 99.5122 9.34008 9.44008
W+0_RB2in_S01_Forward 99.1092 99.1419 99.1694 99.1928 99.2125 9.21322 9.31322
W+1_RB2in_S01_Backward 99.9005 99.9446 99.9828 100.016 100.045 9.48473 9.58473
W+1_RB2in_S01_Middle 99.122 99.1694 99.2106 99.2464 99.2776 9.38084 9.48084
W+1_RB2in_S01_Forward 99.7814 99.8341 99.8804 99.9211 99.9569 9.44254 9.54254
W+2_RB2in_S01_Backward 98.2819 98.3005 98.3158 98.3283 98.3385 9.09656 9.19656
W+2_RB2in_S01_Forward 96.9007 96.9111 96.9192 96.9256 96.9306 9.00608 9.10608
W-2_RB2in_S02_Backward 97.719 97.7414 97.7599 97.7752 97.7878 9.24445 9.34445
W-1_RB2in_S02_Backward 99.2198 99.2564 99.2876 99.3145 99.3374 9.34901 9.44901
W-1_RB2in_S02_Middle 98.6238 98.6595 98.6899 98.7158 98.738 9.25536 9.35536
W-1_RB2in_S02_Forward 99.7189 99.7617 99.7988 99.831 99.8588 9.28956 9.38956
W+0_RB2in_S02_Backward 99.1012 99.1398 99.1728 99.2011 99.2254 9.3369 9.4369
W+0_RB2in_S02_Middle 99.0887 99.1252 99.1565 99.1834 99.2064 9.26505 9.36505
W+0_RB2in_S02_Forward 99.4433 99.4732 99.4984 99.5196 99.5374 9.26396 9.36396
W+1_RB2in_S02_Backward 95.6895 95.7262 95.7576 95.7846 95.8077 9.38705 9.48705
W+1_RB2in_S02_Middle 99.6981 99.7481 99.792 99.8304 99.8641 9.47067 9.57067
W+1_RB2in_S02_Forward 98.9904 99.0222 99.0491 99.0718 99.091 9.26262 9.36262
W+2_RB2in_S02_Backward 98.1992 98.2244 98.2454 98.2629 98.2775 9.25962 9.35962
W+2_RB2in_S02_Forward 97.1219 97.1503 97.1741 97.1942 97.2111 9.25101 9.35101
W-2_RB2in_S03_Backward 98.2464 98.2613 98.2732 98.2828 98.2904 9.15124 9.25124
W-2_RB2in_S03_Forward 97.3639 97.3861 97.4044 97.4195 97.4321 9.12095 9.22095
W-1_RB2in_S03_Backward 98.7745 98.7898 98.8021 98.812 98.82 9.11819 9.21819
W-1_RB2in_S03_Middle 98.8298 98.8653 98.8955 98.9213 98.9432 9.18353 9.28353
W-1_RB2in_S03_Forward 99.4058 99.4407 99.4705 99.4958 99.5174 9.19959 9.29959
W+0_RB2in_S03_Backward 98.0924 98.1331 98.1682 98.1983 98.2242 9.32044 9.42044
W+0_RB2in_S03_Middle 99.2434 99.2815 99.314 99.3419 99.3658 9.29345 9.39345
W+0_RB2in_S03_Forward 92.308 92.3416 92.3703 92.3948 92.4156 9.33306 9.43306
W+1_RB2in_S03_Backward 98.6852 98.7198 98.7493 98.7743 98.7955 9.29538 9.39538
W+1_RB2in_S03_Middle 98.5035 98.5437 98.5784 98.6082 98.6338 9.27939 9.37939
W+2_RB2in_S03_Backward 97.7861 97.8011 97.8132 97.823 97.8309 9.17937 9.27937
W+2_RB2in_S03_Forward 96.0871 96.1062 96.1218 96.1345 96.1449 9.11688 9.21688
W-2_RB2in_S04_Backward 98.5455 98.5818 98.6127 98.639 98.6615 9.30079 9.40079
W-2_RB2in_S04_Forward 97.8221 97.8501 97.8737 97.8936 97.9103 9.23409 9.33409
W-1_RB2in_S04_Backward 100.047 100.103 100.153 100.197 100.236 9.40982 9.50982
W-1_RB2in_S04_Middle 98.4802 98.5218 98.5577 98.5888 98.6157 9.28545 9.38545
W-1_RB2in_S04_Forward 98.5327 98.5731 98.608 98.6381 98.6642 9.22565 9.32565
W+0_RB2in_S04_Backward 99.2192 99.2499 99.2756 99.2973 99.3155 9.213 9.313
W+0_RB2in_S04_Middle 99.0432 99.084 99.1192 99.1496 99.1758 9.29408 9.39408
W+0_RB2in_S04_Forward 99.1218 99.1599 99.1926 99.2206 99.2447 9.30619 9.40619
W+1_RB2in_S04_Middle 97.6663 97.7068 97.7419 97.7721 97.7983 9.35791 9.45791
W+1_RB2in_S04_Forward 98.9645 99.0174 99.0639 99.1046 99.1404 9.34915 9.44915
W+2_RB2in_S04_Backward 98.7274 98.7551 98.7783 98.7976 98.8138 9.20193 9.30193
W+2_RB2in_S04_Forward 98.0807 98.1147 98.1438 98.1685 98.1895 9.20025 9.30025
W-2_RB2in_S05_Forward 97.9694 97.997 98.0202 98.0396 98.0559 9.17911 9.27911
W-1_RB2in_S05_Backward 98.8653 98.8898 98.9102 98.9272 98.9414 9.2261 9.3261
W-1_RB2in_S05_Middle 98.843 98.8655 98.8842 98.8996 98.9123 9.19654 9.29654
W-1_RB2in_S05_Forward 99.0039 99.0418 99.0743 99.1021 99.1259 9.22997 9.32997
W+0_RB2in_S05_Backward 99.3831 99.4159 99.4438 99.4674 99.4875 9.322 9.422
W+0_RB2in_S05_Middle 99.2871 99.3195 99.3469 99.3702 99.3899 9.27769 9.37769
W+1_RB2in_S05_Backward 98.5904 98.6203 98.6455 98.6667 98.6845 9.22456 9.32456
W+1_RB2in_S05_Middle 98.3398 98.3724 98.4001 98.4236 98.4436 9.27808 9.37808
W+1_RB2in_S05_Forward 98.1697 98.2217 98.2675 98.3078 98.3432 9.41581 9.51581
W-2_RB2in_S06_Backward 99.2163 99.2468 99.2724 99.294 99.3121 9.31234 9.41234
W-2_RB2in_S06_Forward 97.8037 97.8347 97.861 97.8833 97.9021 9.21152 9.31152
W-1_RB2in_S06_Backward 90.5589 90.6021 90.6398 90.6727 90.7014 9.42099 9.52099
W-1_RB2in_S06_Middle 98.6398 98.7035 98.7607 98.8121 98.8581 9.45719 9.55719
W-1_RB2in_S06_Forward 99.0818 99.1256 99.1635 99.1964 99.2249 9.2909 9.3909
W+0_RB2in_S06_Backward 99.6806 99.7191 99.7521 99.7805 99.8048 9.36695 9.46695
W+0_RB2in_S06_Middle 99.5823 99.6335 99.6784 99.7179 99.7526 9.40764 9.50764
W+0_RB2in_S06_Forward 99.505 99.5501 99.5895 99.6237 99.6535 9.34963 9.44963
W+1_RB2in_S06_Backward 98.8565 98.8922 98.9227 98.9487 98.971 9.33088 9.43088
W+1_RB2in_S06_Middle 98.633 98.6762 98.7135 98.7458 98.7738 9.29177 9.39177
W+1_RB2in_S06_Forward 98.9904 99.0453 99.0939 99.1368 99.1748 9.44424 9.54424
W+2_RB2in_S06_Backward 98.717 98.7486 98.7753 98.798 98.8172 9.29468 9.39468
W+2_RB2in_S06_Forward 97.8805 97.9149 97.9443 97.9693 97.9907 9.34978 9.44978
W-2_RB2in_S07_Backward 98.64 98.6656 98.687 98.7047 98.7195 9.30845 9.40845
W-1_RB2in_S07_Backward 98.7524 98.8014 98.8442 98.8816 98.9144 9.29171 9.39171
W-1_RB2in_S07_Middle 98.7593 98.7839 98.8042 98.8212 98.8352 9.18046 9.28046
W-1_RB2in_S07_Forward 99.0163 99.0529 99.0844 99.1113 99.1344 9.20662 9.30662
W+0_RB2in_S07_Backward 99.665 99.7073 99.7438 99.7753 99.8024 9.30172 9.40172
W+1_RB2in_S07_Backward 98.9185 98.9422 98.9618 98.978 98.9915 9.14365 9.24365
W+1_RB2in_S07_Middle 98.4306 98.4711 98.506 98.5361 98.562 9.22826 9.32826
W+1_RB2in_S07_Forward 99.1546 99.1941 99.228 99.2572 99.2823 9.18605 9.28605
W+2_RB2in_S07_Backward 98.2112 98.2333 98.2517 98.2668 98.2794 9.22902 9.32902
W+2_RB2in_S07_Forward 97.6924 97.727 97.7565 97.7816 97.803 9.278 9.378
W-2_RB2in_S08_Backward 97.6609 97.6957 97.7253 97.7506 97.772 9.33966 9.43966
W-2_RB2in_S08_Forward 97.5029 97.5513 97.5936 97.6305 97.6627 9.42477 9.52477
W-1_RB2in_S08_Backward 98.9037 98.9632 99.0162 99.0633 99.1052 9.43108 9.53108
W-1_RB2in_S08_Middle 98.8767 98.9128 98.9435 98.9697 98.9921 9.26144 9.36144
W-1_RB2in_S08_Forward 98.72 98.7523 98.7796 98.8027 98.8224 9.21879 9.31879
W+0_RB2in_S08_Backward 99.6931 99.731 99.7635 99.7914 99.8153 9.30517 9.40517
W+0_RB2in_S08_Middle 98.9747 99.0228 99.0647 99.1013 99.1333 9.28574 9.38574
W+0_RB2in_S08_Forward 99.0625 99.0934 99.1196 99.1417 99.1604 9.20475 9.30475
W+1_RB2in_S08_Backward 98.7819 98.8207 98.854 98.8827 98.9073 9.31524 9.41524
W+1_RB2in_S08_Middle 99.0409 99.0759 99.1058 99.1313 99.1531 9.30295 9.40295
W+1_RB2in_S08_Forward 99.0657 99.0993 99.1278 99.152 99.1725 9.30078 9.40078
W-2_RB2in_S09_Backward 98.1636 98.2 98.2311 98.2576 98.2803 9.29806 9.39806
W-2_RB2in_S09_Forward 97.7302 97.7759 97.8157 97.8503 97.8803 9.39691 9.49691
W-1_RB2in_S09_Backward 98.8832 98.914 98.9399 98.9618 98.9803 9.30199 9.40199
W-1_RB2in_S09_Middle 98.1616 98.2017 98.2363 98.2661 98.2919 9.28942 9.38942
W-1_RB2in_S09_Forward 99.1156 99.148 99.1755 99.1989 99.2187 9.2218 9.3218
W+0_RB2in_S09_Backward 98.4028 98.4332 98.4589 98.4806 98.4988 9.25642 9.35642
W+0_RB2in_S09_Middle 98.7627 98.8058 98.8432 98.8755 98.9034 9.29987 9.39987
W+0_RB2in_S09_Forward 98.2592 98.2986 98.3324 98.3616 98.3867 9.27557 9.37557
W+1_RB2in_S09_Backward 99.2433 99.2876 99.3261 99.3594 99.3884 9.36684 9.46684
W+1_RB2in_S09_Middle 99.1542 99.1981 99.2361 99.2691 99.2978 9.33794 9.43794
W+1_RB2in_S09_Forward 98.8156 98.8452 98.8702 98.8912 98.9089 9.26507 9.36507
W+2_RB2in_S09_Backward 99.3633 99.4053 99.4416 99.4729 99.5001 9.56821 9.66821
W+2_RB2in_S09_Forward 96.5632 96.6064 96.6439 96.6764 96.7047 9.38621 9.48621
W-2_RB2in_S10_Backward 98.8014 98.8195 98.8342 98.8462 98.856 9.20696 9.30696
W-2_RB2in_S10_Forward 97.9633 97.9847 98.0024 98.017 98.029 9.20129 9.30129
W-1_RB2in_S10_Backward 86.0436 86.0625 86.078 86.0908 86.1014 9.15894 9.25894
W-1_RB2in_S10_Middle 98.6882 98.7114 98.7305 98.7464 98.7596 9.22946 9.32946
W-1_RB2in_S10_Forward 99.4545 99.4766 99.4948 99.5097 99.522 9.16396 9.26396
W+0_RB2in_S10_Backward 99.234 99.2712 99.303 99.3303 99.3537 9.34491 9.44491
W+0_RB2in_S10_Middle 99.0782 99.1176 99.1516 99.1808 99.206 9.34362 9.44362
W+0_RB2in_S10_Forward 93.5376 93.5752 93.6075 93.6352 93.6591 9.33887 9.43887
W+1_RB2in_S10_Backward 99.4879 99.5328 99.5719 99.606 99.6356 9.39011 9.49011
W+1_RB2in_S10_Middle 98.7883 98.8241 98.8545 98.8805 98.9026 9.29388 9.39388
W+1_RB2in_S10_Forward 98.662 98.6998 98.7321 98.7597 98.7834 9.2841 9.3841
W+2_RB2in_S10_Backward 97.4842 97.5297 97.5694 97.604 97.6341 9.36987 9.46987
W+2_RB2in_S10_Forward 97.2334 97.2554 97.2737 97.2888 97.3013 9.23153 9.33153
W-2_RB2in_S11_Backward 97.7992 97.8271 97.8505 97.8703 97.8869 9.30423 9.40423
W-2_RB2in_S11_Forward 97.0987 97.1287 97.1539 97.1752 97.1931 9.22451 9.32451
W-1_RB2in_S11_Middle 98.8724 98.9111 98.9442 98.9727 98.9972 9.30707 9.40707
W-1_RB2in_S11_Forward 99.2013 99.2273 99.2491 99.2672 99.2823 9.20649 9.30649
W+0_RB2in_S11_Backward 99.3399 99.3898 99.4336 99.4721 99.5059 9.43768 9.53768
W+0_RB2in_S11_Middle 99.0146 99.0631 99.1056 99.1427 99.1751 9.39649 9.49649
W+0_RB2in_S11_Forward 99.2392 99.2733 99.3023 99.327 99.348 9.23087 9.33087
W+1_RB2in_S11_Backward 98.7824 98.8099 98.833 98.8524 98.8687 9.27092 9.37092
W+1_RB2in_S11_Middle 98.5437 98.5688 98.5896 98.6069 98.6213 9.20388 9.30388
W+1_RB2in_S11_Forward 98.8041 98.8313 98.8539 98.8728 98.8887 9.20967 9.30967
W+2_RB2in_S11_Backward 98.5136 98.5321 98.5471 98.5594 98.5694 9.06772 9.16772
W+2_RB2in_S11_Forward 97.9727 98.003 98.0285 98.05 98.068 9.09977 9.19977
W-2_RB2in_S12_Backward 98.0657 98.1016 98.1322 98.1584 98.1807 9.34209 9.44209
W-2_RB2in_S12_Forward 98.5016 98.524 98.5425 98.5579 98.5706 9.14591 9.24591
W-1_RB2in_S12_Backward 98.9202 98.9594 98.9929 99.0216 99.0463 9.31151 9.41151
W-1_RB2in_S12_Middle 98.8791 98.9143 98.9442 98.9697 98.9914 9.25269 9.35269
W-1_RB2in_S12_Forward 99.1102 99.1526 99.1891 99.2206 99.2479 9.29216 9.39216
W+0_RB2in_S12_Backward 99.6929 99.7277 99.7574 99.7827 99.8044 9.26297 9.36297
W+0_RB2in_S12_Middle 99.095 99.137 99.1732 99.2046 99.2317 9.26047 9.36047
W+0_RB2in_S12_Forward 99.0604 99.0896 99.1142 99.1349 99.1524 9.18462 9.28462
W+1_RB2in_S12_Backward 98.5846 98.6176 98.6455 98.6692 98.6892 9.29006 9.39006
W+1_RB2in_S12_Middle 98.8866 98.921 98.9501 98.9749 98.996 9.28539 9.38539
W+1_RB2in_S12_Forward 98.7445 98.7853 98.8205 98.8507 98.8767 9.2437 9.3437
W+2_RB2in_S12_Backward 98.5596 98.5836 98.6036 98.6201 98.6339 9.15334 9.25334
W+2_RB2in_S12_Forward 95.1672 95.1836 95.1969 95.2077 95.2165 9.05539 9.15539
W-2_RB2out_S01_Backward 99.2676 99.2906 99.3097 99.3254 99.3384 9.18509 9.28509
W-2_RB2out_S01_Middle 98.0692 98.0956 98.1177 98.1361 98.1515 9.16666 9.26666
W-2_RB2out_S01_Forward 97.6163 97.6467 97.6724 97.6941 97.7124 9.16104 9.26104
W-1_RB2out_S01_Backward 95.5611 95.5864 95.6073 95.6248 95.6393 9.27533 9.37533
W-1_RB2out_S01_Forward 98.2946 98.3236 98.348 98.3684 98.3856 9.26268 9.36268
W+0_RB2out_S01_Forward 97.6339 97.6606 97.6829 97.7015 97.7171 9.22684 9.32684
W+1_RB2out_S01_Backward 98.948 98.9826 99.0122 99.0375 99.0591 9.43643 9.53643
W+1_RB2out_S01_Forward 96.8403 96.8693 96.8936 96.9142 96.9315 9.28513 9.38513
W+2_RB2out_S01_Backward 97.1545 97.19 97.2202 97.2461 97.2682 9.47943 9.57943
W+2_RB2out_S01_Forward 94.4965 94.5399 94.5777 94.6106 94.6392 9.3652 9.4652
W-2_RB2out_S02_Backward 98.6471 98.6786 98.7053 98.7278 98.7468 9.29627 9.39627
W-2_RB2out_S02_Middle 94.2394 94.2912 94.3371 94.3776 94.4134 9.41454 9.51454
W-2_RB2out_S02_Forward 97.8976 97.9306 97.9587 97.9826 98.0029 9.27423 9.37423
W-1_RB2out_S02_Backward 97.8889 97.9116 97.9303 97.9458 97.9586 9.27188 9.37188
W-1_RB2out_S02_Forward 93.9772 94.0081 94.0343 94.0564 94.075 9.26265 9.36265
W+0_RB2out_S02_Backward 98.302 98.3316 98.3565 98.3774 98.395 9.27985 9.37985
W+0_RB2out_S02_Forward 97.1408 97.1666 97.1882 97.2061 97.2211 9.26176 9.36176
W+1_RB2out_S02_Backward 97.3408 97.3714 97.3972 97.419 97.4375 9.26852 9.36852
W+1_RB2out_S02_Forward 99.5118 99.5653 99.6123 99.6537 99.6902 9.57288 9.67288
W+2_RB2out_S02_Backward 99.9498 99.9863 100.017 100.044 100.067 9.3253 9.4253
W+2_RB2out_S02_Middle 98.6461 98.6942 98.7363 98.7732 98.8055 9.40105 9.50105
W+2_RB2out_S02_Forward 97.6825 97.7134 97.7395 97.7616 97.7804 9.26337 9.36337
W-2_RB2out_S03_Backward 98.8835 98.9114 98.9348 98.9544 98.9709 9.25131 9.35131
W-2_RB2out_S03_Middle 98.0821 98.1202 98.1528 98.1808 98.2048 9.19872 9.29872
W-2_RB2out_S03_Forward 97.0543 97.0837 97.1086 97.1295 97.1471 9.18188 9.28188
W+0_RB2out_S03_Backward 98.002 98.0379 98.0685 98.0946 98.1169 9.3224 9.4224
W+0_RB2out_S03_Forward 92.5107 92.5519 92.5876 92.6185 92.6453 9.56442 9.66442
W+1_RB2out_S03_Backward 97.3315 97.3769 97.4163 97.4506 97.4803 9.42934 9.52934
W+1_RB2out_S03_Forward 93.4413 93.4672 93.4888 93.5069 93.522 9.2074 9.3074
W+2_RB2out_S03_Backward 98.9096 98.9334 98.9532 98.9696 98.9831 9.20547 9.30547
W+2_RB2out_S03_Middle 97.041 97.0808 97.1151 97.1446 97.1701 9.20518 9.30518
W+2_RB2out_S03_Forward 93.1183 93.146 93.1694 93.1891 93.2057 9.13781 9.23781
W-2_RB2out_S04_Backward 92.0742 92.1007 92.123 92.1417 92.1574 9.25003 9.35003
W-2_RB2out_S04_Middle 93.7175 93.7703 93.8171 93.8586 93.8953 9.48181 9.58181
W-2_RB2out_S04_Forward 98.3831 98.4113 98.4351 98.4551 98.4719 9.22423 9.32423
W-1_RB2out_S04_Backward 93.9652 94.0012 94.0321 94.0586 94.0813 9.4866 9.5866
W-1_RB2out_S04_Forward 91.6434 91.6893 91.7295 91.7647 91.7954 9.4802 9.5802
W+1_RB2out_S04_Backward 97.3251 97.349 97.3689 97.3854 97.3992 9.27313 9.37313
W+1_RB2out_S04_Forward 95.99 96.0158 96.0373 96.0553 96.0703 9.27017 9.37017
W+2_RB2out_S04_Backward 98.7737 98.8032 98.8281 98.849 98.8665 9.23746 9.33746
W+2_RB2out_S04_Middle 98.5564 98.5934 98.6252 98.6524 98.6757 9.26554 9.36554
W+2_RB2out_S04_Forward 97.6134 97.6431 97.6681 97.6892 97.7069 9.16973 9.26973
W-2_RB2out_S05_Backward 99.4578 99.4965 99.5296 99.558 99.5824 9.2739 9.3739
W-2_RB2out_S05_Middle 97.9556 97.9821 98.0043 98.0229 98.0384 9.16635 9.26635
W-2_RB2out_S05_Forward 97.6881 97.7186 97.7443 97.7661 97.7845 9.16349 9.26349
W-1_RB2out_S05_Backward 98.4398 98.4632 98.4826 98.4987 98.512 9.19707 9.29707
W-1_RB2out_S05_Forward 98.0462 98.0721 98.0936 98.1116 98.1265 9.17433 9.27433
W+0_RB2out_S05_Backward 96.3183 96.3594 96.395 96.4259 96.4527 9.61435 9.71435
W+0_RB2out_S05_Forward 95.0453 95.0989 95.1464 95.1884 95.2257 9.75801 9.85801
W+1_RB2out_S05_Backward 97.7882 97.8082 97.8247 97.8383 97.8495 9.25647 9.35647
W+1_RB2out_S05_Forward 98.0482 98.0769 98.101 98.1213 98.1383 9.28632 9.38632
W+2_RB2out_S05_Backward 98.3017 98.3283 98.3505 98.3692 98.3848 9.16872 9.26872
W+2_RB2out_S05_Middle 98.3675 98.4029 98.4332 98.459 98.4811 9.16538 9.26538
W+2_RB2out_S05_Forward 96.3768 96.4023 96.4236 96.4414 96.4562 9.06832 9.16832
W-2_RB2out_S06_Backward 98.9241 98.9608 98.9922 99.0189 99.0417 9.34993 9.44993
W-2_RB2out_S06_Middle 98.3867 98.4286 98.4647 98.4959 98.5229 9.29011 9.39011
W-2_RB2out_S06_Forward 98.1797 98.2082 98.2322 98.2524 98.2694 9.20228 9.30228
W-1_RB2out_S06_Backward 98.3141 98.3505 98.3815 98.408 98.4306 9.31748 9.41748
W-1_RB2out_S06_Forward 96.3178 96.3416 96.3614 96.378 96.3917 9.24035 9.34035
W+0_RB2out_S06_Backward 98.6034 98.631 98.6541 98.6735 98.6897 9.24315 9.34315
W+0_RB2out_S06_Forward 98.641 98.6804 98.7144 98.7436 98.7688 9.44121 9.54121
W+1_RB2out_S06_Backward 97.9266 97.9605 97.9894 98.0139 98.0347 9.34165 9.44165
W+1_RB2out_S06_Forward 97.4046 97.4353 97.4612 97.4831 97.5015 9.2777 9.3777
W+2_RB2out_S06_Backward 99.0006 99.0397 99.0731 99.1018 99.1263 9.36712 9.46712
W+2_RB2out_S06_Middle 98.3496 98.3962 98.4367 98.4719 98.5025 9.37177 9.47177
W+2_RB2out_S06_Forward 91.912 91.9435 91.9703 91.9931 92.0124 9.30081 9.40081
W-2_RB2out_S07_Backward 98.1622 98.2116 98.2549 98.293 98.3265 9.38637 9.48637
W-2_RB2out_S07_Middle 98.0549 98.0873 98.1147 98.138 98.1577 9.25635 9.35635
W-2_RB2out_S07_Forward 97.7584 97.8014 97.8387 97.8709 97.8989 9.35685 9.45685
W-1_RB2out_S07_Forward 97.3713 97.3914 97.408 97.4215 97.4326 9.10833 9.20833
W+0_RB2out_S07_Backward 96.0374 96.065 96.0882 96.1076 96.1239 9.21815 9.31815
W+0_RB2out_S07_Forward 97.1088 97.153 97.1914 97.2247 97.2537 9.35532 9.45532
W+1_RB2out_S07_Backward 98.9291 98.9672 98.9999 99.0279 99.052 9.33395 9.43395
W+1_RB2out_S07_Forward 97.9997 98.0181 98.0332 98.0455 98.0555 9.187 9.287
W+2_RB2out_S07_Backward 98.517 98.5438 98.5661 98.5848 98.6004 9.24648 9.34648
W+2_RB2out_S07_Middle 98.3234 98.357 98.3855 98.4098 98.4305 9.20241 9.30241
W+2_RB2out_S07_Forward 97.7582 97.7864 97.8101 97.83 97.8468 9.20067 9.30067
W-2_RB2out_S08_Backward 99.432 99.4591 99.4818 99.5008 99.5167 9.3 9.4
W-2_RB2out_S08_Middle 98.1436 98.1947 98.2395 98.279 98.3136 9.37627 9.47627
W-2_RB2out_S08_Forward 97.3483 97.3783 97.4035 97.4248 97.4427 9.18508 9.28508
W-1_RB2out_S08_Backward 94.539 94.5683 94.5929 94.6137 94.6311 9.24181 9.34181
W-1_RB2out_S08_Forward 98.3839 98.4128 98.4372 98.4576 98.4748 9.22241 9.32241
W+0_RB2out_S08_Backward 98.3104 98.3419 98.3685 98.391 98.41 9.24395 9.34395
W+0_RB2out_S08_Forward 97.4171 97.4394 97.4579 97.4732 97.4859 9.15695 9.25695
W+1_RB2out_S08_Backward 98.3993 98.4238 98.4442 98.4613 98.4754 9.23406 9.33406
W+1_RB2out_S08_Forward 95.1618 95.1848 95.2038 95.2197 95.2328 9.2159 9.3159
W+2_RB2out_S08_Middle 97.6931 97.7304 97.7624 97.7898 97.8134 9.20751 9.30751
W+2_RB2out_S08_Forward 96.9928 97.0255 97.0534 97.0769 97.097 9.20028 9.30028
W-2_RB2out_S09_Backward 99.1031 99.1291 99.1506 99.1685 99.1834 9.23763 9.33763
W-2_RB2out_S09_Middle 98.5461 98.586 98.6203 98.6498 98.6752 9.3766 9.4766
W-2_RB2out_S09_Forward 97.3185 97.3607 97.3971 97.4285 97.4556 9.44195 9.54195
W-1_RB2out_S09_Backward 98.4964 98.5168 98.5336 98.5473 98.5587 9.26694 9.36694
W-1_RB2out_S09_Forward 95.9391 95.9659 95.9884 96.0072 96.023 9.29475 9.39475
W+0_RB2out_S09_Backward 97.859 97.8821 97.9012 97.9171 97.9302 9.26149 9.36149
W+0_RB2out_S09_Forward 97.86 97.8921 97.9192 97.9422 97.9615 9.29463 9.39463
W+1_RB2out_S09_Backward 95.3893 95.4248 95.4553 95.4813 95.5036 9.38698 9.48698
W+1_RB2out_S09_Forward 98.207 98.2459 98.2793 98.308 98.3327 9.33132 9.43132
W+2_RB2out_S09_Backward 98.968 98.9982 99.0236 99.045 99.063 9.27883 9.37883
W+2_RB2out_S09_Middle 98.2895 98.3197 98.3451 98.3665 98.3846 9.23835 9.33835
W+2_RB2out_S09_Forward 97.9763 98.0048 98.0287 98.0487 98.0655 9.22108 9.32108
W-2_RB2out_S10_Backward 99.1364 99.1724 99.2032 99.2296 99.2521 9.44571 9.54571
W-2_RB2out_S10_Middle 96.9989 97.044 97.0834 97.1178 97.1478 9.46096 9.56096
W-2_RB2out_S10_Forward 97.7768 97.8144 97.8466 97.8743 97.898 9.40562 9.50562
W-1_RB2out_S10_Forward 98.272 98.3089 98.3404 98.3675 98.3907 9.39231 9.49231
W+0_RB2out_S10_Backward 98.3167 98.3508 98.38 98.4048 98.4261 9.34091 9.44091
W+0_RB2out_S10_Forward 92.7157 92.7527 92.7846 92.812 92.8356 9.36056 9.46056
W+1_RB2out_S10_Backward 98.2674 98.2937 98.3157 98.334 98.3493 9.24529 9.34529
W+1_RB2out_S10_Forward 96.2439 96.2668 96.2857 96.3014 96.3143 9.22804 9.32804
W+2_RB2out_S10_Backward 99.2972 99.3241 99.3467 99.3656 99.3815 9.31177 9.41177
W+2_RB2out_S10_Middle 97.8443 97.8702 97.8919 97.9101 97.9253 9.305 9.405
W+2_RB2out_S10_Forward 91.8071 91.8337 91.856 91.8747 91.8904 9.25468 9.35468
W-2_RB2out_S11_Backward 98.7317 98.7486 98.7624 98.7734 98.7824 9.15855 9.25855
W-2_RB2out_S11_Middle 97.9983 98.0344 98.0653 98.0918 98.1145 9.23465 9.33465
W-2_RB2out_S11_Forward 97.2188 97.2433 97.2636 97.2805 97.2946 9.18366 9.28366
W-1_RB2out_S11_Backward 98.3517 98.3814 98.4064 98.4275 98.4453 9.2573 9.3573
W-1_RB2out_S11_Forward 97.709 97.7387 97.7638 97.7848 97.8025 9.26255 9.36255
W+0_RB2out_S11_Backward 97.9001 97.9374 97.9694 97.9968 98.0204 9.47115 9.57115
W+0_RB2out_S11_Forward 96.3899 96.4321 96.4686 96.5003 96.5276 9.44672 9.54672
W+1_RB2out_S11_Backward 98.0616 98.0832 98.1011 98.1158 98.1279 9.21865 9.31865
W+1_RB2out_S11_Forward 98.5718 98.6311 98.684 98.7311 98.7732 9.58908 9.68908
W+2_RB2out_S11_Backward 99.079 99.0957 99.1092 99.1201 99.1289 9.14561 9.24561
W+2_RB2out_S11_Middle 97.3813 97.4036 97.422 97.4372 97.4497 9.17148 9.27148
W+2_RB2out_S11_Forward 97.6901 97.7208 97.7469 97.769 97.7876 9.20383 9.30383
W-2_RB2out_S12_Backward 98.8273 98.8602 98.8881 98.9118 98.9319 9.28736 9.38736
W-2_RB2out_S12_Middle 98.0093 98.0369 98.06 98.0794 98.0956 9.23016 9.33016
W-2_RB2out_S12_Forward 98.1539 98.1964 98.2333 98.2653 98.2931 9.31968 9.41968
W-1_RB2out_S12_Backward 106.763 106.845 106.92 106.989 107.051 9.9344 10.0344
W-1_RB2out_S12_Forward 98.8634 98.9189 98.9681 99.0117 99.0503 9.62706 9.72706
W+0_RB2out_S12_Backward 98.8257 98.8725 98.9132 98.9486 98.9794 9.40598 9.50598
W+0_RB2out_S12_Forward 97.795 97.8297 97.8594 97.8847 97.9063 9.38015 9.48015
W+1_RB2out_S12_Backward 97.8134 97.8356 97.8538 97.8689 97.8814 9.23555 9.33555
W+1_RB2out_S12_Forward 96.4432 96.4718 96.4958 96.5159 96.5329 9.2682 9.3682
W+2_RB2out_S12_Backward 98.6787 98.7067 98.7301 98.7497 98.7661 9.26679 9.36679
W+2_RB2out_S12_Middle 98.3721 98.4023 98.4277 98.4491 98.4672 9.27765 9.37765
W+2_RB2out_S12_Forward 98.5345 98.592 98.643 98.6883 98.7286 9.60112 9.70112
W-2_RB3-_S01_Backward 98.8133 98.8269 98.8378 98.8464 98.8533 9.08718 9.18718
W-2_RB3-_S01_Forward 98.3739 98.4042 98.4298 98.4514 98.4696 9.19821 9.29821
W-1_RB3-_S01_Backward 99.3718 99.3873 99.3998 99.4099 99.418 9.18626 9.28626
W-1_RB3-_S01_Forward 98.716 98.7399 98.7597 98.776 98.7895 9.2346 9.3346
W+0_RB3-_S01_Backward 99.0615 99.0921 99.118 99.1397 99.1581 9.24725 9.34725
W+0_RB3-_S01_Forward 99.0962 99.1081 99.1175 99.1249 99.1308 9.12644 9.22644
W+1_RB3-_S01_Backward 98.9376 98.9659 98.9896 99.0094 99.026 9.31107 9.41107
W+1_RB3-_S01_Forward 98.8107 98.8367 98.8584 98.8765 98.8916 9.28274 9.38274
W+2_RB3-_S01_Backward 99.205 99.2251 99.2415 99.2549 99.2659 9.14356 9.24356
W+2_RB3-_S01_Forward 98.9051 98.9224 98.9364 98.9478 98.957 9.1158 9.2158
W-2_RB3-_S02_Backward 99.2311 99.2565 99.2775 99.2951 99.3098 9.2722 9.3722
W-2_RB3-_S02_Forward 99.5521 99.5766 99.597 99.6139 99.6279 9.364 9.464
W-1_RB3-_S02_Backward 98.9468 98.969 98.9873 99.0024 99.0149 9.26321 9.36321
W-1_RB3-_S02_Forward 98.8323 98.8651 98.8927 98.9161 98.9359 9.2889 9.3889
W+0_RB3-_S02_Backward 99.0289 99.0534 99.0738 99.0907 99.1047 9.17524 9.27524
W+0_RB3-_S02_Forward 100.134 100.205 100.27 100.327 100.38 9.67402 9.77402
W+1_RB3-_S02_Backward 98.8717 98.902 98.9274 98.9487 98.9667 9.33593 9.43593
W+1_RB3-_S02_Forward 98.9647 98.9995 99.029 99.0541 99.0754 9.35609 9.45609
W+2_RB3-_S02_Backward 99.275 99.3115 99.3426 99.3692 99.3918 9.33056 9.43056
W+2_RB3-_S02_Forward 99.022 99.0653 99.1029 99.1356 99.1639 9.41702 9.51702
W-2_RB3-_S03_Backward 98.8187 98.8436 98.8644 98.8818 98.8962 9.19406 9.29406
W-2_RB3-_S03_Forward 98.9006 98.9238 98.9429 98.9587 98.9717 9.127 9.227
W-1_RB3-_S03_Backward 99.2784 99.3 99.3177 99.3323 99.3442 9.17244 9.27244
W-1_RB3-_S03_Forward 99.2499 99.2829 99.3108 99.3343 99.3543 9.17976 9.27976
W+0_RB3-_S03_Backward 98.9086 98.9274 98.9428 98.9553 98.9654 9.20155 9.30155
W+0_RB3-_S03_Forward 66.6635 66.7 66.7323 66.7608 66.786 9.63784 9.73784
W+1_RB3-_S03_Backward 98.8325 98.86 98.883 98.9023 98.9184 9.26898 9.36898
W+1_RB3-_S03_Forward 98.4815 98.5071 98.5285 98.5464 98.5613 9.31362 9.41362
W+2_RB3-_S03_Backward 98.5206 98.5377 98.5515 98.5628 98.5718 9.20504 9.30504
W+2_RB3-_S03_Forward 99.0314 99.066 99.0955 99.1207 99.1422 9.32086 9.42086
W-2_RB3-_S04_Backward 98.8768 98.8992 98.9178 98.9332 98.946 9.19229 9.29229
W-2_RB3-_S04_Forward 98.2415 98.2732 98.3 98.3228 98.3421 9.2269 9.3269
W-1_RB3-_S04_Backward 98.6093 98.6414 98.6686 98.6915 98.7109 9.25502 9.35502
W-1_RB3-_S04_Forward 98.1601 98.1936 98.2222 98.2465 98.2672 9.21929 9.31929
W+0_RB3-_S04_Backward 98.9114 98.9344 98.9536 98.9694 98.9825 9.18226 9.28226
W+0_RB3-_S04_Forward 98.0994 98.1302 98.1563 98.1783 98.197 9.3074 9.4074
W+1_RB3-_S04_Backward 99.0654 99.084 99.0991 99.1115 99.1215 9.27352 9.37352
W+1_RB3-_S04_Forward 98.2762 98.3003 98.3203 98.337 98.3509 9.27898 9.37898
W+2_RB3-_S04_Backward 97.3473 97.3897 97.4265 97.4585 97.4862 9.49842 9.59842
W+2_RB3-_S04_Forward 98.9877 99.013 99.0341 99.0516 99.0663 9.18905 9.28905
W-2_RB3-_S05_Backward 97.746 97.7869 97.8223 97.8529 97.8793 9.41883 9.51883
W-2_RB3-_S05_Forward 97.5498 97.5816 97.6086 97.6314 97.6508 9.34861 9.44861
W-1_RB3-_S05_Backward 98.464 98.4979 98.5266 98.5509 98.5716 9.29192 9.39192
W-1_RB3-_S05_Forward 99.1264 99.155 99.1791 99.1993 99.2164 9.27607 9.37607
W+1_RB3-_S05_Backward 99.4941 99.5268 99.5544 99.5778 99.5975 9.33079 9.43079
W+1_RB3-_S05_Forward 98.6449 98.6723 98.6952 98.7145 98.7306 9.25385 9.35385
W+2_RB3-_S05_Backward 99.2209 99.2492 99.273 99.2929 99.3096 9.29606 9.39606
W+2_RB3-_S05_Forward 98.9037 98.9457 98.982 99.0134 99.0406 9.21847 9.31847
W-2_RB3-_S06_Backward 98.3095 98.3323 98.3513 98.367 98.38 9.21445 9.31445
W-2_RB3-_S06_Forward 98.7522 98.7701 98.7846 98.7965 98.8061 9.12765 9.22765
W-1_RB3-_S06_Backward 97.6884 97.7182 97.7433 97.7643 97.7821 9.34993 9.44993
W-1_RB3-_S06_Forward 99.1245 99.1362 99.1454 99.1527 99.1585 9.11209 9.21209
W+0_RB3-_S06_Backward 98.6101 98.6388 98.6628 98.683 98.6999 9.26303 9.36303
W+0_RB3-_S06_Forward 98.4478 98.4689 98.4863 98.5006 98.5124 9.23173 9.33173
W+1_RB3-_S06_Backward 99.784 99.8219 99.8544 99.8823 99.9062 9.36555 9.46555
W+1_RB3-_S06_Forward 99.0712 99.1111 99.1455 99.175 99.2003 9.41273 9.51273
W-2_RB3-_S07_Backward 98.6266 98.6531 98.6752 98.6938 98.7094 9.28891 9.38891
W-2_RB3-_S07_Forward 98.5002 98.5384 98.5711 98.5992 98.6231 9.30853 9.40853
W-1_RB3-_S07_Backward 99.329 99.356 99.3786 99.3976 99.4134 9.23191 9.33191
W-1_RB3-_S07_Forward 99.0672 99.1012 99.13 99.1546 99.1755 9.2364 9.3364
W+0_RB3-_S07_Backward 99.1165 99.1463 99.1713 99.1924 99.21 9.34158 9.44158
W+0_RB3-_S07_Forward 98.0151 98.0464 98.0729 98.0952 98.1141 9.40361 9.50361
W+1_RB3-_S07_Backward 99.1546 99.1938 99.2273 99.256 99.2806 9.28033 9.38033
W+1_RB3-_S07_Forward 98.4282 98.4531 98.4738 98.4909 98.5052 9.16714 9.26714
W+2_RB3-_S07_Backward 99.1775 99.2071 99.2321 99.2531 99.2708 9.28834 9.38834
W+2_RB3-_S07_Forward 99.3583 99.3955 99.4273 99.4546 99.478 9.36939 9.46939
W-2_RB3-_S08_Backward 98.8174 98.8545 98.8863 98.9136 98.9371 9.33249 9.43249
W-2_RB3-_S08_Forward 98.6324 98.6623 98.6873 98.7084 98.7261 9.21132 9.31132
W-1_RB3-_S08_Backward 99.6417 99.6751 99.7033 99.7273 99.7476 9.36709 9.46709
W-1_RB3-_S08_Forward 98.2092 98.2459 98.2774 98.3044 98.3276 9.3419 9.4419
W+0_RB3-_S08_Backward 99.0393 99.0711 99.098 99.1208 99.14 9.19023 9.29023
W+0_RB3-_S08_Forward 98.5758 98.605 98.6297 98.6504 98.6679 9.21034 9.31034
W+1_RB3-_S08_Backward 99.108 99.1361 99.1596 99.1792 99.1956 9.19362 9.29362
W+1_RB3-_S08_Forward 95.8632 95.9201 95.9707 96.0157 96.0557 9.54871 9.64871
W+2_RB3-_S08_Backward 99.433 99.4628 99.488 99.5092 99.5271 9.28251 9.38251
W+2_RB3-_S08_Forward 98.9249 98.9733 99.0155 99.0523 99.0844 9.43213 9.53213
W-2_RB3-_S09_Backward 99.2519 99.2853 99.3137 99.3379 99.3584 9.25968 9.35968
W-2_RB3-_S09_Forward 98.7513 98.7689 98.7832 98.7948 98.8042 9.13804 9.23804
W+0_RB3-_S09_Backward 99.4501 99.4851 99.5149 99.5404 99.5622 9.31202 9.41202
W+0_RB3-_S09_Forward 99 99.031 99.0572 99.0793 99.098 9.27017 9.37017
W+1_RB3-_S09_Backward 99.2507 99.2874 99.3187 99.3455 99.3684 9.32107 9.42107
W+1_RB3-_S09_Forward 70.0264 70.0626 70.0943 70.1221 70.1465 9.4699 9.5699
W+2_RB3-_S09_Backward 99.2506 99.2787 99.3023 99.322 99.3384 9.1778 9.2778
W+2_RB3-_S09_Forward 98.4523 98.4846 98.5119 98.535 98.5545 9.21736 9.31736
W-2_RB3-_S10_Backward 97.3989 97.4088 97.4166 97.4227 97.4274 9.41588 9.51588
W-2_RB3-_S10_Forward 93.8754 93.8754 93.8754 93.8754 93.8754 9.25133 9.35133
W-1_RB3-_S10_Backward 97.6933 97.7119 97.7271 97.7395 97.7496 9.23608 9.33608
W+0_RB3-_S10_Backward 94.8086 94.8384 94.8637 94.8849 94.9029 9.25 9.35
W+1_RB3-_S10_Backward 97.2551 97.2886 97.3172 97.3415 97.3622 9.30413 9.40413
W+1_RB3-_S10_Forward 98.9881 99.0116 99.0309 99.0469 99.0602 9.2517 9.3517
W+2_RB3-_S10_Backward 97.7894 97.8261 97.8575 97.8843 97.9073 9.26949 9.36949
W+2_RB3-_S10_Forward 98.5907 98.6146 98.6344 98.6507 98.6642 9.17181 9.27181
W-2_RB3-_S11_Backward 99.1219 99.1477 99.1691 99.187 99.2018 9.2242 9.3242
W-2_RB3-_S11_Forward 98.7577 98.7976 98.832 98.8615 98.8869 9.31516 9.41516
W-1_RB3-_S11_Backward 99.2199 99.2453 99.2664 99.284 99.2986 9.19297 9.29297
W-1_RB3-_S11_Forward 99.0059 99.0414 99.0717 99.0975 99.1195 9.2718 9.3718
W+0_RB3-_S11_Backward 99.0941 99.1185 99.1389 99.1558 99.1698 9.34883 9.44883
W+0_RB3-_S11_Forward 70.6061 70.6474 70.6841 70.7167 70.7455 9.62482 9.72482
W+1_RB3-_S11_Backward 97.554 97.5974 97.635 97.6676 97.6958 9.46695 9.56695
W+1_RB3-_S11_Forward 96.9782 97.0124 97.0416 97.0665 97.0878 9.36939 9.46939
W+2_RB3-_S11_Backward 99.3617 99.3787 99.3926 99.4038 99.4129 9.10125 9.20125
W+2_RB3-_S11_Forward 98.4863 98.4959 98.5034 98.5093 98.5139 9.08043 9.18043
W-2_RB3-_S12_Backward 99.3059 99.3288 99.3478 99.3636 99.3766 9.24984 9.34984
W-2_RB3-_S12_Forward 98.5758 98.6021 98.6242 98.6426 98.658 9.1916 9.2916
W-1_RB3-_S12_Backward 99.1968 99.2219 99.2428 99.2601 99.2745 9.27755 9.37755
W-1_RB3-_S12_Forward 99.3604 99.3847 99.405 99.4219 99.436 9.22079 9.32079
W+0_RB3-_S12_Backward 98.4913 98.5246 98.5529 98.5769 98.5972 9.31136 9.41136
W+0_RB3-_S12_Forward 99.2147 99.2537 99.2872 99.316 99.3407 9.31388 9.41388
W+1_RB3-_S12_Backward 98.9609 99.0014 99.0363 99.0663 99.0921 9.36183 9.46183
W+1_RB3-_S12_Forward 99.0886 99.1295 99.1648 99.1952 99.2215 9.28419 9.38419
W-2_RB3+_S01_Backward 99.0969 99.1196 99.1384 99.1539 99.1668 9.1785 9.2785
W-2_RB3+_S01_Forward 97.616 97.6366 97.6534 97.6673 97.6786 9.12535 9.22535
W-1_RB3+_S01_Backward 99.3448 99.3621 99.3762 99.3875 99.3967 9.14377 9.24377
W-1_RB3+_S01_Forward 97.8697 97.9047 97.9345 97.9601 97.9819 9.25835 9.35835
W+0_RB3+_S01_Backward 98.8814 98.9124 98.9386 98.9607 98.9794 9.19934 9.29934
W+0_RB3+_S01_Forward 98.7653 98.7783 98.7886 98.7968 98.8034 9.01096 9.11096
W+1_RB3+_S01_Backward 99.1199 99.1334 99.1441 99.1526 99.1595 9.24642 9.34642
W+1_RB3+_S01_Forward 98.5423 98.5587 98.5721 98.5829 98.5916 9.2329 9.3329
W+2_RB3+_S01_Backward 96.6244 96.6613 96.6931 96.7203 96.7436 9.28631 9.38631
W+2_RB3+_S01_Forward 98.0687 98.0915 98.1103 98.1258 98.1386 9.13737 9.23737
W-2_RB3+_S02_Backward 97.4433 97.481 97.5132 97.5408 97.5645 9.28924 9.38924
W-2_RB3+_S02_Forward 99.029 99.0561 99.0788 99.0978 99.1137 9.2805 9.3805
W-1_RB3+_S02_Backward 99.1758 99.1969 99.2143 99.2286 99.2404 9.20201 9.30201
W-1_RB3+_S02_Forward 99.0778 99.1105 99.1383 99.1619 99.182 9.27584 9.37584
W+0_RB3+_S02_Backward 99.2532 99.3232 99.3863 99.4433 99.4947 9.48478 9.58478
W+0_RB3+_S02_Forward 98.5568 98.5774 98.5944 98.6083 98.6198 9.1742 9.2742
W+1_RB3+_S02_Backward 99.1578 99.1963 99.2294 99.2579 99.2823 9.43811 9.53811
W+1_RB3+_S02_Forward 118.667 118.765 118.855 118.937 119.013 10.1022 10.2022
W+2_RB3+_S02_Backward 99.4345 99.4638 99.4885 99.5092 99.5267 9.33111 9.43111
W+2_RB3+_S02_Forward 99.002 99.0239 99.042 99.0567 99.0689 9.21855 9.31855
W-2_RB3+_S03_Backward 99.2921 99.3133 99.3307 99.345 99.3567 9.16473 9.26473
W-2_RB3+_S03_Forward 98.5487 98.5772 98.6011 98.6212 98.6381 9.17797 9.27797
W-1_RB3+_S03_Backward 99.0495 99.0719 99.0904 99.1056 99.1182 9.17207 9.27207
W-1_RB3+_S03_Forward 99.029 99.0608 99.0877 99.1104 99.1295 9.16425 9.26425
W+0_RB3+_S03_Backward 98.8735 98.8884 98.9003 98.91 98.9178 9.09156 9.19156
W+0_RB3+_S03_Forward 99.1563 99.1751 99.1905 99.203 99.2132 9.09228 9.19228
W+1_RB3+_S03_Backward 98.9557 98.9785 98.9973 99.0129 99.0257 9.22115 9.32115
W+1_RB3+_S03_Forward 98.1369 98.1757 98.209 98.2376 98.2622 9.33557 9.43557
W+2_RB3+_S03_Backward 90.0964 90.1049 90.1115 90.1166 90.1206 9.39993 9.49993
W+2_RB3+_S03_Forward 96.6897 96.6922 96.694 96.6953 96.6962 9.34503 9.44503
W-2_RB3+_S04_Backward 97.3904 97.4343 97.4724 97.5054 97.534 9.44269 9.54269
W-2_RB3+_S04_Forward 97.23 97.2502 97.2668 97.2804 97.2916 9.33298 9.43298
W-1_RB3+_S04_Backward 98.8277 98.8729 98.9122 98.9463 98.9759 9.31964 9.41964
W-1_RB3+_S04_Forward 98.6717 98.7091 98.7411 98.7685 98.7919 9.313 9.413
W+0_RB3+_S04_Backward 94.8617 94.9088 94.95 94.9859 95.0172 9.58973 9.68973
W+0_RB3+_S04_Forward 94.6717 94.7428 94.8072 94.8657 94.9188 9.76442 9.86442
W+1_RB3+_S04_Backward 99.3545 99.3744 99.3907 99.404 99.4148 9.28967 9.38967
W+1_RB3+_S04_Forward 98.76 98.7969 98.8285 98.8557 98.8789 9.32864 9.42864
W+2_RB3+_S04_Backward 98.5755 98.6033 98.6267 98.6463 98.6627 9.23213 9.33213
W+2_RB3+_S04_Forward 99.0755 99.1018 99.1237 99.1419 99.157 9.19142 9.29142
W-2_RB3+_S05_Backward 98.6251 98.6556 98.6814 98.7031 98.7214 9.21392 9.31392
W-2_RB3+_S05_Forward 98.8103 98.84 98.865 98.8861 98.9039 9.19927 9.29927
W-1_RB3+_S05_Backward 3.7827e-38 3.20621e-40 2.71757e-42 2.30341e-44 1.95236e-46 9.68195 9.78195
W-1_RB3+_S05_Forward 96.8366 96.8835 96.9247 96.9607 96.9922 9.35177 9.45177
W+1_RB3+_S05_Backward 99.3393 99.3804 99.4159 99.4466 99.4731 9.34798 9.44798
W+1_RB3+_S05_Forward 99.165 99.1945 99.2193 99.2402 99.2579 9.21352 9.31352
W+2_RB3+_S05_Backward 99.54 99.5751 99.605 99.6306 99.6525 9.31512 9.41512
W+2_RB3+_S05_Forward 98.3018 98.338 98.3691 98.3958 98.4186 9.26783 9.36783
W-2_RB3+_S06_Backward 99.2936 99.3213 99.3445 99.364 99.3803 9.25715 9.35715
W-2_RB3+_S06_Forward 99.2848 99.3084 99.328 99.3442 99.3577 9.16759 9.26759
W-1_RB3+_S06_Backward 99.1792 99.2035 99.2235 99.2401 99.2538 9.16154 9.26154
W-1_RB3+_S06_Forward 98.9027 98.9253 98.9439 98.9593 98.9719 9.21498 9.31498
W+0_RB3+_S06_Backward 98.8505 98.8665 98.8795 98.8898 98.8982 9.17078 9.27078
W+0_RB3+_S06_Forward 99.627 99.6483 99.6658 99.6802 99.6921 9.23346 9.33346
W+1_RB3+_S06_Backward 99.0786 99.1072 99.1313 99.1515 99.1686 9.33942 9.43942
W+1_RB3+_S06_Forward 99.3354 99.3768 99.4125 99.4433 99.4698 9.39124 9.49124
W+2_RB3+_S06_Backward 99.0366 99.0658 99.0904 99.111 99.1283 9.2597 9.3597
W+2_RB3+_S06_Forward 98.1386 98.1594 98.1765 98.1905 98.202 9.20005 9.30005
W-2_RB3+_S07_Backward 98.3582 98.4198 98.4748 98.5239 98.5677 9.63944 9.73944
W-2_RB3+_S07_Forward 98.7148 98.7648 98.8087 98.8472 98.881 9.54303 9.64303
W-1_RB3+_S07_Backward 99.2989 99.3269 99.3503 99.3699 99.3863 9.23871 9.33871
W-1_RB3+_S07_Forward 99.5715 99.5975 99.6192 99.6373 99.6524 9.25103 9.35103
W+0_RB3+_S07_Backward 98.8001 98.8167 98.8301 98.8409 98.8497 9.2859 9.3859
W+0_RB3+_S07_Forward 99.3568 99.3752 99.3901 99.4023 99.4122 9.26409 9.36409
W+1_RB3+_S07_Backward 98.719 98.768 98.811 98.8486 98.8815 9.40102 9.50102
W+1_RB3+_S07_Forward 99.0747 99.1158 99.1512 99.1817 99.2081 9.32524 9.42524
W+2_RB3+_S07_Backward 99.2971 99.3179 99.335 99.3491 99.3607 9.33299 9.43299
W+2_RB3+_S07_Forward 99.6249 99.6472 99.6655 99.6807 99.6932 9.27735 9.37735
W-2_RB3+_S08_Backward 98.8403 98.8698 98.8947 98.9155 98.9331 9.24523 9.34523
W-2_RB3+_S08_Forward 98.7767 98.7963 98.8123 98.8253 98.836 9.14957 9.24957
W-1_RB3+_S08_Backward 96.847 96.8982 96.9431 96.9825 97.0171 9.5915 9.6915
W-1_RB3+_S08_Forward 98.5703 98.6066 98.6376 98.664 98.6866 9.32666 9.42666
W+0_RB3+_S08_Backward 96.2532 96.2812 96.3047 96.3246 96.3412 9.35157 9.45157
W+0_RB3+_S08_Forward 96.5441 96.5753 96.6017 96.624 96.643 9.35836 9.45836
W+1_RB3+_S08_Backward 99.0072 99.0408 99.0693 99.0935 99.114 9.27692 9.37692
W+1_RB3+_S08_Forward 99.0512 99.0806 99.1052 99.1259 99.1433 9.27199 9.37199
W+2_RB3+_S08_Backward 98.9296 98.9686 99.002 99.0305 99.055 9.29716 9.39716
W+2_RB3+_S08_Forward 98.4892 98.5212 98.5484 98.5714 98.5909 9.19727 9.29727
W-2_RB3+_S09_Backward 97.2683 97.311 97.3479 97.3799 97.4076 9.59758 9.69758
W-2_RB3+_S09_Forward 93.8355 93.8748 93.9087 93.938 93.9633 9.48232 9.58232
W-1_RB3+_S09_Backward 99.1832 99.2137 99.2395 99.2613 99.2798 9.2967 9.3967
W-1_RB3+_S09_Forward 99.269 99.3062 99.338 99.3652 99.3883 9.29951 9.39951
W+0_RB3+_S09_Backward 99.2518 99.2819 99.3073 99.3287 99.3467 9.29345 9.39345
W+0_RB3+_S09_Forward 99.2051 99.2338 99.2578 99.2778 99.2946 9.24215 9.34215
W+1_RB3+_S09_Backward 87.2117 87.248 87.2792 87.3062 87.3295 9.36987 9.46987
W+1_RB3+_S09_Forward 98.6613 98.6962 98.7259 98.7512 98.7728 9.30289 9.40289
W+2_RB3+_S09_Backward 99.4496 99.4738 99.4939 99.5105 99.5244 9.21033 9.31033
W+2_RB3+_S09_Forward 99.4873 99.5163 99.5407 99.5611 99.5783 9.14414 9.24414
W-2_RB3+_S10_Backward 99.1785 99.2028 99.2229 99.2397 99.2537 9.24986 9.34986
W-2_RB3+_S10_Forward 99.4112 99.4405 99.465 99.4856 99.5029 9.23496 9.33496
W-1_RB3+_S10_Backward 97.3598 97.3744 97.3862 97.3957 97.4033 9.20033 9.30033
W+0_RB3+_S10_Backward 99.1433 99.18 99.2114 99.2381 99.261 9.31634 9.41634
W+0_RB3+_S10_Forward 98.3267 98.3675 98.4028 98.4333 98.4596 9.3342 9.4342
W+1_RB3+_S10_Backward 99.0277 99.059 99.0854 99.1077 99.1265 9.31575 9.41575
W+1_RB3+_S10_Forward 98.3487 98.3806 98.4075 98.4303 98.4495 9.28587 9.38587
W+2_RB3+_S10_Backward 98.5294 98.5579 98.5819 98.6021 98.6191 9.21249 9.31249
W+2_RB3+_S10_Forward 98.8941 98.9138 98.93 98.9431 98.9539 9.11642 9.21642
W-2_RB3+_S11_Backward 99.1267 99.1598 99.1878 99.2115 99.2317 9.29339 9.39339
W-2_RB3+_S11_Forward 99.1754 99.2144 99.2481 99.277 99.3019 9.31481 9.41481
W-1_RB3+_S11_Backward 95.2886 95.3109 95.3293 95.3445 95.3571 9.26843 9.36843
W-1_RB3+_S11_Forward 95.6134 95.6368 95.6563 95.6724 95.6858 9.2518 9.3518
W+0_RB3+_S11_Backward 99.4436 99.4814 99.5138 99.5415 99.5652 9.34978 9.44978
W+0_RB3+_S11_Forward 98.4565 98.4889 98.5162 98.5394 98.5589 9.3711 9.4711
W+1_RB3+_S11_Backward 99.0067 99.0358 99.0602 99.0808 99.0982 9.24489 9.34489
W+1_RB3+_S11_Forward 99.1837 99.2225 99.2558 99.2842 99.3086 9.3043 9.4043
W+2_RB3+_S11_Backward 99.3772 99.4156 99.4486 99.4768 99.5009 9.33429 9.43429
W+2_RB3+_S11_Forward 98.7359 98.7656 98.7905 98.8115 98.8291 9.2208 9.3208
W-2_RB3+_S12_Backward 99.4548 99.4775 99.4963 99.5118 99.5246 9.18131 9.28131
W-2_RB3+_S12_Forward 98.931 98.9489 98.9635 98.9753 98.985 9.14689 9.24689
W-1_RB3+_S12_Backward 99.1124 99.1334 99.1508 99.1651 99.1768 9.27672 9.37672
W-1_RB3+_S12_Forward 99.0544 99.0712 99.0848 99.0958 99.1046 9.19598 9.29598
W+0_RB3+_S12_Backward 99.1589 99.1882 99.2127 99.2333 99.2506 9.26666 9.36666
W+0_RB3+_S12_Forward 98.9939 99.0171 99.0362 99.052 99.065 9.19183 9.29183
W+1_RB3+_S12_Backward 98.2331 98.2642 98.2905 98.3127 98.3314 9.34713 9.44713
W+1_RB3+_S12_Forward 98.6059 98.6546 98.6972 98.7346 98.7674 9.44162 9.54162
W+2_RB3+_S12_Backward 99.37 99.3882 99.403 99.415 99.4248 9.13511 9.23511
W+2_RB3+_S12_Forward 98.6927 98.7255 98.7532 98.7768 98.7967 9.20249 9.30249
W-2_RB4-_S01_Backward 95.0708 95.0708 95.0708 95.0708 95.0708 8.84807 8.94807
W-2_RB4-_S01_Forward 100.003 100.003 100.003 100.003 100.003 9.04 9.14
W-1_RB4-_S01_Backward 99.1285 99.1518 99.1711 99.187 99.2001 9.25538 9.35538
W-1_RB4-_S01_Forward 99.4761 99.5087 99.5363 99.5598 99.5797 9.41934 9.51934
W+0_RB4-_S01_Backward 99.2529 99.2787 99.3003 99.3182 99.3332 9.25089 9.35089
W+0_RB4-_S01_Forward 98.2967 98.3406 98.3787 98.4119 98.4407 9.35607 9.45607
W+1_RB4-_S01_Backward 99.9546 99.9876 100.016 100.039 100.06 9.45457 9.55457
W-2_RB4-_S02_Backward 92.2696 92.2817 92.2913 92.299 92.3051 9.36165 9.46165
W-2_RB4-_S02_Forward 97.9862 97.9862 97.9862 97.9862 97.9862 9.12036 9.22036
W-1_RB4-_S02_Backward 86.0935 86.1024 86.1093 86.1148 86.1191 9.54041 9.64041
W+0_RB4-_S02_Backward 99.3461 99.3912 99.4303 99.4642 99.4937 9.35113 9.45113
W+0_RB4-_S02_Forward 95.2716 95.2919 95.3085 95.3222 95.3334 9.24921 9.34921
W+1_RB4-_S02_Backward 98.7534 98.8129 98.8657 98.9125 98.9541 9.73307 9.83307
W+1_RB4-_S02_Forward 97.5917 97.6467 97.6952 97.738 97.7758 9.61622 9.71622
W-2_RB4-_S03_Backward 99.333 99.3496 99.363 99.3738 99.3826 9.21937 9.31937
W-1_RB4-_S03_Backward 98.9659 98.9837 98.9982 99.01 99.0195 9.15156 9.25156
W-1_RB4-_S03_Forward 98.102 98.1328 98.1589 98.181 98.1996 9.2663 9.3663
W+0_RB4-_S03_Backward 95.2952 95.3225 95.3455 95.3648 95.3811 9.27183 9.37183
W+0_RB4-_S03_Forward 92.41 92.4413 92.4678 92.4903 92.5094 9.30374 9.40374
W+1_RB4-_S03_Backward 99.884 99.9271 99.9643 99.9965 100.024 9.35593 9.45593
W+1_RB4-_S03_Forward 99.2685 99.3121 99.3499 99.3825 99.4108 9.39851 9.49851
W-2_RB4--_S04_Backward 93.9948 94.0064 94.0156 94.0229 94.0286 9.05333 9.15333
W-2_RB4--_S04_Forward 99.1814 99.2197 99.2526 99.2809 99.3051 9.21499 9.31499
W-1_RB4--_S04_Backward 96.363 96.397 96.426 96.4506 96.4717 9.17874 9.27874
W-1_RB4--_S04_Forward 98.659 98.6977 98.7309 98.7594 98.7839 9.2213 9.3213
W+0_RB4--_S04_Backward 99.5163 99.5474 99.5737 99.596 99.6148 9.23467 9.33467
W+0_RB4--_S04_Forward 98.4589 98.4883 98.513 98.5338 98.5513 9.2143 9.3143
W+1_RB4--_S04_Backward 95.1976 95.223 95.2443 95.2621 95.277 9.34206 9.44206
W+1_RB4--_S04_Forward 97.789 97.8379 97.8808 97.9184 97.9513 9.50998 9.60998
W+2_RB4--_S04_Backward 96.368 96.368 96.368 96.368 96.368 9.2202 9.3202
W+2_RB4--_S04_Forward 98.7429 98.7778 98.8074 98.8326 98.8539 9.21017 9.31017
W-2_RB4-_S05_Backward 98.0411 98.0692 98.0928 98.1125 98.1289 9.2375 9.3375
W-2_RB4-_S05_Forward 99.2153 99.2624 99.3034 99.3391 99.37 9.36281 9.46281
W-1_RB4-_S05_Backward 98.7904 98.8121 98.8299 98.8445 98.8565 9.22038 9.32038
W-1_RB4-_S05_Forward 99.0645 99.1027 99.1355 99.1635 99.1875 9.27231 9.37231
W+0_RB4-_S05_Backward 95.3877 95.418 95.4435 95.4651 95.4833 9.3025 9.4025
W+0_RB4-_S05_Forward 98.3559 98.3819 98.4036 98.4216 98.4366 9.29683 9.39683
W+1_RB4-_S05_Backward 99.0961 99.1183 99.1366 99.1516 99.1641 9.26579 9.36579
W+1_RB4-_S05_Forward 97.0308 97.0544 97.0739 97.0902 97.1036 9.23704 9.33704
W+2_RB4-_S05_Backward 98.8736 98.9008 98.9235 98.9425 98.9585 9.26061 9.36061
W+2_RB4-_S05_Forward 99.3839 99.4252 99.4608 99.4914 99.5178 9.27593 9.37593
W-2_RB4-_S06_Backward 99.2774 99.302 99.3225 99.3395 99.3537 9.30725 9.40725
W-2_RB4-_S06_Forward 98.7416 98.7973 98.8466 98.8903 98.929 9.55967 9.65967
W+0_RB4-_S06_Backward 99.4225 99.4489 99.471 99.4894 99.5049 9.2932 9.3932
W+0_RB4-_S06_Forward 98.1025 98.1352 98.163 98.1866 98.2065 9.27927 9.37927
W+1_RB4-_S06_Backward 98.5303 98.5671 98.5986 98.6256 98.6486 9.41282 9.51282
W+1_RB4-_S06_Forward 99.9943 100.048 100.096 100.138 100.174 9.43812 9.53812
W+2_RB4-_S06_Backward 98.0344 98.054 98.07 98.0831 98.0939 9.2458 9.3458
W+2_RB4-_S06_Forward 99.8263 99.8915 99.9499 100.002 100.049 9.43566 9.53566
W-2_RB4-_S07_Backward 98.156 98.1674 98.1764 98.1836 98.1892 9.2995 9.3995
W-1_RB4-_S07_Backward 98.7401 98.7812 98.8167 98.8475 98.874 9.2992 9.3992
W-1_RB4-_S07_Forward 99.3431 99.3694 99.3914 99.4097 99.425 9.28036 9.38036
W+0_RB4-_S07_Backward 98.1486 98.1887 98.2234 98.2534 98.2792 9.45887 9.55887
W+0_RB4-_S07_Forward 73.4074 73.4239 73.4376 73.4489 73.4582 9.33799 9.43799
W+1_RB4-_S07_Backward 98.9493 98.9792 99.0044 99.0257 99.0436 9.30407 9.40407
W+1_RB4-_S07_Forward 99.5157 99.573 99.6237 99.6686 99.7083 9.32949 9.42949
W-2_RB4-_S08_Backward 99.7784 99.8418 99.8983 99.9486 99.9936 9.53406 9.63406
W-2_RB4-_S08_Forward 100.141 100.199 100.25 100.296 100.336 9.48099 9.58099
W-1_RB4-_S08_Backward 98.5379 98.5647 98.5872 98.606 98.6217 9.30533 9.40533
W-1_RB4-_S08_Forward 99.4962 99.537 99.5721 99.6023 99.6283 9.37951 9.47951
W+0_RB4-_S08_Backward 100.012 100.063 100.107 100.146 100.18 9.4359 9.5359
W+0_RB4-_S08_Forward 96.016 96.0696 96.1169 96.1587 96.1955 9.44973 9.54973
W+1_RB4-_S08_Backward 99.411 99.4432 99.4704 99.4935 99.5131 9.31871 9.41871
W+1_RB4-_S08_Forward 98.1507 98.2006 98.2443 98.2824 98.3159 9.37343 9.47343
W+2_RB4-_S08_Backward 98.1808 98.2238 98.261 98.2933 98.3214 9.26193 9.36193
W+2_RB4-_S08_Forward 101.774 101.829 101.877 101.92 101.958 9.44626 9.54626
W-2_RB4_S09_Backward 98.204 98.2322 98.2559 98.2758 98.2925 9.29096 9.39096
W-2_RB4_S09_Forward 99.824 99.8673 99.9048 99.9372 99.9652 9.46187 9.56187
W-1_RB4_S09_Backward 96.6661 96.7095 96.7472 96.78 96.8084 9.51059 9.61059
W-1_RB4_S09_Forward 101.464 101.528 101.584 101.635 101.68 9.63754 9.73754
W+0_RB4_S09_Backward 96.523 96.5666 96.6045 96.6374 96.6659 9.41071 9.51071
W+0_RB4_S09_Forward 99.3076 99.3524 99.3912 99.425 99.4542 9.37305 9.47305
W+1_RB4_S09_Backward 99.2385 99.2869 99.3292 99.3661 99.3984 9.42133 9.52133
W+1_RB4_S09_Forward 99.2542 99.289 99.3186 99.3436 99.3649 9.31549 9.41549
W+2_RB4_S09_Backward 97.546 97.5617 97.5742 97.5843 97.5924 9.23784 9.33784
W+2_RB4_S09_Forward 99.5991 99.6438 99.6824 99.7159 99.745 9.39013 9.49013
W-2_RB4-_S10_Backward 98.8704 98.8931 98.9118 98.9274 98.9402 9.35816 9.45816
W-2_RB4-_S10_Forward 99.2559 99.3018 99.3417 99.3764 99.4067 9.39605 9.49605
W-1_RB4-_S10_Backward 89.8083 89.8333 89.8542 89.8717 89.8863 9.34606 9.44606
W-1_RB4-_S10_Forward 99.9531 100.014 100.068 100.117 100.16 9.50449 9.60449
W+0_RB4-_S10_Backward 99.0766 99.1019 99.1229 99.1403 99.1548 9.29844 9.39844
W+0_RB4-_S10_Forward 98.9601 99.0007 99.0358 99.0661 99.0923 9.39633 9.49633
W+1_RB4-_S10_Backward 98.1587 98.192 98.2203 98.2444 98.2648 9.40063 9.50063
W+1_RB4-_S10_Forward 98.0581 98.1082 98.1522 98.1908 98.2246 9.50246 9.60246
W+2_RB4-_S10_Backward 96.5059 96.5392 96.5675 96.5915 96.6118 9.33257 9.43257
W+2_RB4-_S10_Forward 99.4772 99.5214 99.5597 99.5929 99.6218 9.39246 9.49246
W-2_RB4_S11_Backward 98.419 98.4306 98.4397 98.4469 98.4526 9.20824 9.30824
W-2_RB4_S11_Forward 98.8034 98.8495 98.8897 98.9246 98.9551 9.44524 9.54524
W-1_RB4_S11_Backward 99.251 99.2855 99.3149 99.34 99.3614 9.3703 9.4703
W-1_RB4_S11_Forward 95.3255 95.3664 95.4017 95.4323 95.4588 9.39038 9.49038
W+0_RB4_S11_Backward 94.1667 94.1996 94.2276 94.2514 94.2717 9.39474 9.49474
W+0_RB4_S11_Forward 99.802 99.8517 99.8951 99.9331 99.9664 9.48605 9.58605
W+1_RB4_S11_Backward 99.4645 99.4991 99.5285 99.5534 99.5746 9.3331 9.4331
W+1_RB4_S11_Forward 99.1644 99.1965 99.2237 99.2467 99.2662 9.29318 9.39318
W+2_RB4_S11_Backward 99.5169 99.5487 99.5755 99.5982 99.6173 9.28005 9.38005
W+2_RB4_S11_Forward 99.1751 99.215 99.2494 99.279 99.3045 9.38254 9.48254
W-2_RB4-_S12_Backward 97.2925 97.3025 97.3103 97.3164 97.3212 9.30308 9.40308
W-2_RB4-_S12_Forward 98.7618 98.784 98.8023 98.8175 98.83 9.291 9.391
W-1_RB4-_S12_Backward 90.7224 90.7344 90.7439 90.7515 90.7576 9.09265 9.19265
W-1_RB4-_S12_Forward 94.2315 94.242 94.2503 94.2569 94.262 9.1202 9.2202
W+0_RB4-_S12_Backward 97.9293 97.9696 98.0043 98.034 98.0597 9.50422 9.60422
W+0_RB4-_S12_Forward 94.1018 94.139 94.1709 94.1982 94.2216 9.50445 9.60445
W+1_RB4-_S12_Backward 98.2878 98.3246 98.356 98.3829 98.4058 9.33608 9.43608
W+1_RB4-_S12_Forward 97.8985 97.9266 97.9503 97.9701 97.9868 9.2468 9.3468
W+2_RB4-_S12_Backward 98.2166 98.251 98.2803 98.3051 98.3262 9.30529 9.40529
W+2_RB4-_S12_Forward 99.3277 99.3544 99.3767 99.3954 99.4109 9.26991 9.36991
W-1_RB4+_S01_Backward 98.6667 98.6895 98.7083 98.7239 98.7367 9.22651 9.32651
W-1_RB4+_S01_Forward 98.5297 98.5638 98.5929 98.6176 98.6387 9.25207 9.35207
W+0_RB4+_S01_Backward 98.6772 98.6855 98.6919 98.6969 98.7007 9.13986 9.23986
W+0_RB4+_S01_Forward 98.5526 98.5847 98.6118 98.6347 98.654 9.27957 9.37957
W+1_RB4+_S01_Backward 96.7287 96.7609 96.7882 96.8113 96.8309 9.47473 9.57473
W+1_RB4+_S01_Forward 92.8639 92.9064 92.9432 92.9752 93.0029 9.49892 9.59892
W-2_RB4+_S02_Backward 98.5416 98.5763 98.6058 98.6308 98.6521 9.34437 9.44437
W-2_RB4+_S02_Forward 103.743 103.799 103.848 103.892 103.93 9.43112 9.53112
W-1_RB4+_S02_Backward 99.244 99.271 99.2936 99.3125 99.3282 9.29137 9.39137
W-1_RB4+_S02_Forward 99.0849 99.1095 99.1299 99.1469 99.161 9.20182 9.30182
W+0_RB4+_S02_Backward 98.2796 98.3058 98.3277 98.346 98.3613 9.29209 9.39209
W+0_RB4+_S02_Forward 97.3363 97.3682 97.3951 97.4179 97.4371 9.28696 9.38696
W+1_RB4+_S02_Backward 99.0532 99.103 99.1467 99.1851 99.2188 9.45964 9.55964
W+1_RB4+_S02_Forward 98.7433 98.7697 98.7917 98.81 98.8252 9.29793 9.39793
W+2_RB4+_S02_Backward 100.478 100.545 100.604 100.658 100.706 9.61522 9.71522
W+2_RB4+_S02_Forward 98.8518 98.9055 98.9528 98.9945 99.0312 9.52488 9.62488
W-2_RB4+_S03_Backward 97.9026 97.9208 97.9356 97.9477 97.9576 9.21544 9.31544
W-2_RB4+_S03_Forward 98.89 98.9288 98.9622 98.9908 99.0153 9.30679 9.40679
W-1_RB4+_S03_Backward 99.0231 99.0476 99.068 99.085 99.0992 9.17298 9.27298
W-1_RB4+_S03_Forward 98.8851 98.9239 98.9571 98.9856 99.01 9.23464 9.33464
W+0_RB4+_S03_Backward 98.9258 98.9505 98.971 98.9882 99.0024 9.26586 9.36586
W+0_RB4+_S03_Forward 99.3194 99.3571 99.3894 99.4172 99.441 9.34368 9.44368
W+1_RB4+_S03_Backward 97.9099 97.9438 97.9727 97.9973 98.0182 9.2768 9.3768
W+1_RB4+_S03_Forward 98.6373 98.6656 98.6894 98.7094 98.7263 9.31179 9.41179
W+2_RB4+_S03_Backward 97.988 98.0387 98.0833 98.1225 98.1569 9.36529 9.46529
W+2_RB4+_S03_Forward 98.5277 98.5831 98.6321 98.6754 98.7137 9.32374 9.42374
W-2_RB4-_S04_Backward 98.8949 98.9181 98.9373 98.9532 98.9663 9.15877 9.25877
W-2_RB4-_S04_Forward 98.5525 98.6055 98.6522 98.6933 98.7295 9.38353 9.48353
W-1_RB4-_S04_Backward 99.2493 99.2696 99.2863 99.3001 99.3114 9.14501 9.24501
W-1_RB4-_S04_Forward 97.735 97.7576 97.7763 97.7917 97.8045 9.14088 9.24088
W+0_RB4-_S04_Backward 98.3341 98.3761 98.4124 98.4437 98.4707 9.32293 9.42293
W+0_RB4-_S04_Forward 98.7221 98.7466 98.767 98.784 98.7981 9.23105 9.33105
W+2_RB4-_S04_Backward 98.4365 98.4693 98.4972 98.5208 98.5408 9.25014 9.35014
W+2_RB4-_S04_Forward 99.2153 99.2673 99.313 99.3534 99.3889 9.40621 9.50621
W-1_RB4+_S05_Backward 98.269 98.2959 98.3184 98.3371 98.3528 9.20851 9.30851
W-1_RB4+_S05_Forward 98.4355 98.4711 98.5016 98.5276 98.5498 9.27785 9.37785
W+0_RB4+_S05_Backward 99.026 99.0684 99.105 99.1365 99.1638 9.34178 9.44178
W+0_RB4+_S05_Forward 98.5184 98.5448 98.5669 98.5853 98.6006 9.31753 9.41753
W+1_RB4+_S05_Backward 98.9546 98.9692 98.9809 98.9903 98.9979 9.27534 9.37534
W+1_RB4+_S05_Forward 99.1044 99.1453 99.1806 99.211 99.2374 9.32316 9.42316
W+2_RB4+_S05_Backward 98.928 98.9676 99.0017 99.0309 99.0561 9.24144 9.34144
W+2_RB4+_S05_Forward 98.7699 98.8138 98.8519 98.885 98.9137 9.32546 9.42546
W-1_RB4+_S06_Backward 98.8041 98.8159 98.8252 98.8326 98.8385 9.24636 9.34636
W-1_RB4+_S06_Forward 99.172 99.2183 99.2587 99.2939 99.3247 9.39105 9.49105
W+0_RB4+_S06_Backward 98.5093 98.5346 98.5557 98.5732 98.5879 9.26385 9.36385
W+0_RB4+_S06_Forward 98.9109 98.9537 98.9908 99.0229 99.0508 9.39392 9.49392
W+1_RB4+_S06_Backward 99.2883 99.3338 99.3732 99.4073 99.4369 9.45228 9.55228
W+1_RB4+_S06_Forward 101.807 101.868 101.923 101.972 102.016 9.61547 9.71547
W-2_RB4+_S07_Backward 96.2242 96.2258 96.2269 96.2277 96.2282 9.10359 9.20359
W-2_RB4+_S07_Forward 98.7051 98.7112 98.7159 98.7194 98.722 9.21078 9.31078
W-1_RB4+_S07_Backward 98.108 98.1414 98.1697 98.1938 98.2142 9.21978 9.31978
W-1_RB4+_S07_Forward 98.9455 98.9702 98.9908 99.008 99.0223 9.1792 9.2792
W+0_RB4+_S07_Backward 97.1465 97.1667 97.1832 97.1968 97.2079 9.13107 9.23107
W+0_RB4+_S07_Forward 98.5097 98.5226 98.5329 98.5412 98.5477 9.13624 9.23624
W+1_RB4+_S07_Backward 99.7357 99.7573 99.7751 99.7898 99.8019 9.22411 9.32411
W+1_RB4+_S07_Forward 99.1737 99.2066 99.2345 99.258 99.2779 9.15704 9.25704
W+2_RB4+_S07_Backward 96.2867 96.326 96.3598 96.3889 96.4138 9.37392 9.47392
W+2_RB4+_S07_Forward 100.001 100.001 100.001 100.001 100.001 9.27207 9.37207
W-2_RB4+_S08_Backward 92.2931 92.3242 92.3506 92.3729 92.3919 9.29152 9.39152
W-2_RB4+_S08_Forward 94.6954 94.7344 94.7681 94.7971 94.8221 9.34873 9.44873
W-1_RB4+_S08_Backward 97.2987 97.3125 97.3235 97.3322 97.3392 9.08289 9.18289
W-1_RB4+_S08_Forward 97.7431 97.7734 97.7989 97.8204 97.8385 9.18554 9.28554
W+0_RB4+_S08_Backward 98.9371 98.9638 98.9861 99.0048 99.0205 9.34956 9.44956
W+0_RB4+_S08_Forward 98.86 98.8751 98.8872 98.8969 98.9047 9.27397 9.37397
W+1_RB4+_S08_Backward 97.963 97.9812 97.9959 98.0079 98.0177 9.29426 9.39426
W+1_RB4+_S08_Forward 98.9485 98.9798 99.0063 99.0286 99.0475 9.35284 9.45284
W+2_RB4+_S08_Backward 87.6808 87.6945 87.7056 87.7146 87.7218 9.15509 9.25509
W+2_RB4+_S08_Forward 80.2792 80.296 80.3099 80.3212 80.3306 9.13685 9.23685
W-2_RB4+_S10_Backward 95.3641 95.3914 95.4143 95.4335 95.4496 9.37656 9.47656
W-2_RB4+_S10_Forward 100.147 100.209 100.263 100.311 100.354 9.49094 9.59094
W-1_RB4+_S10_Backward 97.5427 97.5766 97.6055 97.6302 97.6513 9.44623 9.54623
W-1_RB4+_S10_Forward 101.176 101.268 101.353 101.433 101.508 9.88559 9.98559
W+0_RB4+_S10_Backward 99.3463 99.381 99.4105 99.4356 99.457 9.308 9.408
W+0_RB4+_S10_Forward 68.5429 68.5771 68.6071 68.6333 68.6563 9.4244 9.5244
W+1_RB4+_S10_Backward 98.7101 98.7305 98.7472 98.7609 98.7721 9.23444 9.33444
W+1_RB4+_S10_Forward 98.7197 98.7569 98.7889 98.8162 98.8397 9.31521 9.41521
W+2_RB4+_S10_Backward 99.3744 99.4043 99.4294 99.4506 99.4685 9.3652 9.4652
W+2_RB4+_S10_Forward 99.0899 99.1374 99.1788 99.215 99.2464 9.44232 9.54232
W-2_RB4+_S12_Backward 97.6055 97.6254 97.6418 97.6553 97.6664 9.31486 9.41486
W-2_RB4+_S12_Forward 99.8713 99.922 99.9665 100.006 100.04 9.38454 9.48454
W-1_RB4+_S12_Backward 98.9345 98.9639 98.9886 99.0095 99.027 9.27036 9.37036
W-1_RB4+_S12_Forward 98.7136 98.741 98.7639 98.783 98.7989 9.18921 9.28921
W+0_RB4+_S12_Backward 99.2998 99.3293 99.3542 99.375 99.3925 9.28395 9.38395
W+0_RB4+_S12_Forward 99.128 99.1652 99.1971 99.2245 99.248 9.32311 9.42311
W+1_RB4+_S12_Backward 98.2023 98.2345 98.2618 98.2849 98.3045 9.41936 9.51936
W+1_RB4+_S12_Forward 99.9653 100.018 100.065 100.106 100.141 9.46445 9.56445
W+2_RB4+_S12_Backward 98.28 98.3174 98.3494 98.3768 98.4002 9.29998 9.39998
W+2_RB4+_S12_Forward 100.068 100.105 100.135 100.162 100.184 9.31119 9.41119
W-2_RB4+_S04_Backward 98.2896 98.3106 98.3279 98.342 98.3536 9.19288 9.29288
W-2_RB4+_S04_Forward 99.0282 99.0694 99.105 99.1356 99.1619 9.27025 9.37025
W-1_RB4+_S04_Backward 98.6002 98.6191 98.6345 98.647 98.6573 9.13032 9.23032
W-1_RB4+_S04_Forward 98.9262 98.9447 98.9598 98.9721 98.9822 9.18218 9.28218
W+0_RB4+_S04_Backward 98.1742 98.1975 98.2168 98.2328 98.246 9.21587 9.31587
W+0_RB4+_S04_Forward 99.396 99.4433 99.4846 99.5206 99.5519 9.38888 9.48888
W+1_RB4+_S04_Backward 98.7229 98.7538 98.7798 98.8017 98.8202 9.24582 9.34582
W+1_RB4+_S04_Forward 97.8318 97.8752 97.9129 97.9455 97.9737 9.52844 9.62844
W+2_RB4+_S04_Backward 99.5256 99.559 99.5874 99.6115 99.6318 9.20123 9.30123
W+2_RB4+_S04_Forward 98.5206 98.5637 98.6011 98.6335 98.6617 9.37987 9.47987
W-2_RB4++_S04_Backward 98.8134 98.8627 98.9059 98.9438 98.977 9.30428 9.40428
W-2_RB4++_S04_Forward 90.5432 90.5689 90.5904 90.6083 90.6234 9.21044 9.31044
W-1_RB4++_S04_Backward 99.3627 99.3761 99.3867 99.3952 99.402 9.11794 9.21794
W-1_RB4++_S04_Forward 98.9644 98.9968 99.0242 99.0474 99.0671 9.25172 9.35172
W+0_RB4++_S04_Backward 99.3773 99.3948 99.4091 99.4206 99.43 9.19673 9.29673
W+0_RB4++_S04_Forward 99.4472 99.4952 99.537 99.5735 99.6053 9.31048 9.41048
W+2_RB4++_S04_Backward 94.8118 94.8282 94.8414 94.8522 94.861 9.20474 9.30474
W+2_RB4++_S04_Forward 98.652 98.695 98.7323 98.7647 98.7928 9.30461 9.40461
