RE-4_R2_CH01_A 93.973 94.3279 94.6302 94.8873 95.1058 9.35141 9.45141
RE-4_R2_CH01_B 88.4058 88.7591 89.0562 89.3057 89.5152 9.361 9.461
RE-4_R2_CH02_A 93.9047 94.2679 94.5836 94.8577 95.0953 9.47087 9.57087
RE-4_R2_CH02_B 88.6981 89.0322 89.3221 89.5733 89.7908 9.46618 9.56618
RE-4_R2_CH03_A 93.9327 94.3027 94.6135 94.8742 95.0928 9.34941 9.44941
RE-4_R2_CH03_B 89.2639 89.633 89.9339 90.1788 90.3778 9.30018 9.40018
RE-4_R2_CH04_A 96.4172 96.8083 97.1313 97.3978 97.6173 9.29818 9.39818
RE-4_R2_CH04_B 94.1138 94.4846 94.7832 95.0233 95.2162 9.29771 9.39771
RE-4_R2_CH05_A 93.1041 93.4622 93.7719 94.0395 94.2705 9.3581 9.4581
RE-4_R2_CH05_B 86.8553 87.1979 87.4858 87.7273 87.9298 9.39642 9.49642
RE-4_R2_CH06_A 96.7843 97.167 97.4802 97.7362 97.9451 9.21805 9.31805
RE-4_R2_CH06_B 93.979 94.3411 94.6297 94.8593 95.0418 9.27867 9.37867
RE-4_R2_CH07_A 94.0597 94.3945 94.6915 94.9547 95.1878 9.4277 9.5277
RE-4_R2_CH07_B 87.7782 88.1388 88.4276 88.6588 88.8434 9.25623 9.35623
RE-4_R2_CH08_A 93.2193 93.5934 93.9117 94.1822 94.4118 9.32888 9.42888
RE-4_R2_CH08_B 92.3511 92.7106 92.9999 93.2323 93.4188 9.29616 9.39616
RE-4_R2_CH09_A 93.6615 94.035 94.3472 94.6078 94.8251 9.28831 9.38831
RE-4_R2_CH09_B 90.148 90.5257 90.8361 91.091 91.3001 9.3127 9.4127
RE-4_R2_CH10_A 96.6587 97.0559 97.3794 97.6426 97.8565 9.21756 9.31756
RE-4_R2_CH10_B 95.0488 95.4401 95.7564 96.0117 96.2175 9.22051 9.32051
RE-4_R2_CH11_A 94.4261 94.7921 95.0953 95.3462 95.5537 9.30146 9.40146
RE-4_R2_CH11_B 90.6807 91.0569 91.3531 91.5858 91.7684 9.22958 9.32958
RE-4_R2_CH12_A 96.3606 96.7515 97.0786 97.352 97.5803 9.24729 9.34729
RE-4_R2_CH13_A 94.3705 94.734 95.0308 95.2729 95.4701 9.26323 9.36323
RE-4_R2_CH13_B 92.3593 92.7388 93.0373 93.2716 93.4553 9.19701 9.29701
RE-4_R2_CH14_A 95.6259 96.0265 96.348 96.6056 96.8118 9.27893 9.37893
RE-4_R2_CH14_B 93.297 93.6588 93.9521 94.1896 94.3816 9.29844 9.39844
RE-4_R2_CH15_A 93.2757 93.6458 93.9488 94.1965 94.3988 9.27414 9.37414
RE-4_R2_CH15_B 91.3618 91.7238 92.028 92.2834 92.4976 9.35706 9.45706
RE-4_R2_CH16_A 91.4477 91.7971 92.0822 92.3145 92.5037 9.29854 9.39854
RE-4_R2_CH16_B 92.9607 93.3328 93.6475 93.9134 94.1378 9.37416 9.47416
RE-4_R2_CH17_A 92.8928 93.2553 93.5494 93.7877 93.9805 9.30318 9.40318
RE-4_R2_CH17_B 88.7424 89.0793 89.3497 89.5665 89.7402 9.29854 9.39854
RE-4_R2_CH18_A 96.2446 96.618 96.9184 97.1596 97.3531 9.26383 9.36383
RE-4_R2_CH18_B 94.1209 94.5143 94.83 95.0829 95.2854 9.36432 9.46432
RE-4_R2_CH19_A 93.704 94.0793 94.391 94.6496 94.8639 9.37259 9.47259
RE-4_R2_CH19_B 88.8716 89.2135 89.4883 89.7089 89.8857 9.39857 9.49857
RE-4_R2_CH20_A 96.0452 96.4142 96.7288 96.9967 97.2247 9.38363 9.48363
RE-4_R2_CH20_B 95.3632 95.7012 95.9477 96.1272 96.2577 9.27791 9.37791
RE-4_R2_CH21_A 93.8427 94.2209 94.5428 94.8164 95.0488 9.39639 9.49639
RE-4_R2_CH21_B 84.8521 85.1778 85.4594 85.7026 85.9126 9.50779 9.60779
RE-4_R2_CH22_A 98.7974 99.0718 99.3262 99.5617 99.7797 10.0471 10.1471
RE-4_R2_CH22_B 81.2284 81.4782 81.7059 81.9135 82.1026 9.78397 9.88397
RE-4_R2_CH23_A 93.6202 94.0016 94.3208 94.5876 94.8105 9.25193 9.35193
RE-4_R2_CH23_B 89.7241 90.0811 90.3795 90.6284 90.836 9.2736 9.3736
RE-4_R2_CH24_A 96.6924 97.0782 97.3985 97.6642 97.8843 9.3071 9.4071
RE-4_R2_CH24_B 92.4503 92.8326 93.1465 93.4039 93.6148 9.34552 9.44552
RE-4_R2_CH25_A 94.5146 94.8876 95.188 95.4296 95.6237 9.19386 9.29386
RE-4_R2_CH25_B 87.3631 87.7073 87.9821 88.2011 88.3756 9.1562 9.2562
RE-4_R2_CH26_A 97.3277 97.6986 98.0076 98.2647 98.4784 9.31688 9.41688
RE-4_R2_CH26_B 93.1253 93.5076 93.8213 94.0785 94.2891 9.25771 9.35771
RE-4_R2_CH27_A 94.1659 94.556 94.8764 95.1391 95.3544 9.23576 9.33576
RE-4_R2_CH27_B 89.1771 89.5405 89.8231 90.0425 90.2127 9.16277 9.26277
RE-4_R2_CH28_A 96.9562 97.3422 97.6628 97.9286 98.1488 9.30651 9.40651
RE-4_R2_CH28_B 93.6018 93.9625 94.2499 94.4787 94.6605 9.27635 9.37635
RE-4_R2_CH29_A 92.6513 92.9622 93.2418 93.4931 93.7188 9.60146 9.70146
RE-4_R2_CH29_B 90.3101 90.6495 90.9451 91.2023 91.4259 9.43245 9.53245
RE-4_R2_CH30_A 95.9923 96.3645 96.6804 96.9482 97.175 9.35761 9.45761
RE-4_R2_CH30_B 94.5224 94.8908 95.1897 95.4317 95.6276 9.31158 9.41158
RE-4_R2_CH31_A 92.1457 92.5044 92.8105 93.0715 93.2937 9.37425 9.47425
RE-4_R2_CH31_B 90.1765 90.5394 90.8428 91.0963 91.3078 9.38106 9.48106
RE-4_R2_CH32_A 93.8455 94.2027 94.5085 94.7701 94.9937 9.44367 9.54367
RE-4_R2_CH32_B 91.2991 91.6558 91.9474 92.1856 92.3798 9.32931 9.42931
RE-4_R2_CH33_A 94.8339 95.2349 95.5569 95.8152 96.0221 9.18305 9.28305
RE-4_R2_CH33_B 89.1443 89.4983 89.7812 90.0068 90.1866 9.1758 9.2758
RE-4_R2_CH34_A 95.5545 95.9389 96.2583 96.5233 96.7431 9.29602 9.39602
RE-4_R2_CH34_B 95.3319 95.7119 96.0182 96.2648 96.463 9.28064 9.38064
RE-4_R2_CH35_A 94.9133 95.265 95.567 95.8261 96.0482 9.50402 9.60402
RE-4_R2_CH35_B 82.8758 83.1965 83.4565 83.667 83.8372 9.41598 9.51598
RE-4_R2_CH36_A 96.6937 97.0701 97.3878 97.6558 97.8815 9.42434 9.52434
RE-4_R2_CH36_B 93.8473 94.207 94.5027 94.7456 94.9449 9.34556 9.44556
RE-4_R3_CH01_A 95.0495 95.4133 95.7124 95.958 96.1595 9.31464 9.41464
RE-4_R3_CH01_B 91.1045 91.4531 91.7436 91.9853 92.1862 9.34623 9.44623
RE-4_R3_CH01_C 94.3926 94.7604 95.0691 95.3278 95.5446 9.29948 9.39948
RE-4_R3_CH02_A 96.4001 96.7817 97.1043 97.3767 97.6064 9.31346 9.41346
RE-4_R3_CH02_B 96.5373 96.9264 97.2428 97.4999 97.7084 9.28321 9.38321
RE-4_R3_CH02_C 97.5155 97.8929 98.1937 98.4332 98.6236 9.25232 9.35232
RE-4_R3_CH03_A 94.1189 94.4756 94.7876 95.0603 95.2985 9.45384 9.55384
RE-4_R3_CH03_B 94.6786 95.0758 95.3999 95.664 95.879 9.2711 9.3711
RE-4_R3_CH03_C 94.5739 94.949 95.2711 95.5474 95.7841 9.3806 9.4806
RE-4_R3_CH04_A 94.8747 95.2206 95.5259 95.795 96.0321 9.62096 9.72096
RE-4_R3_CH04_B 96.2112 96.5748 96.886 97.152 97.3793 9.45841 9.55841
RE-4_R3_CH04_C 96.8809 97.2831 97.6181 97.8967 98.1283 9.29712 9.39712
RE-4_R3_CH05_A 95.527 95.8889 96.2015 96.4714 96.7041 9.46168 9.56168
RE-4_R3_CH05_B 94.5823 94.9462 95.2476 95.4969 95.7028 9.32336 9.42336
RE-4_R3_CH05_C 93.513 93.8868 94.1993 94.4601 94.6777 9.32514 9.42514
RE-4_R3_CH06_A 95.6041 95.9759 96.2898 96.5544 96.7773 9.38251 9.48251
RE-4_R3_CH06_B 96.3251 96.7159 97.043 97.3163 97.5445 9.36283 9.46283
RE-4_R3_CH06_C 97.0386 97.4152 97.7251 97.9799 98.1891 9.34342 9.44342
RE-4_R3_CH07_A 94.4113 94.789 95.1027 95.3629 95.5785 9.19723 9.29723
RE-4_R3_CH07_B 95.1792 95.5614 95.883 96.1532 96.38 9.30304 9.40304
RE-4_R3_CH07_C 94.2688 94.6446 94.95 95.1979 95.3988 9.20703 9.30703
RE-4_R3_CH08_A 95.427 95.7779 96.0831 96.3483 96.5785 9.33922 9.43922
RE-4_R3_CH08_B 94.5085 94.8836 95.1907 95.4417 95.6467 9.24931 9.34931
RE-4_R3_CH08_C 96.2147 96.6089 96.9323 97.1974 97.4144 9.23062 9.33062
RE-4_R3_CH09_A 94.4304 94.8064 95.1142 95.366 95.5716 9.25501 9.35501
RE-4_R3_CH09_B 91.5149 91.8707 92.171 92.4242 92.6375 9.28445 9.38445
RE-4_R3_CH09_C 86.3644 86.7247 87.023 87.2695 87.473 9.20087 9.30087
RE-4_R3_CH10_A 96.4345 96.8227 97.1512 97.4289 97.6633 9.31794 9.41794
RE-4_R3_CH10_B 96.8045 97.206 97.5404 97.8186 98.0498 9.29004 9.39004
RE-4_R3_CH10_C 96.7593 97.1314 97.433 97.6769 97.8742 9.22881 9.32881
RE-4_R3_CH11_A 94.8702 95.2286 95.5433 95.8194 96.0614 9.44391 9.54391
RE-4_R3_CH11_B 94.6522 95.0386 95.3532 95.609 95.8168 9.29016 9.39016
RE-4_R3_CH11_C 90.8453 91.2188 91.5232 91.7708 91.972 9.22825 9.32825
RE-4_R3_CH12_A 95.4 95.7925 96.1169 96.3848 96.6058 9.31632 9.41632
RE-4_R3_CH12_B 96.878 97.279 97.6108 97.8848 98.111 9.33281 9.43281
RE-4_R3_CH12_C 97.4262 97.7985 98.1046 98.3559 98.5621 9.29971 9.39971
RE-4_R3_CH13_A 93.0758 93.4175 93.7133 93.9692 94.1904 9.41051 9.51051
RE-4_R3_CH13_B 93.5836 93.9425 94.2355 94.4744 94.669 9.30149 9.40149
RE-4_R3_CH13_C 91.1022 91.4495 91.7306 91.958 92.1416 9.24791 9.34791
RE-4_R3_CH14_A 95.5797 95.9571 96.2761 96.5453 96.7723 9.3441 9.4441
RE-4_R3_CH14_B 96.4217 96.808 97.1289 97.3951 97.6157 9.29653 9.39653
RE-4_R3_CH14_C 96.0337 96.4059 96.71 96.9581 97.1603 9.2491 9.3491
RE-4_R3_CH15_A 93.2307 93.5612 93.8534 94.1114 94.3391 9.49541 9.59541
RE-4_R3_CH15_B 93.9631 94.3331 94.6379 94.8887 95.0949 9.38164 9.48164
RE-4_R3_CH15_C 94.0322 94.4126 94.7347 95.0071 95.2371 9.43109 9.53109
RE-4_R3_CH16_A 96.7963 97.1594 97.478 97.7574 98.0021 9.49147 9.59147
RE-4_R3_CH16_B 95.3772 95.7484 96.0711 96.3514 96.5946 9.53759 9.63759
RE-4_R3_CH16_C 96.1514 96.5412 96.8731 97.1552 97.395 9.43525 9.53525
RE-4_R3_CH17_A 93.4585 93.8258 94.1361 94.3979 94.6186 9.30025 9.40025
RE-4_R3_CH17_B 94.9426 95.3109 95.616 95.8686 96.0774 9.33935 9.43935
RE-4_R3_CH17_C 94.0623 94.4406 94.7506 95.0043 95.2116 9.33788 9.43788
RE-4_R3_CH18_A 96.0647 96.4474 96.7671 97.034 97.2565 9.42882 9.52882
RE-4_R3_CH18_B 95.6879 96.0601 96.376 96.6439 96.8709 9.42228 9.52228
RE-4_R3_CH18_C 96.5587 96.9638 97.2943 97.5637 97.783 9.27566 9.37566
RE-4_R3_CH19_A 93.674 94.0217 94.3266 94.5938 94.8278 9.50149 9.60149
RE-4_R3_CH19_B 93.5447 93.9092 94.2114 94.4615 94.6684 9.40751 9.50751
RE-4_R3_CH19_C 93.1938 93.5521 93.8559 94.1133 94.3311 9.37591 9.47591
RE-4_R3_CH20_A 96.5941 96.9308 97.23 97.4957 97.7315 9.59331 9.69331
RE-4_R3_CH20_B 95.3079 95.6649 95.9702 96.231 96.4537 9.41426 9.51426
RE-4_R3_CH20_C 96.6112 97.0129 97.3453 97.62 97.8468 9.3767 9.4767
RE-4_R3_CH21_A 94.1113 94.4649 94.7729 95.0409 95.2739 9.43599 9.53599
RE-4_R3_CH21_B 95.4016 95.7841 96.1058 96.3761 96.6029 9.40297 9.50297
RE-4_R3_CH21_C 94.2943 94.6437 94.9437 95.201 95.4216 9.39774 9.49774
RE-4_R3_CH22_A 95.2377 95.6169 95.9296 96.1872 96.3991 9.40378 9.50378
RE-4_R3_CH22_B 94.1592 94.5429 94.8502 95.0959 95.2921 9.39564 9.49564
RE-4_R3_CH22_C 94.7933 95.1782 95.4983 95.7641 95.9846 9.34454 9.44454
RE-4_R3_CH23_A 93.6635 93.994 94.2861 94.544 94.7715 9.39207 9.49207
RE-4_R3_CH23_B 94.659 95.0521 95.3795 95.6518 95.8782 9.3374 9.4374
RE-4_R3_CH23_C 94.1267 94.5021 94.8229 95.0969 95.3306 9.34565 9.44565
RE-4_R3_CH24_A 96.5505 96.9381 97.2507 97.5025 97.705 9.29811 9.39811
RE-4_R3_CH24_B 97.3883 97.7946 98.1285 98.4025 98.6272 9.38297 9.48297
RE-4_R3_CH24_C 97.5065 97.8829 98.1926 98.447 98.6558 9.30377 9.40377
RE-4_R3_CH25_A 94.6801 95.0498 95.3699 95.6467 95.8859 9.5616 9.6616
RE-4_R3_CH25_B 95.3917 95.7679 96.0708 96.3145 96.5102 9.28765 9.38765
RE-4_R3_CH25_C 94.6781 95.0548 95.3655 95.6213 95.8318 9.31552 9.41552
RE-4_R3_CH26_A 95.4456 95.8102 96.1139 96.3667 96.5767 9.31436 9.41436
RE-4_R3_CH26_B 97.1764 97.568 97.8933 98.1634 98.3873 9.31053 9.41053
RE-4_R3_CH26_C 96.8384 97.2396 97.5758 97.8573 98.0927 9.31656 9.41656
RE-4_R3_CH27_A 94.5126 94.8944 95.2175 95.4907 95.7215 9.32715 9.42715
RE-4_R3_CH27_B 95.2161 95.583 95.8869 96.1383 96.346 9.30824 9.40824
RE-4_R3_CH27_C 94.1015 94.4698 94.7857 95.0565 95.2883 9.28237 9.38237
RE-4_R3_CH28_A 96.0978 96.4969 96.8294 97.106 97.3359 9.31013 9.41013
RE-4_R3_CH28_B 97.5603 97.9386 98.2453 98.4936 98.6945 9.29182 9.39182
RE-4_R3_CH28_C 97.3899 97.7615 98.067 98.3178 98.5235 9.2543 9.3543
RE-4_R3_CH29_A 92.782 93.1397 93.436 93.6811 93.8837 9.27845 9.37845
RE-4_R3_CH29_B 94.7028 95.0814 95.3938 95.6511 95.8629 9.33098 9.43098
RE-4_R3_CH29_C 93.3632 93.7314 94.0459 94.3141 94.5428 9.31586 9.41586
RE-4_R3_CH30_A 93.0548 93.4372 93.7461 93.9955 94.1965 9.32175 9.42175
RE-4_R3_CH30_B 94.7134 95.1041 95.4225 95.6817 95.8923 9.38809 9.48809
RE-4_R3_CH30_C 93.2048 93.5675 93.8639 94.1059 94.3032 9.31711 9.41711
RE-4_R3_CH31_A 95.3818 95.757 96.0703 96.3315 96.5491 9.35976 9.45976
RE-4_R3_CH31_B 95.8602 96.2391 96.5593 96.8296 97.0576 9.42888 9.52888
RE-4_R3_CH31_C 94.1118 94.4832 94.7893 95.0412 95.2483 9.29621 9.39621
RE-4_R3_CH32_A 95.5553 95.9109 96.2178 96.4823 96.7102 9.45199 9.55199
RE-4_R3_CH32_B 96.7512 97.1548 97.4911 97.771 98.0037 9.42956 9.52956
RE-4_R3_CH32_C 97.3875 97.7647 98.0792 98.3412 98.5592 9.33075 9.43075
RE-4_R3_CH33_A 94.4318 94.7996 95.1002 95.3456 95.5457 9.24687 9.34687
RE-4_R3_CH33_B 94.3943 94.7659 95.0675 95.312 95.51 9.25291 9.35291
RE-4_R3_CH33_C 93.4193 93.7999 94.1144 94.3738 94.5877 9.24626 9.34626
RE-4_R3_CH34_A 95.4705 95.8637 96.1865 96.4511 96.6679 9.20337 9.30337
RE-4_R3_CH34_B 97.3616 97.7653 98.0969 98.3689 98.5918 9.24719 9.34719
RE-4_R3_CH34_C 96.8188 97.2077 97.5349 97.8099 98.0407 9.27753 9.37753
RE-4_R3_CH35_A 95.1814 95.5448 95.8476 96.0995 96.3088 9.39311 9.49311
RE-4_R3_CH35_B 94.6513 95.0472 95.3701 95.6333 95.8474 9.36246 9.46246
RE-4_R3_CH35_C 93.5176 93.8718 94.1718 94.4257 94.6404 9.29912 9.39912
RE-4_R3_CH36_A 95.7789 96.1838 96.5118 96.7771 96.9915 9.25643 9.35643
RE-4_R3_CH36_B 95.7377 96.135 96.4507 96.7012 96.8997 9.30092 9.40092
RE-4_R3_CH36_C 97.0777 97.4509 97.7578 98.0099 98.2168 9.25981 9.35981
RE+4_R2_CH01_A 93.8521 94.1815 94.4743 94.7345 94.9654 9.46966 9.56966
RE+4_R2_CH01_B 87.4111 87.7638 88.0569 88.3002 88.5019 9.33772 9.43772
RE+4_R2_CH02_A 96.0955 96.475 96.792 97.0564 97.2767 9.41153 9.51153
RE+4_R2_CH02_B 94.6079 94.9926 95.3032 95.5537 95.7554 9.33951 9.43951
RE+4_R2_CH03_A 91.8334 92.2005 92.4965 92.7348 92.9265 9.2965 9.3965
RE+4_R2_CH03_B 87.4196 87.7498 88.0363 88.2847 88.4997 9.41609 9.51609
RE+4_R2_CH04_A 96.9411 97.3223 97.6524 97.938 98.185 9.47291 9.57291
RE+4_R2_CH04_B 95.0689 95.4505 95.7654 96.0249 96.2385 9.27262 9.37262
RE+4_R2_CH05_A 90.8359 91.1915 91.4882 91.7355 91.9415 9.36762 9.46762
RE+4_R2_CH05_B 85.7099 86.0626 86.3521 86.5894 86.7837 9.39988 9.49988
RE+4_R2_CH06_A 96.0472 96.439 96.7603 97.0235 97.239 9.32918 9.42918
RE+4_R2_CH06_B 95.2063 95.5733 95.8707 96.1114 96.306 9.36662 9.46662
RE+4_R2_CH07_A 94.2569 94.651 94.9774 95.2471 95.4699 9.33772 9.43772
RE+4_R2_CH07_B 89.1496 89.508 89.8017 90.0421 90.2386 9.38113 9.48113
RE+4_R2_CH08_A 96.7516 97.1385 97.4553 97.7144 97.9261 9.2762 9.3762
RE+4_R2_CH08_B 91.4811 91.8452 92.1531 92.4131 92.6325 9.30164 9.40164
RE+4_R2_CH09_A 91.0436 91.4008 91.7043 91.9617 92.1799 9.31013 9.41013
RE+4_R2_CH09_B 87.9719 88.3057 88.5914 88.8358 89.0446 9.3633 9.4633
RE+4_R2_CH10_A 95.037 95.2898 95.4439 95.5377 95.5947 9.08617 9.18617
RE+4_R2_CH10_B 90.6394 90.9992 91.2783 91.4945 91.6617 9.18516 9.28516
RE+4_R2_CH11_A 94.8987 95.2723 95.578 95.8276 96.0314 9.25284 9.35284
RE+4_R2_CH11_B 89.0105 89.3722 89.6643 89.8998 90.0894 9.30723 9.40723
RE+4_R2_CH12_A 93.2005 93.5572 93.8669 94.1355 94.3683 9.44045 9.54045
RE+4_R2_CH12_B 90.4784 90.8417 91.1456 91.3993 91.611 9.35874 9.45874
RE+4_R2_CH13_A 94.7142 95.0745 95.3858 95.6546 95.8865 9.34107 9.44107
RE+4_R2_CH13_B 88.3432 88.7071 89.0081 89.2566 89.4617 9.26237 9.36237
RE+4_R2_CH14_A 96.4584 96.8282 97.1507 97.4316 97.6762 9.40212 9.50212
RE+4_R2_CH14_B 93.3928 93.7569 94.0475 94.2789 94.463 9.27701 9.37701
RE+4_R2_CH15_A 95.2257 95.6132 95.9355 96.2033 96.4254 9.27103 9.37103
RE+4_R2_CH15_B 89.7226 90.0812 90.3808 90.631 90.8397 9.30615 9.40615
RE+4_R2_CH16_A 96.2358 96.6192 96.9451 97.222 97.4569 9.36318 9.46318
RE+4_R2_CH16_B 93.9023 94.2852 94.5797 94.8059 94.9792 9.23709 9.33709
RE+4_R2_CH17_A 95.1124 95.4971 95.81 96.0643 96.2707 9.29953 9.39953
RE+4_R2_CH17_B 81.0567 81.365 81.6277 81.8512 82.0412 9.45523 9.55523
RE+4_R2_CH18_A 96.0443 96.4322 96.7501 97.0103 97.2231 9.32313 9.42313
RE+4_R2_CH18_B 90.3847 90.7649 91.0775 91.3343 91.5449 9.28571 9.38571
RE+4_R2_CH19_A 94.6535 95.0372 95.3639 95.6416 95.8776 9.356 9.456
RE+4_R2_CH19_B 89.1131 89.4629 89.7422 89.9647 90.1419 9.36496 9.46496
RE+4_R2_CH20_A 94.244 94.6286 94.9485 95.2143 95.4349 9.45481 9.55481
RE+4_R2_CH20_B 92.5733 92.9535 93.2739 93.5435 93.7703 9.32682 9.42682
RE+4_R2_CH21_A 93.6937 94.0618 94.3671 94.62 94.8293 9.4626 9.5626
RE+4_R2_CH21_B 82.4055 82.7425 83.0264 83.2653 83.4661 9.39981 9.49981
RE+4_R2_CH22_A 83.4482 83.789 84.0726 84.3082 84.5037 9.48772 9.58772
RE+4_R2_CH22_B 82.318 82.6385 82.9106 83.1413 83.3368 9.38652 9.48652
RE+4_R2_CH23_A 94.3949 94.7639 95.0678 95.3177 95.523 9.29699 9.39699
RE+4_R2_CH23_B 90.9473 91.3145 91.6198 91.8731 92.0832 9.32049 9.42049
RE+4_R2_CH24_A 94.5312 94.9077 95.2183 95.474 95.6844 9.33158 9.43158
RE+4_R2_CH24_B 92.0838 92.4515 92.7568 93.01 93.2199 9.24043 9.34043
RE+4_R2_CH25_A 94.0723 94.4109 94.7072 94.9664 95.1929 9.375 9.475
RE+4_R2_CH25_B 91.0171 91.3834 91.6935 91.9556 92.1769 9.27427 9.37427
RE+4_R2_CH26_A 96.3013 96.6983 97.0218 97.2851 97.4991 9.34056 9.44056
RE+4_R2_CH26_B 94.4674 94.8176 95.0845 95.2876 95.4421 9.2878 9.3878
RE+4_R2_CH27_A 94.3752 94.7387 95.0486 95.3126 95.5373 9.34116 9.44116
RE+4_R2_CH27_B 90.3456 90.7173 91.0201 91.2665 91.4667 9.23769 9.33769
RE+4_R2_CH28_A 96.5358 96.8958 97.2052 97.4707 97.6984 9.38153 9.48153
RE+4_R2_CH28_B 96.1459 96.5188 96.8335 97.0988 97.3223 9.34373 9.44373
RE+4_R2_CH29_A 94.2003 94.5671 94.8785 95.1425 95.3662 9.25812 9.35812
RE+4_R2_CH29_B 90.393 90.7754 91.0852 91.3358 91.5383 9.18163 9.28163
RE+4_R2_CH31_A 94.1869 94.5621 94.8843 95.1608 95.3978 9.34229 9.44229
RE+4_R2_CH31_B 90.6901 91.0515 91.3554 91.6105 91.8246 9.26302 9.36302
RE+4_R2_CH32_A 97.2335 97.6283 97.9608 98.2404 98.4752 9.34688 9.44688
RE+4_R2_CH32_B 95.322 95.6866 95.9841 96.2267 96.4242 9.22818 9.32818
RE+4_R2_CH33_A 94.4944 94.8875 95.2055 95.4624 95.6697 9.22456 9.32456
RE+4_R2_CH33_B 91.5775 91.9242 92.1949 92.406 92.5702 9.17509 9.27509
RE+4_R2_CH34_A 96.8465 97.2336 97.5529 97.816 98.0325 9.27665 9.37665
RE+4_R2_CH34_B 93.4427 93.8113 94.1056 94.3403 94.5272 9.17599 9.27599
RE+4_R2_CH35_A 94.0874 94.478 94.7989 95.0621 95.2779 9.3082 9.4082
RE+4_R2_CH35_B 89.4464 89.8197 90.1287 90.3841 90.595 9.30138 9.40138
RE+4_R2_CH36_A 92.4996 92.8675 93.1785 93.4412 93.6629 9.3323 9.4323
RE+4_R2_CH36_B 89.9363 90.2863 90.5573 90.7668 90.9286 9.27088 9.37088
RE+4_R3_CH01_A 93.7584 94.0665 94.3447 94.5958 94.8222 9.66252 9.76252
RE+4_R3_CH01_B 92.556 92.945 93.2624 93.5211 93.7317 9.41317 9.51317
RE+4_R3_CH01_C 91.6878 92.0602 92.3756 92.6423 92.8677 9.33625 9.43625
RE+4_R3_CH02_A 89.0795 89.4289 89.7145 89.9478 90.1381 9.3205 9.4205
RE+4_R3_CH02_B 96.1719 96.5401 96.8599 97.1372 97.3776 9.54728 9.64728
RE+4_R3_CH02_C 93.4825 93.8402 94.148 94.4127 94.64 9.51361 9.61361
RE+4_R3_CH03_A 93.5743 93.9584 94.276 94.5381 94.7543 9.30738 9.40738
RE+4_R3_CH03_B 91.9674 92.3539 92.6717 92.9327 93.1468 9.29346 9.39346
RE+4_R3_CH03_C 89.5343 89.8858 90.1733 90.4082 90.5998 9.25913 9.35913
RE+4_R3_CH04_A 95.8753 96.2461 96.5552 96.8127 97.0269 9.28715 9.38715
RE+4_R3_CH04_B 95.9847 96.3807 96.7082 96.9786 97.2018 9.38965 9.48965
RE+4_R3_CH04_C 93.6798 94.0632 94.3802 94.6418 94.8575 9.29628 9.39628
RE+4_R3_CH05_A 92.0218 92.3836 92.6874 92.9424 93.156 9.27362 9.37362
RE+4_R3_CH05_B 94.8338 95.2038 95.5063 95.7532 95.9546 9.31564 9.41564
RE+4_R3_CH05_C 93.7657 94.1495 94.4667 94.7285 94.9443 9.29775 9.39775
RE+4_R3_CH06_A 95.7103 96.0919 96.4066 96.6657 96.879 9.14343 9.24343
RE+4_R3_CH06_B 96.7729 97.1773 97.5073 97.7761 97.9949 9.23509 9.33509
RE+4_R3_CH06_C 96.9732 97.3619 97.6803 97.9408 98.1537 9.21587 9.31587
RE+4_R3_CH07_A 93.5716 93.9371 94.252 94.5232 94.7565 9.36244 9.46244
RE+4_R3_CH07_B 94.2408 94.6199 94.9257 95.172 95.3702 9.24067 9.34067
RE+4_R3_CH07_C 94.1459 94.5076 94.8072 95.0549 95.2596 9.30001 9.40001
RE+4_R3_CH08_A 97.034 97.4056 97.7189 97.9828 98.2049 9.36075 9.46075
RE+4_R3_CH08_B 95.2006 95.5748 95.8908 96.1575 96.3824 9.39335 9.49335
RE+4_R3_CH08_C 93.654 94.0387 94.3609 94.6304 94.8556 9.4051 9.5051
RE+4_R3_CH09_A 94.3314 94.7006 95.0142 95.2801 95.5054 9.37083 9.47083
RE+4_R3_CH09_B 95.8808 96.2522 96.5599 96.8146 97.0251 9.29662 9.39662
RE+4_R3_CH09_C 94.8512 95.221 95.5296 95.7868 96.0009 9.25501 9.35501
RE+4_R3_CH10_A 85.6995 86.0465 86.3402 86.5886 86.7984 9.24922 9.34922
RE+4_R3_CH10_B 92.0356 92.3911 92.6815 92.9183 93.1114 9.2478 9.3478
RE+4_R3_CH10_C 95.1897 95.5044 95.7894 96.0472 96.2803 9.61851 9.71851
RE+4_R3_CH11_A 94.559 94.9429 95.2642 95.5327 95.7569 9.29817 9.39817
RE+4_R3_CH11_B 94.6885 95.0786 95.3939 95.6484 95.8536 9.33246 9.43246
RE+4_R3_CH11_C 90.3935 90.7608 91.0701 91.3303 91.5488 9.3323 9.4323
RE+4_R3_CH12_A 93.3324 93.695 93.9913 94.2331 94.4303 9.24122 9.34122
RE+4_R3_CH12_B 95.3185 95.6848 95.9937 96.2539 96.4729 9.36757 9.46757
RE+4_R3_CH12_C 95.9508 96.3371 96.6639 96.9401 97.1734 9.38289 9.48289
RE+4_R3_CH13_A 94.0827 94.4161 94.7097 94.9681 95.1954 9.46447 9.56447
RE+4_R3_CH13_B 94.0618 94.4499 94.7686 95.0299 95.2439 9.33423 9.43423
RE+4_R3_CH13_C 94.2677 94.6198 94.9251 95.1895 95.4183 9.48788 9.58788
RE+4_R3_CH14_A 96.6136 96.9816 97.2881 97.5431 97.755 9.27036 9.37036
RE+4_R3_CH14_B 91.5552 91.9351 92.2494 92.509 92.7234 9.39417 9.49417
RE+4_R3_CH14_C 96.7914 97.1677 97.4797 97.7379 97.9514 9.31733 9.41733
RE+4_R3_CH15_A 94.7235 95.0843 95.3866 95.6397 95.8513 9.36539 9.46539
RE+4_R3_CH15_B 94.2462 94.6292 94.9456 95.2066 95.4217 9.37453 9.47453
RE+4_R3_CH15_C 94.3452 94.7374 95.052 95.304 95.5056 9.30817 9.40817
RE+4_R3_CH16_A 95.6186 96.0112 96.3421 96.6205 96.8546 9.33004 9.43004
RE+4_R3_CH16_B 96.2433 96.6018 96.9098 97.1741 97.4008 9.4746 9.5746
RE+4_R3_CH16_C 97.302 97.6866 98.0134 98.2908 98.5261 9.36622 9.46622
RE+4_R3_CH18_A 96.8494 97.236 97.5665 97.8487 98.0895 9.35532 9.45532
RE+4_R3_CH18_B 97.0366 97.4414 97.7716 98.0405 98.2593 9.33034 9.43034
RE+4_R3_CH18_C 95.7406 96.1183 96.4272 96.6797 96.8857 9.29242 9.39242
RE+4_R3_CH19_A 94.0111 94.3458 94.6407 94.9003 95.1287 9.74785 9.84785
RE+4_R3_CH19_B 91.0705 91.4194 91.7152 91.9658 92.1778 9.60868 9.70868
RE+4_R3_CH19_C 89.3085 89.6553 89.9512 90.2034 90.4181 9.61519 9.71519
RE+4_R3_CH20_A 95.8856 96.2605 96.5836 96.8618 97.1011 9.39241 9.49241
RE+4_R3_CH20_B 94.7872 95.1552 95.4581 95.707 95.9114 9.42328 9.52328
RE+4_R3_CH20_C 92.9633 93.3398 93.6485 93.9013 94.108 9.33401 9.43401
RE+4_R3_CH21_A 93.4107 93.7275 94.0103 94.2625 94.4874 9.62652 9.72652
RE+4_R3_CH21_B 94.3929 94.7779 95.1002 95.3696 95.5947 9.45344 9.55344
RE+4_R3_CH21_C 93.7449 94.0963 94.401 94.665 94.8935 9.44225 9.54225
RE+4_R3_CH22_A 97.7918 98.1452 98.4569 98.7315 98.9733 9.69535 9.79535
RE+4_R3_CH22_B 96.7904 97.1907 97.5262 97.807 98.0418 9.49807 9.59807
RE+4_R3_CH22_C 95.8402 96.2071 96.5146 96.7721 96.9875 9.49801 9.59801
RE+4_R3_CH23_A 94.1147 94.4847 94.7873 95.0345 95.2362 9.27002 9.37002
RE+4_R3_CH23_B 94.4768 94.8423 95.1361 95.3721 95.5614 9.28288 9.38288
RE+4_R3_CH23_C 94.5409 94.9045 95.2128 95.4741 95.6952 9.28075 9.38075
RE+4_R3_CH24_A 96.8919 97.2767 97.6002 97.8717 98.0995 9.36609 9.46609
RE+4_R3_CH24_B 96.8511 97.2417 97.562 97.8241 98.0384 9.32204 9.42204
RE+4_R3_CH24_C 97.3326 97.7216 98.0326 98.2808 98.4787 9.23069 9.33069
RE+4_R3_CH25_A 91.4824 91.8365 92.1401 92.4001 92.6226 9.52217 9.62217
RE+4_R3_CH25_B 93.1108 93.4827 93.7955 94.0583 94.2787 9.44905 9.54905
RE+4_R3_CH25_C 93.3063 93.678 93.9845 94.2369 94.4446 9.34515 9.44515
RE+4_R3_CH26_A 97.2783 97.659 97.9747 98.2361 98.4524 9.32836 9.42836
RE+4_R3_CH26_B 95.7956 96.1686 96.4777 96.7336 96.9452 9.34938 9.44938
RE+4_R3_CH26_C 96.8926 97.2923 97.6251 97.9018 98.1316 9.30776 9.40776
RE+4_R3_CH27_A 93.4446 93.7864 94.0824 94.3384 94.5596 9.43042 9.53042
RE+4_R3_CH27_B 94.651 95.0314 95.3567 95.6347 95.8719 9.44261 9.54261
RE+4_R3_CH27_C 94.1462 94.5029 94.815 95.0877 95.3259 9.44821 9.54821
RE+4_R3_CH28_A 95.6417 96.0228 96.3501 96.631 96.8717 9.33987 9.43987
RE+4_R3_CH28_B 97.0349 97.4036 97.7125 97.9711 98.1872 9.3465 9.4465
RE+4_R3_CH28_C 97.0311 97.4229 97.7508 98.0247 98.2533 9.27873 9.37873
RE+4_R3_CH29_A 89.1049 89.4605 89.7613 90.0154 90.2299 9.27872 9.37872
RE+4_R3_CH29_B 93.0018 93.3831 93.7043 93.9746 94.2018 9.3504 9.4504
RE+4_R3_CH29_C 92.8692 93.2079 93.5022 93.7579 93.9797 9.37772 9.47772
RE+4_R3_CH31_A 91.477 91.815 92.1114 92.371 92.5982 9.54098 9.64098
RE+4_R3_CH31_B 94.0562 94.4299 94.7358 94.986 95.1902 9.33865 9.43865
RE+4_R3_CH31_C 91.842 92.1853 92.4789 92.7298 92.9439 9.44589 9.54589
RE+4_R3_CH32_A 96.0206 96.3629 96.6656 96.9329 97.169 9.56288 9.66288
RE+4_R3_CH32_B 97.0705 97.4705 97.8077 98.0915 98.3302 9.39943 9.49943
RE+4_R3_CH32_C 96.8164 97.214 97.5426 97.8139 98.0376 9.27894 9.37894
RE+4_R3_CH33_A 92.795 93.1645 93.4732 93.731 93.9458 9.25708 9.35708
RE+4_R3_CH33_B 94.6431 95.032 95.3463 95.5999 95.8044 9.23486 9.33486
RE+4_R3_CH33_C 93.922 94.3 94.605 94.8507 95.0484 9.19741 9.29741
RE+4_R3_CH34_A 94.1532 94.5122 94.8147 95.0695 95.2837 9.33893 9.43893
RE+4_R3_CH34_B 95.9751 96.3785 96.705 96.9691 97.1823 9.24214 9.34214
RE+4_R3_CH34_C 96.747 97.1523 97.4879 97.7655 97.9947 9.26664 9.36664
RE+4_R3_CH35_A 94.0493 94.3686 94.6535 94.9077 95.1343 9.81845 9.91845
RE+4_R3_CH35_B 91.0588 91.3959 91.688 91.9409 92.1596 9.64408 9.74408
RE+4_R3_CH35_C 91.7997 92.1086 92.3858 92.6343 92.8569 9.69222 9.79222
RE+4_R3_CH36_A 94.507 94.8688 95.1683 95.4159 95.6204 9.42965 9.52965
RE+4_R3_CH36_B 95.4483 95.8153 96.1212 96.3758 96.5875 9.43599 9.53599
RE+4_R3_CH36_C 94.5451 94.9232 95.2464 95.5225 95.758 9.43261 9.53261
