RE-4_R2_CH01_A 96.1265 96.1564 96.1817 96.2031 96.2212 9.35141 9.45141
RE-4_R2_CH01_B 90.4398 90.4643 90.4848 90.502 90.5163 9.361 9.461
RE-4_R2_CH02_A 96.3129 96.3545 96.3904 96.4213 96.4481 9.47087 9.57087
RE-4_R2_CH02_B 90.8966 90.9338 90.966 90.9937 91.0176 9.46618 9.56618
RE-4_R2_CH03_A 96.0537 96.079 96.1001 96.1177 96.1325 9.34941 9.44941
RE-4_R2_CH03_B 91.1474 91.1634 91.1763 91.1867 91.1952 9.30018 9.40018
RE-4_R2_CH04_A 98.514 98.5346 98.5516 98.5654 98.5768 9.29818 9.39818
RE-4_R2_CH04_B 95.9269 95.9404 95.9511 95.9597 95.9665 9.29771 9.39771
RE-4_R2_CH05_A 95.4283 95.4664 95.4992 95.5274 95.5516 9.3581 9.4581
RE-4_R2_CH05_B 88.8204 88.8438 88.8634 88.8798 88.8934 9.39642 9.49642
RE-4_R2_CH06_A 98.7668 98.7845 98.7988 98.8104 98.8199 9.21805 9.31805
RE-4_R2_CH06_B 95.687 95.6982 95.7071 95.7141 95.7196 9.27867 9.37867
RE-4_R2_CH07_A 96.507 96.5595 96.6059 96.6468 96.6829 9.4277 9.5277
RE-4_R2_CH07_B 89.5097 89.5218 89.5314 89.539 89.545 9.25623 9.35623
RE-4_R2_CH08_A 95.4786 95.5096 95.5358 95.5579 95.5765 9.32888 9.42888
RE-4_R2_CH08_B 94.1033 94.1161 94.1264 94.1346 94.1411 9.29616 9.39616
RE-4_R2_CH09_A 95.7589 95.7825 95.8022 95.8184 95.8319 9.28831 9.38831
RE-4_R2_CH09_B 92.1371 92.1556 92.1708 92.1831 92.1932 9.3127 9.4127
RE-4_R2_CH10_A 98.6816 98.6986 98.7124 98.7236 98.7326 9.21756 9.31756
RE-4_R2_CH10_B 96.9863 97.0012 97.0131 97.0227 97.0304 9.22051 9.32051
RE-4_R2_CH11_A 96.4135 96.4339 96.4506 96.4644 96.4758 9.30146 9.40146
RE-4_R2_CH11_B 92.3828 92.3923 92.3998 92.4057 92.4103 9.22958 9.32958
RE-4_R2_CH12_A 98.5665 98.5917 98.6126 98.63 98.6445 9.24729 9.34729
RE-4_R2_CH13_A 96.2395 96.2557 96.2689 96.2796 96.2883 9.26323 9.36323
RE-4_R2_CH13_B 94.0715 94.081 94.0885 94.0943 94.0988 9.19701 9.29701
RE-4_R2_CH14_A 97.5605 97.5742 97.5851 97.5938 97.6008 9.27893 9.37893
RE-4_R2_CH14_B 95.1093 95.1238 95.1355 95.1449 95.1525 9.29844 9.39844
RE-4_R2_CH15_A 95.1951 95.2122 95.2261 95.2374 95.2466 9.27414 9.37414
RE-4_R2_CH15_B 93.4407 93.4656 93.4865 93.5038 93.5183 9.35706 9.45706
RE-4_R2_CH16_A 93.2398 93.2553 93.2678 93.278 93.2862 9.29854 9.39854
RE-4_R2_CH16_B 95.1547 95.1829 95.2067 95.2266 95.2434 9.37416 9.47416
RE-4_R2_CH17_A 94.7123 94.727 94.7388 94.7483 94.7559 9.30318 9.40318
RE-4_R2_CH17_B 90.3725 90.3842 90.3935 90.4009 90.4068 9.29854 9.39854
RE-4_R2_CH18_A 98.0628 98.076 98.0866 98.0951 98.1019 9.26383 9.36383
RE-4_R2_CH18_B 96.0197 96.0332 96.0438 96.0524 96.0591 9.36432 9.46432
RE-4_R2_CH19_A 95.7611 95.7827 95.8006 95.8153 95.8275 9.37259 9.47259
RE-4_R2_CH19_B 90.5324 90.5444 90.554 90.5617 90.5678 9.39857 9.49857
RE-4_R2_CH20_A 98.2947 98.3264 98.3531 98.3758 98.395 9.38363 9.48363
RE-4_R2_CH20_B 96.5934 96.5962 96.5982 96.5997 96.6007 9.27791 9.37791
RE-4_R2_CH21_A 96.1297 96.1611 96.1877 96.2101 96.2291 9.39639 9.49639
RE-4_R2_CH21_B 86.9643 86.9989 87.0287 87.0542 87.0762 9.50779 9.60779
RE-4_R2_CH22_A 101.326 101.41 101.488 101.561 101.627 10.0471 10.1471
RE-4_R2_CH22_B 83.3346 83.3948 83.4495 83.4991 83.5442 9.78397 9.88397
RE-4_R2_CH23_A 95.7746 95.7992 95.8197 95.8368 95.8509 9.25193 9.35193
RE-4_R2_CH23_B 91.7275 91.75 91.7687 91.7842 91.7971 9.2736 9.3736
RE-4_R2_CH24_A 98.8046 98.8268 98.8451 98.8601 98.8725 9.3071 9.4071
RE-4_R2_CH24_B 94.4559 94.4744 94.4895 94.5018 94.5118 9.34552 9.44552
RE-4_R2_CH25_A 96.3391 96.3526 96.3634 96.3721 96.379 9.19386 9.29386
RE-4_R2_CH25_B 88.9967 89.0077 89.0163 89.0232 89.0286 9.1562 9.2562
RE-4_R2_CH26_A 99.384 99.4064 99.4249 99.4402 99.4529 9.31688 9.41688
RE-4_R2_CH26_B 95.1268 95.1452 95.1602 95.1723 95.1823 9.25771 9.35771
RE-4_R2_CH27_A 96.2136 96.2325 96.2479 96.2605 96.2708 9.23576 9.33576
RE-4_R2_CH27_B 90.7597 90.7674 90.7734 90.778 90.7815 9.16277 9.26277
RE-4_R2_CH28_A 99.0691 99.0912 99.1094 99.1245 99.1369 9.30651 9.40651
RE-4_R2_CH28_B 95.3033 95.3145 95.3233 95.3303 95.3358 9.27635 9.37635
RE-4_R2_CH29_A 95.0887 95.1492 95.2034 95.2519 95.2952 9.60146 9.70146
RE-4_R2_CH29_B 92.5842 92.6245 92.6593 92.6895 92.7155 9.43245 9.53245
RE-4_R2_CH30_A 98.2178 98.2475 98.2726 98.2937 98.3115 9.35761 9.45761
RE-4_R2_CH30_B 96.3708 96.3857 96.3977 96.4073 96.4151 9.31158 9.41158
RE-4_R2_CH31_A 94.341 94.3721 94.3985 94.4209 94.4399 9.37425 9.47425
RE-4_R2_CH31_B 92.2192 92.2424 92.2616 92.2776 92.2909 9.38106 9.48106
RE-4_R2_CH32_A 96.0642 96.0969 96.1247 96.1484 96.1685 9.44367 9.54367
RE-4_R2_CH32_B 93.1406 93.1569 93.17 93.1807 93.1894 9.32931 9.42931
RE-4_R2_CH33_A 96.7755 96.7894 96.8004 96.8092 96.8163 9.18305 9.28305
RE-4_R2_CH33_B 90.8284 90.8397 90.8487 90.8559 90.8615 9.1758 9.2758
RE-4_R2_CH34_A 97.6643 97.6866 97.7049 97.7201 97.7326 9.29602 9.39602
RE-4_R2_CH34_B 97.1962 97.2101 97.2213 97.2302 97.2373 9.28064 9.38064
RE-4_R2_CH35_A 97.1267 97.1604 97.1892 97.2138 97.2347 9.50402 9.60402
RE-4_R2_CH35_B 84.4816 84.4945 84.5048 84.5131 84.5198 9.41598 9.51598
RE-4_R2_CH36_A 98.8956 98.9234 98.9467 98.9662 98.9826 9.42434 9.52434
RE-4_R2_CH36_B 95.7445 95.7623 95.7769 95.7888 95.7985 9.34556 9.44556
RE-4_R3_CH01_A 96.9677 96.9857 97.0004 97.0124 97.0222 9.31464 9.41464
RE-4_R3_CH01_B 93.039 93.0602 93.0776 93.0921 93.104 9.34623 9.44623
RE-4_R3_CH01_C 96.4943 96.5192 96.54 96.5573 96.5717 9.29948 9.39948
RE-4_R3_CH02_A 98.6437 98.6724 98.6964 98.7166 98.7336 9.31346 9.41346
RE-4_R3_CH02_B 98.508 98.5243 98.5375 98.5481 98.5567 9.28321 9.38321
RE-4_R3_CH02_C 99.2978 99.3095 99.3188 99.3261 99.332 9.25232 9.35232
RE-4_R3_CH03_A 96.5584 96.6037 96.643 96.6772 96.707 9.45384 9.55384
RE-4_R3_CH03_B 96.7139 96.7314 96.7455 96.757 96.7662 9.2711 9.3711
RE-4_R3_CH03_C 96.9317 96.9675 96.998 97.0241 97.0462 9.3806 9.4806
RE-4_R3_CH04_A 97.3398 97.39 97.4339 97.4725 97.5063 9.62096 9.72096
RE-4_R3_CH04_B 98.4651 98.4982 98.5263 98.5502 98.5706 9.45841 9.55841
RE-4_R3_CH04_C 99.1086 99.1327 99.1526 99.1691 99.1828 9.29712 9.39712
RE-4_R3_CH05_A 97.8654 97.9034 97.936 97.964 97.988 9.46168 9.56168
RE-4_R3_CH05_B 96.5546 96.5747 96.5912 96.6048 96.616 9.32336 9.42336
RE-4_R3_CH05_C 95.6133 95.637 95.6567 95.673 95.6866 9.32514 9.42514
RE-4_R3_CH06_A 97.7787 97.8061 97.8291 97.8484 97.8645 9.38251 9.48251
RE-4_R3_CH06_B 98.5306 98.5558 98.5767 98.5941 98.6086 9.36283 9.46283
RE-4_R3_CH06_C 99.0318 99.0508 99.0662 99.0789 99.0892 9.34342 9.44342
RE-4_R3_CH07_A 96.4809 96.5026 96.5206 96.5354 96.5476 9.19723 9.29723
RE-4_R3_CH07_B 97.3829 97.4096 97.4319 97.4505 97.4661 9.30304 9.40304
RE-4_R3_CH07_C 96.1664 96.1819 96.1945 96.2046 96.2128 9.20703 9.30703
RE-4_R3_CH08_A 97.7638 97.8046 97.8399 97.8703 97.8967 9.33922 9.43922
RE-4_R3_CH08_B 96.4538 96.4712 96.4853 96.4967 96.506 9.24931 9.34931
RE-4_R3_CH08_C 98.2773 98.2962 98.3116 98.3242 98.3344 9.23062 9.33062
RE-4_R3_CH09_A 96.382 96.3994 96.4136 96.4251 96.4345 9.25501 9.35501
RE-4_R3_CH09_B 93.5953 93.6215 93.6435 93.662 93.6774 9.28445 9.38445
RE-4_R3_CH09_C 88.3116 88.3313 88.3474 88.3607 88.3716 9.20087 9.30087
RE-4_R3_CH10_A 98.7275 98.7572 98.7821 98.8031 98.8207 9.31794 9.41794
RE-4_R3_CH10_B 99.0281 99.0522 99.0721 99.0886 99.1022 9.29004 9.39004
RE-4_R3_CH10_C 98.6193 98.6341 98.646 98.6556 98.6633 9.22881 9.32881
RE-4_R3_CH11_A 97.3638 97.4119 97.4538 97.4904 97.5223 9.44391 9.54391
RE-4_R3_CH11_B 96.6166 96.6331 96.6464 96.6571 96.6658 9.29016 9.39016
RE-4_R3_CH11_C 92.7484 92.7644 92.7774 92.7879 92.7964 9.22825 9.32825
RE-4_R3_CH12_A 97.5122 97.5333 97.5506 97.5648 97.5764 9.31632 9.41632
RE-4_R3_CH12_B 99.0406 99.0622 99.08 99.0946 99.1066 9.33281 9.43281
RE-4_R3_CH12_C 99.3886 99.407 99.422 99.4343 99.4443 9.29971 9.39971
RE-4_R3_CH13_A 95.3068 95.344 95.376 95.4036 95.4273 9.41051 9.51051
RE-4_R3_CH13_B 95.4269 95.4429 95.4558 95.4663 95.4748 9.30149 9.40149
RE-4_R3_CH13_C 92.8335 92.8472 92.8582 92.867 92.8741 9.24791 9.34791
RE-4_R3_CH14_A 97.7968 97.8251 97.8488 97.8687 97.8854 9.3441 9.4441
RE-4_R3_CH14_B 98.5395 98.5618 98.5802 98.5953 98.6078 9.29653 9.39653
RE-4_R3_CH14_C 97.9507 97.9674 97.981 97.992 98.001 9.2491 9.3491
RE-4_R3_CH15_A 95.606 95.6552 95.6985 95.7365 95.7699 9.49541 9.59541
RE-4_R3_CH15_B 95.9292 95.9481 95.9636 95.9763 95.9866 9.38164 9.48164
RE-4_R3_CH15_C 96.2829 96.3122 96.3367 96.3574 96.3747 9.43109 9.53109
RE-4_R3_CH16_A 99.3169 99.3652 99.4074 99.4442 99.4763 9.49147 9.59147
RE-4_R3_CH16_B 97.8425 97.8852 97.9221 97.954 97.9815 9.53759 9.63759
RE-4_R3_CH16_C 98.5121 98.5447 98.5723 98.5956 98.6152 9.43525 9.53525
RE-4_R3_CH17_A 95.6131 95.6405 95.6635 95.6828 95.6989 9.30025 9.40025
RE-4_R3_CH17_B 96.943 96.9635 96.9804 96.9943 97.0058 9.33935 9.43935
RE-4_R3_CH17_C 96.0314 96.0492 96.0636 96.0754 96.085 9.33788 9.43788
RE-4_R3_CH18_A 98.2125 98.2367 98.2567 98.2734 98.2872 9.42882 9.52882
RE-4_R3_CH18_B 97.9154 97.9452 97.9704 97.9916 98.0094 9.42228 9.52228
RE-4_R3_CH18_C 98.6344 98.6522 98.6666 98.6783 98.6878 9.27566 9.37566
RE-4_R3_CH19_A 96.0807 96.1266 96.1666 96.2015 96.2319 9.50149 9.60149
RE-4_R3_CH19_B 95.5273 95.5477 95.5645 95.5783 95.5897 9.40751 9.50751
RE-4_R3_CH19_C 95.3303 95.3587 95.3826 95.4027 95.4197 9.37591 9.47591
RE-4_R3_CH20_A 99.079 99.1335 99.1817 99.2243 99.2619 9.59331 9.69331
RE-4_R3_CH20_B 97.5149 97.5471 97.5745 97.5977 97.6175 9.41426 9.51426
RE-4_R3_CH20_C 98.7802 98.802 98.8199 98.8346 98.8467 9.3767 9.4767
RE-4_R3_CH21_A 96.4806 96.5225 96.5588 96.5902 96.6174 9.43599 9.53599
RE-4_R3_CH21_B 97.6055 97.6321 97.6544 97.673 97.6886 9.40297 9.50297
RE-4_R3_CH21_C 96.4928 96.5263 96.5549 96.5794 96.6002 9.39774 9.49774
RE-4_R3_CH22_A 97.2595 97.2791 97.2952 97.3083 97.3191 9.40378 9.50378
RE-4_R3_CH22_B 95.9983 96.011 96.0211 96.0291 96.0355 9.39564 9.49564
RE-4_R3_CH22_C 96.9117 96.9342 96.9528 96.9682 96.9809 9.34454 9.44454
RE-4_R3_CH23_A 96.036 96.085 96.1281 96.166 96.1992 9.39207 9.49207
RE-4_R3_CH23_B 96.8365 96.86 96.8796 96.8957 96.909 9.3374 9.4374
RE-4_R3_CH23_C 96.44 96.4734 96.5017 96.5258 96.5462 9.34565 9.44565
RE-4_R3_CH24_A 98.4557 98.4701 98.4815 98.4907 98.4981 9.29811 9.39811
RE-4_R3_CH24_B 99.5256 99.5455 99.5618 99.575 99.5858 9.38297 9.48297
RE-4_R3_CH24_C 99.4958 99.5146 99.5299 99.5425 99.5528 9.30377 9.40377
RE-4_R3_CH25_A 97.0901 97.1301 97.1644 97.194 97.2194 9.5616 9.6616
RE-4_R3_CH25_B 97.2315 97.2451 97.256 97.2647 97.2717 9.28765 9.38765
RE-4_R3_CH25_C 96.6864 96.7059 96.7218 96.7349 96.7456 9.31552 9.41552
RE-4_R3_CH26_A 97.4678 97.4899 97.5081 97.5232 97.5357 9.31436 9.41436
RE-4_R3_CH26_B 99.3264 99.3492 99.3679 99.3834 99.3962 9.31053 9.41053
RE-4_R3_CH26_C 99.1163 99.1427 99.1647 99.183 99.1983 9.31656 9.41656
RE-4_R3_CH27_A 96.77 96.7993 96.8239 96.8446 96.862 9.32715 9.42715
RE-4_R3_CH27_B 97.2054 97.2257 97.2424 97.2561 97.2674 9.30824 9.40824
RE-4_R3_CH27_C 96.4074 96.4421 96.4716 96.4968 96.5182 9.28237 9.38237
RE-4_R3_CH28_A 98.3093 98.3332 98.3531 98.3694 98.383 9.31013 9.41013
RE-4_R3_CH28_B 99.4555 99.4706 99.4829 99.4927 99.5006 9.29182 9.39182
RE-4_R3_CH28_C 99.3478 99.3661 99.3811 99.3933 99.4033 9.2543 9.3543
RE-4_R3_CH29_A 94.7219 94.7417 94.758 94.7714 94.7824 9.27845 9.37845
RE-4_R3_CH29_B 96.7239 96.7436 96.7597 96.7729 96.7837 9.33098 9.43098
RE-4_R3_CH29_C 95.6247 95.6571 95.6846 95.7079 95.7277 9.31586 9.41586
RE-4_R3_CH30_A 94.9468 94.9613 94.973 94.9823 94.9899 9.32175 9.42175
RE-4_R3_CH30_B 96.7058 96.7227 96.7363 96.7473 96.7562 9.38809 9.48809
RE-4_R3_CH30_C 95.0751 95.0915 95.1048 95.1156 95.1244 9.31711 9.41711
RE-4_R3_CH31_A 97.4804 97.5037 97.5231 97.5392 97.5526 9.35976 9.45976
RE-4_R3_CH31_B 98.0865 98.1149 98.1387 98.1588 98.1756 9.42888 9.52888
RE-4_R3_CH31_C 96.087 96.106 96.1216 96.1343 96.1447 9.29621 9.39621
RE-4_R3_CH32_A 97.8417 97.8784 97.9099 97.9369 97.9601 9.45199 9.55199
RE-4_R3_CH32_B 98.9902 99.0145 99.0347 99.0513 99.0651 9.42956 9.52956
RE-4_R3_CH32_C 99.4878 99.5109 99.5301 99.5459 99.5591 9.33075 9.43075
RE-4_R3_CH33_A 96.3288 96.3454 96.3589 96.3699 96.3788 9.24687 9.34687
RE-4_R3_CH33_B 96.2636 96.2787 96.291 96.3008 96.3088 9.25291 9.35291
RE-4_R3_CH33_C 95.4623 95.4825 95.4991 95.5127 95.5238 9.24626 9.34626
RE-4_R3_CH34_A 97.5311 97.5501 97.5655 97.5781 97.5884 9.20337 9.30337
RE-4_R3_CH34_B 99.4815 99.5011 99.5171 99.5302 99.5408 9.24719 9.34719
RE-4_R3_CH34_C 99.0614 99.0886 99.1113 99.1303 99.1462 9.27753 9.37753
RE-4_R3_CH35_A 97.1968 97.2187 97.2369 97.2519 97.2643 9.39311 9.49311
RE-4_R3_CH35_B 96.678 96.6954 96.7094 96.7208 96.73 9.36246 9.46246
RE-4_R3_CH35_C 95.6207 95.6484 95.6716 95.6912 95.7077 9.29912 9.39912
RE-4_R3_CH36_A 97.7991 97.8151 97.8279 97.8382 97.8464 9.25643 9.35643
RE-4_R3_CH36_B 97.5929 97.6046 97.6139 97.6212 97.6269 9.30092 9.40092
RE-4_R3_CH36_C 99.0478 99.0664 99.0816 99.094 99.1041 9.25981 9.35981
RE+4_R2_CH01_A 96.2876 96.3412 96.3887 96.4306 96.4676 9.46966 9.56966
RE+4_R2_CH01_B 89.3484 89.3689 89.3858 89.3998 89.4113 9.33772 9.43772
RE+4_R2_CH02_A 98.2206 98.2444 98.2641 98.2804 98.294 9.41153 9.51153
RE+4_R2_CH02_B 96.5061 96.5205 96.5321 96.5414 96.5488 9.33951 9.43951
RE+4_R2_CH03_A 93.6359 93.6494 93.6602 93.6688 93.6758 9.2965 9.3965
RE+4_R2_CH03_B 89.594 89.6309 89.6628 89.6902 89.7139 9.41609 9.51609
RE+4_R2_CH04_A 99.4307 99.4721 99.5078 99.5385 99.5649 9.47291 9.57291
RE+4_R2_CH04_B 97.1082 97.1281 97.1444 97.1578 97.1687 9.27262 9.37262
RE+4_R2_CH05_A 92.8215 92.8436 92.8619 92.877 92.8896 9.36762 9.46762
RE+4_R2_CH05_B 87.5576 87.5746 87.5884 87.5997 87.6089 9.39988 9.49988
RE+4_R2_CH06_A 98.0943 98.113 98.1282 98.1406 98.1507 9.32918 9.42918
RE+4_R2_CH06_B 97.0418 97.0565 97.0682 97.0777 97.0853 9.36662 9.46662
RE+4_R2_CH07_A 96.3887 96.4102 96.4279 96.4425 96.4544 9.33772 9.43772
RE+4_R2_CH07_B 91.0152 91.032 91.0457 91.0568 91.0659 9.38113 9.48113
RE+4_R2_CH08_A 98.7616 98.7797 98.7943 98.8063 98.816 9.2762 9.3762
RE+4_R2_CH08_B 93.6248 93.6523 93.6754 93.6947 93.711 9.30164 9.40164
RE+4_R2_CH09_A 93.1869 93.2158 93.2402 93.2607 93.2781 9.31013 9.41013
RE+4_R2_CH09_B 90.0434 90.0739 90.0998 90.1219 90.1406 9.3633 9.4633
RE+4_R2_CH10_A 95.6826 95.6828 95.6829 95.6829 95.683 9.08617 9.18617
RE+4_R2_CH10_B 92.1949 92.2023 92.208 92.2124 92.2157 9.18516 9.28516
RE+4_R2_CH11_A 96.8316 96.8487 96.8626 96.8739 96.8831 9.25284 9.35284
RE+4_R2_CH11_B 90.7949 90.8085 90.8193 90.8281 90.8351 9.30723 9.40723
RE+4_R2_CH12_A 95.5574 95.5978 95.6326 95.6627 95.6886 9.44045 9.54045
RE+4_R2_CH12_B 92.5227 92.5458 92.5651 92.581 92.5943 9.35874 9.45874
RE+4_R2_CH13_A 97.045 97.083 97.1156 97.1436 97.1676 9.34107 9.44107
RE+4_R2_CH13_B 90.3031 90.3227 90.3387 90.3519 90.3627 9.26237 9.36237
RE+4_R2_CH14_A 98.9503 98.9949 99.0337 99.0672 99.0962 9.40212 9.50212
RE+4_R2_CH14_B 95.1164 95.1278 95.1369 95.1441 95.1497 9.27701 9.37701
RE+4_R2_CH15_A 97.36 97.3827 97.4015 97.417 97.4298 9.27103 9.37103
RE+4_R2_CH15_B 91.7369 91.7597 91.7785 91.7942 91.8072 9.30615 9.40615
RE+4_R2_CH16_A 98.5459 98.5774 98.604 98.6264 98.6454 9.36318 9.46318
RE+4_R2_CH16_B 95.5142 95.5211 95.5264 95.5304 95.5335 9.23709 9.33709
RE+4_R2_CH17_A 97.0627 97.0789 97.092 97.1026 97.1111 9.29953 9.39953
RE+4_R2_CH17_B 82.9307 82.9569 82.979 82.9977 83.0136 9.45523 9.55523
RE+4_R2_CH18_A 98.0654 98.0836 98.0985 98.1106 98.1205 9.32313 9.42313
RE+4_R2_CH18_B 92.3894 92.4082 92.4235 92.436 92.4462 9.28571 9.38571
RE+4_R2_CH19_A 96.9773 97.0094 97.0365 97.0595 97.0788 9.356 9.456
RE+4_R2_CH19_B 90.772 90.783 90.7918 90.7987 90.8042 9.36496 9.46496
RE+4_R2_CH20_A 96.3638 96.3864 96.4051 96.4206 96.4333 9.45481 9.55481
RE+4_R2_CH20_B 94.7798 94.807 94.8297 94.8488 94.8647 9.32682 9.42682
RE+4_R2_CH21_A 95.7003 95.7211 95.7382 95.7523 95.7639 9.4626 9.5626
RE+4_R2_CH21_B 84.3589 84.3829 84.4029 84.4197 84.4338 9.39981 9.49981
RE+4_R2_CH22_A 85.3273 85.3474 85.364 85.3777 85.389 9.48772 9.58772
RE+4_R2_CH22_B 84.2366 84.2624 84.284 84.3023 84.3177 9.38652 9.48652
RE+4_R2_CH23_A 96.3521 96.3708 96.3861 96.3987 96.4089 9.29699 9.39699
RE+4_R2_CH23_B 92.965 92.9864 93.004 93.0186 93.0306 9.32049 9.42049
RE+4_R2_CH24_A 96.539 96.5585 96.5745 96.5875 96.5982 9.33158 9.43158
RE+4_R2_CH24_B 94.0975 94.1186 94.1361 94.1504 94.1623 9.24043 9.34043
RE+4_R2_CH25_A 96.3955 96.4389 96.4768 96.5097 96.5383 9.375 9.475
RE+4_R2_CH25_B 93.1814 93.2094 93.2329 93.2527 93.2693 9.27427 9.37427
RE+4_R2_CH26_A 98.3255 98.3426 98.3564 98.3676 98.3767 9.34056 9.44056
RE+4_R2_CH26_B 95.9042 95.9098 95.914 95.9172 95.9196 9.2878 9.3878
RE+4_R2_CH27_A 96.5927 96.6239 96.6503 96.6727 96.6917 9.34116 9.44116
RE+4_R2_CH27_B 92.2394 92.2553 92.2682 92.2787 92.2872 9.23769 9.33769
RE+4_R2_CH28_A 98.8061 98.8408 98.8705 98.8958 98.9175 9.38153 9.48153
RE+4_R2_CH28_B 98.3251 98.3525 98.3755 98.3947 98.4109 9.34373 9.44373
RE+4_R2_CH29_A 96.3961 96.4255 96.4503 96.4712 96.4889 9.25812 9.35812
RE+4_R2_CH29_B 92.3014 92.3164 92.3285 92.3383 92.3461 9.18163 9.28163
RE+4_R2_CH31_A 96.5479 96.5839 96.6145 96.6407 96.663 9.34229 9.44229
RE+4_R2_CH31_B 92.7689 92.7939 92.8148 92.8323 92.8469 9.26302 9.36302
RE+4_R2_CH32_A 99.5173 99.5452 99.5685 99.5881 99.6044 9.34688 9.44688
RE+4_R2_CH32_B 97.1928 97.209 97.2221 97.2327 97.2413 9.22818 9.32818
RE+4_R2_CH33_A 96.4466 96.4618 96.474 96.4837 96.4916 9.22456 9.32456
RE+4_R2_CH33_B 93.107 93.1148 93.1209 93.1257 93.1293 9.17509 9.27509
RE+4_R2_CH34_A 98.9128 98.9329 98.9494 98.9629 98.974 9.27665 9.37665
RE+4_R2_CH34_B 95.1928 95.2045 95.2138 95.2212 95.227 9.17599 9.27599
RE+4_R2_CH35_A 96.1393 96.1583 96.1738 96.1864 96.1967 9.3082 9.4082
RE+4_R2_CH35_B 91.4641 91.4845 91.5012 91.5149 91.5262 9.30138 9.40138
RE+4_R2_CH36_A 94.6652 94.6929 94.7162 94.7358 94.7522 9.3323 9.4323
RE+4_R2_CH36_B 91.4411 91.4481 91.4535 91.4577 91.4609 9.27088 9.37088
RE+4_R3_CH01_A 96.2237 96.2875 96.3447 96.3962 96.4424 9.66252 9.76252
RE+4_R3_CH01_B 94.5499 94.567 94.5809 94.5921 94.6013 9.41317 9.51317
RE+4_R3_CH01_C 93.8935 93.9222 93.9463 93.9666 93.9837 9.33625 9.43625
RE+4_R3_CH02_A 90.8846 90.9005 90.9135 90.924 90.9325 9.3205 9.4205
RE+4_R3_CH02_B 98.6056 98.6473 98.6833 98.7143 98.7411 9.54728 9.64728
RE+4_R3_CH02_C 95.7543 95.7897 95.82 95.8459 95.868 9.51361 9.61361
RE+4_R3_CH03_A 95.6407 95.6612 95.6781 95.6919 95.7033 9.30738 9.40738
RE+4_R3_CH03_B 94.005 94.0241 94.0396 94.0524 94.0627 9.29346 9.39346
RE+4_R3_CH03_C 91.3516 91.3677 91.3807 91.3913 91.3999 9.25913 9.35913
RE+4_R3_CH04_A 97.9389 97.9616 97.9804 97.9959 98.0088 9.28715 9.38715
RE+4_R3_CH04_B 98.118 98.1393 98.1568 98.1711 98.1829 9.38965 9.48965
RE+4_R3_CH04_C 95.7409 95.7614 95.7782 95.7919 95.8033 9.29628 9.39628
RE+4_R3_CH05_A 94.0946 94.1194 94.14 94.1572 94.1715 9.27362 9.37362
RE+4_R3_CH05_B 96.7432 96.76 96.7736 96.7847 96.7937 9.31564 9.41564
RE+4_R3_CH05_C 95.8284 95.8489 95.8657 95.8795 95.8908 9.29775 9.39775
RE+4_R3_CH06_A 97.7454 97.7651 97.7813 97.7946 97.8054 9.14343 9.24343
RE+4_R3_CH06_B 98.8432 98.8609 98.8753 98.8869 98.8963 9.23509 9.33509
RE+4_R3_CH06_C 98.9945 99.0127 99.0274 99.0395 99.0493 9.21587 9.31587
RE+4_R3_CH07_A 95.9066 95.9435 95.975 96.0021 96.0252 9.36244 9.46244
RE+4_R3_CH07_B 96.1052 96.1193 96.1305 96.1395 96.1467 9.24067 9.34067
RE+4_R3_CH07_C 96.1056 96.1255 96.1419 96.1554 96.1665 9.30001 9.40001
RE+4_R3_CH08_A 99.1977 99.2246 99.2472 99.2661 99.282 9.36075 9.46075
RE+4_R3_CH08_B 97.3954 97.4233 97.4467 97.4663 97.4828 9.39335 9.49335
RE+4_R3_CH08_C 95.8324 95.8575 95.8784 95.8958 95.9102 9.4051 9.5051
RE+4_R3_CH09_A 96.5446 96.5744 96.5995 96.6207 96.6386 9.37083 9.47083
RE+4_R3_CH09_B 97.8975 97.9181 97.9351 97.9491 97.9606 9.29662 9.39662
RE+4_R3_CH09_C 96.9146 96.9375 96.9564 96.9721 96.9851 9.25501 9.35501
RE+4_R3_CH10_A 87.7524 87.7791 87.8015 87.8204 87.8362 9.24922 9.34922
RE+4_R3_CH10_B 93.8649 93.8808 93.8937 93.9042 93.9127 9.2478 9.3478
RE+4_R3_CH10_C 97.743 97.8108 97.8718 97.9269 97.9764 9.61851 9.71851
RE+4_R3_CH11_A 96.7258 96.7506 96.7712 96.7883 96.8025 9.29817 9.39817
RE+4_R3_CH11_B 96.6202 96.6351 96.647 96.6566 96.6643 9.33246 9.43246
RE+4_R3_CH11_C 92.5188 92.5448 92.5665 92.5847 92.5998 9.3323 9.4323
RE+4_R3_CH12_A 95.2013 95.2177 95.231 95.2418 95.2505 9.24122 9.34122
RE+4_R3_CH12_B 97.4532 97.4798 97.5022 97.5209 97.5366 9.36757 9.46757
RE+4_R3_CH12_C 98.2322 98.2617 98.2865 98.3073 98.3249 9.38289 9.48289
RE+4_R3_CH13_A 96.4391 96.4863 96.5276 96.5637 96.5953 9.46447 9.56447
RE+4_R3_CH13_B 96.0969 96.1156 96.1309 96.1434 96.1535 9.33423 9.43423
RE+4_R3_CH13_C 96.5785 96.6175 96.6511 96.68 96.7049 9.48788 9.58788
RE+4_R3_CH14_A 98.653 98.6751 98.6935 98.7087 98.7212 9.27036 9.37036
RE+4_R3_CH14_B 93.605 93.6255 93.6424 93.6563 93.6677 9.39417 9.49417
RE+4_R3_CH14_C 98.8373 98.8583 98.8756 98.8898 98.9016 9.31733 9.41733
RE+4_R3_CH15_A 96.7723 96.7961 96.816 96.8325 96.8462 9.36539 9.46539
RE+4_R3_CH15_B 96.3006 96.3209 96.3375 96.3512 96.3623 9.37453 9.47453
RE+4_R3_CH15_C 96.2356 96.2489 96.2594 96.2679 96.2746 9.30817 9.40817
RE+4_R3_CH16_A 97.897 97.9251 97.9486 97.9682 97.9847 9.33004 9.43004
RE+4_R3_CH16_B 98.503 98.5375 98.5671 98.5923 98.6138 9.4746 9.5746
RE+4_R3_CH16_C 99.6141 99.6454 99.6718 99.6941 99.713 9.36622 9.46622
RE+4_R3_CH18_A 99.2326 99.267 99.2962 99.3211 99.3421 9.35532 9.45532
RE+4_R3_CH18_B 99.1074 99.1251 99.1394 99.151 99.1604 9.33034 9.43034
RE+4_R3_CH18_C 97.6953 97.7127 97.7268 97.7382 97.7475 9.29242 9.39242
RE+4_R3_CH19_A 96.3805 96.428 96.4696 96.5061 96.538 9.74785 9.84785
RE+4_R3_CH19_B 93.1492 93.1768 93.2 93.2195 93.236 9.60868 9.70868
RE+4_R3_CH19_C 91.4292 91.4593 91.4847 91.5063 91.5246 9.61519 9.71519
RE+4_R3_CH20_A 98.2813 98.3192 98.3516 98.3794 98.4032 9.39241 9.49241
RE+4_R3_CH20_B 96.7351 96.7536 96.7687 96.7811 96.7912 9.42328 9.52328
RE+4_R3_CH20_C 94.927 94.9448 94.9593 94.9711 94.9807 9.33401 9.43401
RE+4_R3_CH21_A 95.801 95.8559 95.9047 95.948 95.9864 9.62652 9.72652
RE+4_R3_CH21_B 96.5686 96.5935 96.6143 96.6315 96.6458 9.45344 9.55344
RE+4_R3_CH21_C 96.0535 96.0925 96.1262 96.1551 96.1801 9.44225 9.54225
RE+4_R3_CH22_A 100.304 100.355 100.399 100.438 100.473 9.69535 9.79535
RE+4_R3_CH22_B 99.0624 99.0887 99.1106 99.1289 99.144 9.49807 9.59807
RE+4_R3_CH22_C 97.9262 97.9506 97.9709 97.9878 98.0018 9.49801 9.59801
RE+4_R3_CH23_A 96.0279 96.0448 96.0585 96.0697 96.0788 9.27002 9.37002
RE+4_R3_CH23_B 96.2547 96.2676 96.2779 96.2862 96.2928 9.28288 9.38288
RE+4_R3_CH23_C 96.7094 96.7382 96.7625 96.783 96.8002 9.28075 9.38075
RE+4_R3_CH24_A 99.1033 99.1299 99.152 99.1706 99.186 9.36609 9.46609
RE+4_R3_CH24_B 98.8864 98.9048 98.9198 98.9319 98.9419 9.32204 9.42204
RE+4_R3_CH24_C 99.1865 99.199 99.209 99.2169 99.2232 9.23069 9.33069
RE+4_R3_CH25_A 93.693 93.726 93.7541 93.778 93.7984 9.52217 9.62217
RE+4_R3_CH25_B 95.2521 95.2779 95.2995 95.3175 95.3326 9.44905 9.54905
RE+4_R3_CH25_C 95.2881 95.3073 95.3231 95.336 95.3466 9.34515 9.44515
RE+4_R3_CH26_A 99.3515 99.3729 99.3906 99.4051 99.417 9.32836 9.42836
RE+4_R3_CH26_B 97.8236 97.8444 97.8616 97.8757 97.8874 9.34938 9.44938
RE+4_R3_CH26_C 99.1027 99.1266 99.1462 99.1625 99.176 9.30776 9.40776
RE+4_R3_CH27_A 95.6749 95.7121 95.744 95.7715 95.7951 9.43042 9.53042
RE+4_R3_CH27_B 97.0004 97.0345 97.0635 97.0881 97.109 9.44261 9.54261
RE+4_R3_CH27_C 96.5859 96.6312 96.6706 96.7048 96.7345 9.44821 9.54821
RE+4_R3_CH28_A 98.0403 98.0768 98.1079 98.1345 98.1572 9.33987 9.43987
RE+4_R3_CH28_B 99.1272 99.1515 99.1718 99.1886 99.2026 9.3465 9.4465
RE+4_R3_CH28_C 99.2396 99.2647 99.2856 99.3029 99.3173 9.27873 9.37873
RE+4_R3_CH29_A 91.2007 91.2276 91.2502 91.2692 91.2852 9.27872 9.37872
RE+4_R3_CH29_B 95.2131 95.2403 95.2631 95.2821 95.298 9.3504 9.4504
RE+4_R3_CH29_C 95.119 95.1581 95.1918 95.221 95.2462 9.37772 9.47772
RE+4_R3_CH31_A 93.8137 93.8581 93.8968 93.9306 93.96 9.54098 9.64098
RE+4_R3_CH31_B 95.9946 96.0119 96.026 96.0374 96.0467 9.33865 9.43865
RE+4_R3_CH31_C 93.9638 93.9947 94.0209 94.0433 94.0622 9.44589 9.54589
RE+4_R3_CH32_A 98.4844 98.5357 98.5807 98.6203 98.6551 9.56288 9.66288
RE+4_R3_CH32_B 99.3941 99.4228 99.4468 99.467 99.4838 9.39943 9.49943
RE+4_R3_CH32_C 98.9548 98.9761 98.9936 99.0079 99.0197 9.27894 9.37894
RE+4_R3_CH33_A 94.8688 94.8922 94.9115 94.9276 94.9409 9.25708 9.35708
RE+4_R3_CH33_B 96.5676 96.5824 96.5943 96.6038 96.6114 9.23486 9.33486
RE+4_R3_CH33_C 95.7817 95.7958 95.807 95.816 95.8232 9.19741 9.29741
RE+4_R3_CH34_A 96.2405 96.2664 96.2881 96.3063 96.3215 9.33893 9.43893
RE+4_R3_CH34_B 97.9841 97.9998 98.0125 98.0227 98.0308 9.24214 9.34214
RE+4_R3_CH34_C 98.9405 98.9627 98.9809 98.9959 99.0083 9.26664 9.36664
RE+4_R3_CH35_A 96.4583 96.5137 96.5629 96.6066 96.6453 9.81845 9.91845
RE+4_R3_CH35_B 93.2659 93.3029 93.3348 93.3623 93.3859 9.64408 9.74408
RE+4_R3_CH35_C 94.1915 94.2494 94.3011 94.3473 94.3885 9.69222 9.79222
RE+4_R3_CH36_A 96.4648 96.4846 96.501 96.5144 96.5255 9.42965 9.52965
RE+4_R3_CH36_B 97.4875 97.5098 97.5283 97.5436 97.5562 9.43599 9.53599
RE+4_R3_CH36_C 96.8771 96.9108 96.9394 96.9637 96.9844 9.43261 9.53261
