RE-4_R2_CH01_A 95.8728 95.9417 96 96.0493 96.0911 9.35141 9.45141
RE-4_R2_CH01_B 90.2224 90.2827 90.3331 90.3752 90.4104 9.361 9.461
RE-4_R2_CH02_A 95.9835 96.0699 96.1446 96.2091 96.2648 9.47087 9.57087
RE-4_R2_CH02_B 90.5994 90.6776 90.745 90.8031 90.8533 9.46618 9.56618
RE-4_R2_CH03_A 95.8288 95.8913 95.9434 95.987 96.0233 9.34941 9.44941
RE-4_R2_CH03_B 90.9902 91.0361 91.0732 91.1033 91.1277 9.30018 9.40018
RE-4_R2_CH04_A 98.3195 98.375 98.4206 98.4581 98.4888 9.29818 9.39818
RE-4_R2_CH04_B 95.7894 95.8303 95.863 95.8892 95.9102 9.29771 9.39771
RE-4_R2_CH05_A 95.1211 95.2023 95.2722 95.3323 95.3839 9.3581 9.4581
RE-4_R2_CH05_B 88.6118 88.6697 88.7181 88.7585 88.7922 9.39642 9.49642
RE-4_R2_CH06_A 98.5957 98.6453 98.6857 98.7185 98.7452 9.21805 9.31805
RE-4_R2_CH06_B 95.568 95.604 95.6325 95.655 95.6729 9.27867 9.37867
RE-4_R2_CH07_A 96.1181 96.2164 96.3032 96.3798 96.4473 9.4277 9.5277
RE-4_R2_CH07_B 89.3839 89.4216 89.4517 89.4756 89.4946 9.25623 9.35623
RE-4_R2_CH08_A 95.215 95.2867 95.3474 95.3987 95.442 9.32888 9.42888
RE-4_R2_CH08_B 93.9714 94.0107 94.0421 94.0672 94.0873 9.29616 9.39616
RE-4_R2_CH09_A 95.5453 95.6052 95.6549 95.6962 95.7305 9.28831 9.38831
RE-4_R2_CH09_B 91.9593 92.0105 92.0523 92.0864 92.1143 9.3127 9.4127
RE-4_R2_CH10_A 98.5134 98.5625 98.6023 98.6345 98.6605 9.21756 9.31756
RE-4_R2_CH10_B 96.8351 96.8798 96.9157 96.9445 96.9677 9.22051 9.32051
RE-4_R2_CH11_A 96.224 96.2779 96.3222 96.3587 96.3888 9.30146 9.40146
RE-4_R2_CH11_B 92.2761 92.309 92.3347 92.3548 92.3705 9.22958 9.32958
RE-4_R2_CH12_A 98.3397 98.4031 98.4559 98.4998 98.5362 9.24729 9.34729
RE-4_R2_CH13_A 96.0807 96.1269 96.1644 96.1948 96.2195 9.26323 9.36323
RE-4_R2_CH13_B 93.9649 93.9978 94.0235 94.0436 94.0592 9.19701 9.29701
RE-4_R2_CH14_A 97.4181 97.4607 97.4947 97.5217 97.5433 9.27893 9.37893
RE-4_R2_CH14_B 94.9639 95.0067 95.0411 95.0689 95.0913 9.29844 9.39844
RE-4_R2_CH15_A 95.029 95.0772 95.1163 95.1481 95.174 9.27414 9.37414
RE-4_R2_CH15_B 93.2196 93.281 93.3322 93.3751 93.4108 9.35706 9.45706
RE-4_R2_CH16_A 93.0883 93.1324 93.1682 93.1972 93.2207 9.29854 9.39854
RE-4_R2_CH16_B 94.9094 94.9768 95.0334 95.081 95.1211 9.37416 9.47416
RE-4_R2_CH17_A 94.5658 94.6088 94.6436 94.6716 94.6941 9.30318 9.40318
RE-4_R2_CH17_B 90.2517 90.2878 90.3166 90.3396 90.3579 9.29854 9.39854
RE-4_R2_CH18_A 97.9262 97.9669 97.9994 98.0254 98.0462 9.26383 9.36383
RE-4_R2_CH18_B 95.8802 95.9219 95.9552 95.9817 96.0029 9.36432 9.46432
RE-4_R2_CH19_A 95.5613 95.6179 95.6645 95.7031 95.7349 9.37259 9.47259
RE-4_R2_CH19_B 90.4083 90.4453 90.4749 90.4985 90.5173 9.39857 9.49857
RE-4_R2_CH20_A 98.0276 98.1 98.1614 98.2134 98.2574 9.38363 9.48363
RE-4_R2_CH20_B 96.5532 96.567 96.577 96.5843 96.5896 9.27791 9.37791
RE-4_R2_CH21_A 95.8622 95.935 95.9965 96.0485 96.0925 9.39639 9.49639
RE-4_R2_CH21_B 86.6855 86.7592 86.8226 86.8772 86.924 9.50779 9.60779
RE-4_R2_CH22_A 100.785 100.911 101.027 101.135 101.234 10.0471 10.1471
RE-4_R2_CH22_B 82.9289 83.0263 83.1148 83.1952 83.2683 9.78397 9.88397
RE-4_R2_CH23_A 95.5526 95.6146 95.6662 95.7092 95.7449 9.25193 9.35193
RE-4_R2_CH23_B 91.5237 91.5808 91.6283 91.6676 91.7003 9.2736 9.3736
RE-4_R2_CH24_A 98.6 98.6579 98.7058 98.7452 98.7778 9.3071 9.4071
RE-4_R2_CH24_B 94.2781 94.3294 94.3712 94.4053 94.4332 9.34552 9.44552
RE-4_R2_CH25_A 96.2006 96.2417 96.2747 96.3011 96.3222 9.19386 9.29386
RE-4_R2_CH25_B 88.8812 88.916 88.9437 88.9656 88.983 9.1562 9.2562
RE-4_R2_CH26_A 99.1797 99.2372 99.2849 99.3243 99.357 9.31688 9.41688
RE-4_R2_CH26_B 94.9501 95.0011 95.0427 95.0766 95.1043 9.25771 9.35771
RE-4_R2_CH27_A 96.0318 96.0842 96.127 96.1619 96.1903 9.23576 9.33576
RE-4_R2_CH27_B 90.67 90.6981 90.7199 90.7367 90.7496 9.16277 9.26277
RE-4_R2_CH28_A 98.8645 98.9225 98.9703 99.0097 99.0422 9.30651 9.40651
RE-4_R2_CH28_B 95.1847 95.2206 95.249 95.2714 95.2892 9.27635 9.37635
RE-4_R2_CH29_A 94.6615 94.7668 94.8611 94.9455 95.0211 9.60146 9.70146
RE-4_R2_CH29_B 92.2677 92.3504 92.422 92.484 92.5377 9.43245 9.53245
RE-4_R2_CH30_A 97.9626 98.0323 98.0911 98.1407 98.1825 9.35761 9.45761
RE-4_R2_CH30_B 96.2221 96.2658 96.3011 96.3295 96.3524 9.31158 9.41158
RE-4_R2_CH31_A 94.0786 94.1496 94.2098 94.2609 94.3042 9.37425 9.47425
RE-4_R2_CH31_B 92.0101 92.0687 92.1173 92.1577 92.1913 9.38106 9.48106
RE-4_R2_CH32_A 95.7919 95.8651 95.9275 95.9805 96.0257 9.44367 9.54367
RE-4_R2_CH32_B 92.9828 93.0286 93.0659 93.0961 93.1207 9.32931 9.42931
RE-4_R2_CH33_A 96.6317 96.6747 96.7089 96.7363 96.7581 9.18305 9.28305
RE-4_R2_CH33_B 90.7087 90.7447 90.7733 90.796 90.8141 9.1758 9.2758
RE-4_R2_CH34_A 97.4589 97.517 97.565 97.6046 97.6373 9.29602 9.39602
RE-4_R2_CH34_B 97.0537 97.096 97.1299 97.157 97.1788 9.28064 9.38064
RE-4_R2_CH35_A 96.8487 96.9231 96.9866 97.0408 97.0871 9.50402 9.60402
RE-4_R2_CH35_B 84.353 84.3908 84.4213 84.4459 84.4657 9.41598 9.51598
RE-4_R2_CH36_A 98.653 98.7198 98.7759 98.823 98.8625 9.42434 9.52434
RE-4_R2_CH36_B 95.5742 95.6232 95.6632 95.6959 95.7227 9.34556 9.44556
RE-4_R3_CH01_A 96.7957 96.8451 96.8856 96.9186 96.9456 9.31464 9.41464
RE-4_R3_CH01_B 92.8464 92.9006 92.9456 92.9828 93.0136 9.34623 9.44623
RE-4_R3_CH01_C 96.2728 96.3344 96.3858 96.4287 96.4645 9.29948 9.39948
RE-4_R3_CH02_A 98.3943 98.4629 98.5205 98.5689 98.6096 9.31346 9.41346
RE-4_R3_CH02_B 98.3461 98.3935 98.4318 98.4628 98.4878 9.28321 9.38321
RE-4_R3_CH02_C 99.1732 99.2109 99.2407 99.2643 99.283 9.25232 9.35232
RE-4_R3_CH03_A 96.2077 96.2986 96.3777 96.4465 96.5064 9.45384 9.55384
RE-4_R3_CH03_B 96.5425 96.5924 96.6329 96.6657 96.6923 9.2711 9.3711
RE-4_R3_CH03_C 96.6365 96.7156 96.7831 96.8407 96.8898 9.3806 9.4806
RE-4_R3_CH04_A 96.9625 97.0588 97.1433 97.2176 97.2827 9.62096 9.72096
RE-4_R3_CH04_B 98.1894 98.2637 98.3268 98.3805 98.4263 9.45841 9.55841
RE-4_R3_CH04_C 98.8878 98.95 99.0015 99.0442 99.0794 9.29712 9.39712
RE-4_R3_CH05_A 97.5585 97.6398 97.7096 97.7696 97.8211 9.46168 9.56168
RE-4_R3_CH05_B 96.3673 96.4206 96.4644 96.5005 96.5302 9.32336 9.42336
RE-4_R3_CH05_C 95.3991 95.4591 95.509 95.5504 95.5847 9.32514 9.42514
RE-4_R3_CH06_A 97.5392 97.6052 97.6606 97.707 97.746 9.38251 9.48251
RE-4_R3_CH06_B 98.3038 98.3673 98.42 98.4639 98.5003 9.36283 9.46283
RE-4_R3_CH06_C 98.8516 98.9034 98.9457 98.9804 99.0087 9.34342 9.44342
RE-4_R3_CH07_A 96.2801 96.3369 96.3838 96.4226 96.4545 9.19723 9.29723
RE-4_R3_CH07_B 97.1468 97.2122 97.2669 97.3127 97.3509 9.30304 9.40304
RE-4_R3_CH07_C 96.0115 96.0569 96.0936 96.1232 96.1471 9.20703 9.30703
RE-4_R3_CH08_A 97.4416 97.526 97.5989 97.662 97.7166 9.33922 9.43922
RE-4_R3_CH08_B 96.2855 96.3343 96.374 96.4062 96.4325 9.24931 9.34931
RE-4_R3_CH08_C 98.0955 98.148 98.1908 98.2257 98.2541 9.23062 9.33062
RE-4_R3_CH09_A 96.2128 96.2618 96.3017 96.3341 96.3605 9.25501 9.35501
RE-4_R3_CH09_B 93.3663 93.4294 93.4824 93.5268 93.5641 9.28445 9.38445
RE-4_R3_CH09_C 88.128 88.1803 88.2233 88.2587 88.2878 9.20087 9.30087
RE-4_R3_CH10_A 98.4705 98.541 98.6004 98.6503 98.6923 9.31794 9.41794
RE-4_R3_CH10_B 98.8079 98.87 98.9214 98.9639 98.999 9.29004 9.39004
RE-4_R3_CH10_C 98.4709 98.5146 98.5498 98.5781 98.601 9.22881 9.32881
RE-4_R3_CH11_A 96.9958 97.0906 97.1733 97.2456 97.3087 9.44391 9.54391
RE-4_R3_CH11_B 96.454 96.5015 96.54 96.5711 96.5963 9.29016 9.39016
RE-4_R3_CH11_C 92.5901 92.6363 92.6738 92.7041 92.7286 9.22825 9.32825
RE-4_R3_CH12_A 97.3147 97.3711 97.4174 97.4554 97.4866 9.31632 9.41632
RE-4_R3_CH12_B 98.8376 98.8954 98.943 98.9821 99.0142 9.33281 9.43281
RE-4_R3_CH12_C 99.2127 99.2633 99.3047 99.3385 99.3661 9.29971 9.39971
RE-4_R3_CH13_A 95.0088 95.0874 95.1551 95.2134 95.2636 9.41051 9.51051
RE-4_R3_CH13_B 95.2707 95.3161 95.353 95.3829 95.4072 9.30149 9.40149
RE-4_R3_CH13_C 92.6961 92.7366 92.7692 92.7954 92.8165 9.24791 9.34791
RE-4_R3_CH14_A 97.5507 97.6184 97.6753 97.723 97.7631 9.3441 9.4441
RE-4_R3_CH14_B 98.3338 98.392 98.4401 98.4797 98.5125 9.29653 9.39653
RE-4_R3_CH14_C 97.7872 97.8347 97.8733 97.9046 97.93 9.2491 9.3491
RE-4_R3_CH15_A 95.2378 95.3314 95.4138 95.4863 95.55 9.49541 9.59541
RE-4_R3_CH15_B 95.75 95.8014 95.8435 95.8779 95.9062 9.38164 9.48164
RE-4_R3_CH15_C 96.0299 96.0993 96.1577 96.2069 96.2482 9.43109 9.53109
RE-4_R3_CH16_A 98.9461 99.0416 99.1251 99.1979 99.2614 9.49147 9.59147
RE-4_R3_CH16_B 97.5043 97.593 97.6696 97.7358 97.7931 9.53759 9.63759
RE-4_R3_CH16_C 98.2353 98.3105 98.3742 98.428 98.4736 9.43525 9.53525
RE-4_R3_CH17_A 95.3746 95.4402 95.4954 95.5417 95.5805 9.30025 9.40025
RE-4_R3_CH17_B 96.7522 96.8064 96.8511 96.8878 96.9181 9.33935 9.43935
RE-4_R3_CH17_C 95.8597 95.9094 95.9499 95.9828 96.0096 9.33788 9.43788
RE-4_R3_CH18_A 97.9939 98.0551 98.106 98.1483 98.1834 9.42882 9.52882
RE-4_R3_CH18_B 97.6595 97.7294 97.7883 97.838 97.88 9.42228 9.52228
RE-4_R3_CH18_C 98.4596 98.5105 98.5518 98.5853 98.6124 9.27566 9.37566
RE-4_R3_CH19_A 95.7282 95.8192 95.8985 95.9677 96.0281 9.50149 9.60149
RE-4_R3_CH19_B 95.3377 95.3915 95.4359 95.4724 95.5025 9.40751 9.50751
RE-4_R3_CH19_C 95.0864 95.1531 95.2093 95.2567 95.2967 9.37591 9.47591
RE-4_R3_CH20_A 98.6786 98.7794 98.8686 98.9476 99.0173 9.59331 9.69331
RE-4_R3_CH20_B 97.2462 97.3186 97.3802 97.4325 97.4771 9.41426 9.51426
RE-4_R3_CH20_C 98.5761 98.6342 98.682 98.7213 98.7536 9.3767 9.4767
RE-4_R3_CH21_A 96.1508 96.237 96.3116 96.3762 96.4321 9.43599 9.53599
RE-4_R3_CH21_B 97.3696 97.435 97.4897 97.5354 97.5736 9.40297 9.50297
RE-4_R3_CH21_C 96.2168 96.2906 96.3537 96.4076 96.4536 9.39774 9.49774
RE-4_R3_CH22_A 97.074 97.1271 97.1707 97.2063 97.2356 9.40378 9.50378
RE-4_R3_CH22_B 95.8653 95.9052 95.937 95.9622 95.9823 9.39564 9.49564
RE-4_R3_CH22_C 96.7044 96.763 96.8114 96.8514 96.8844 9.34454 9.44454
RE-4_R3_CH23_A 95.6688 95.7622 95.8444 95.9166 95.9801 9.39207 9.49207
RE-4_R3_CH23_B 96.6206 96.6815 96.7318 96.7735 96.808 9.3374 9.4374
RE-4_R3_CH23_C 96.1602 96.2357 96.2999 96.3544 96.4007 9.34565 9.44565
RE-4_R3_CH24_A 98.3095 98.3529 98.3877 98.4155 98.4379 9.29811 9.39811
RE-4_R3_CH24_B 99.3351 99.39 99.4348 99.4714 99.5013 9.38297 9.48297
RE-4_R3_CH24_C 99.3165 99.368 99.4101 99.4446 99.4727 9.30377 9.40377
RE-4_R3_CH25_A 96.7694 96.854 96.9269 96.9897 97.0437 9.5616 9.6616
RE-4_R3_CH25_B 97.0918 97.1334 97.1666 97.1932 97.2145 9.28765 9.38765
RE-4_R3_CH25_C 96.5022 96.555 96.5982 96.6336 96.6626 9.31552 9.41552
RE-4_R3_CH26_A 97.2667 97.3233 97.3702 97.4091 97.4412 9.31436 9.41436
RE-4_R3_CH26_B 99.1169 99.1762 99.2251 99.2655 99.2989 9.31053 9.41053
RE-4_R3_CH26_C 98.8794 98.9455 99.0005 99.0464 99.0845 9.31656 9.41656
RE-4_R3_CH27_A 96.5165 96.5861 96.6446 96.6938 96.7352 9.32715 9.42715
RE-4_R3_CH27_B 97.0164 97.0701 97.1144 97.1508 97.1808 9.30824 9.40824
RE-4_R3_CH27_C 96.1206 96.1975 96.2631 96.3191 96.3668 9.28237 9.38237
RE-4_R3_CH28_A 98.09 98.1518 98.203 98.2453 98.2803 9.31013 9.41013
RE-4_R3_CH28_B 99.3034 99.3482 99.3842 99.4132 99.4366 9.29182 9.39182
RE-4_R3_CH28_C 99.1725 99.2229 99.2642 99.2978 99.3253 9.2543 9.3543
RE-4_R3_CH29_A 94.5375 94.5899 94.6331 94.6686 94.6978 9.27845 9.37845
RE-4_R3_CH29_B 96.538 96.5913 96.6349 96.6706 96.6999 9.33098 9.43098
RE-4_R3_CH29_C 95.3527 95.4262 95.4886 95.5416 95.5866 9.31586 9.41586
RE-4_R3_CH30_A 94.7994 94.843 94.878 94.9061 94.9287 9.32175 9.42175
RE-4_R3_CH30_B 96.5398 96.5882 96.6275 96.6593 96.685 9.38809 9.48809
RE-4_R3_CH30_C 94.9152 94.9617 94.9994 95.03 95.0549 9.31711 9.41711
RE-4_R3_CH31_A 97.2682 97.3277 97.3772 97.4181 97.4522 9.35976 9.45976
RE-4_R3_CH31_B 97.8393 97.9073 97.9644 98.0124 98.0527 9.42888 9.52888
RE-4_R3_CH31_C 95.9067 95.9584 96.0007 96.0354 96.0637 9.29621 9.39621
RE-4_R3_CH32_A 97.5441 97.623 97.6908 97.749 97.7989 9.45199 9.55199
RE-4_R3_CH32_B 98.7677 98.8303 98.8822 98.9252 98.9608 9.42956 9.52956
RE-4_R3_CH32_C 99.2773 99.3365 99.3855 99.4262 99.4599 9.33075 9.43075
RE-4_R3_CH33_A 96.1665 96.2137 96.2519 96.283 96.3083 9.24687 9.34687
RE-4_R3_CH33_B 96.1122 96.1567 96.1925 96.2214 96.2448 9.25291 9.35291
RE-4_R3_CH33_C 95.2723 95.3266 95.3711 95.4077 95.4377 9.24626 9.34626
RE-4_R3_CH34_A 97.3489 97.4014 97.4443 97.4793 97.5078 9.20337 9.30337
RE-4_R3_CH34_B 99.2932 99.3475 99.3918 99.428 99.4575 9.24719 9.34719
RE-4_R3_CH34_C 98.8211 98.8877 98.9434 98.99 99.0289 9.27753 9.37753
RE-4_R3_CH35_A 96.9963 97.0528 97.0995 97.1382 97.1702 9.39311 9.49311
RE-4_R3_CH35_B 96.5076 96.5573 96.5976 96.6302 96.6566 9.36246 9.46246
RE-4_R3_CH35_C 95.3824 95.4477 95.5026 95.5489 95.5879 9.29912 9.39912
RE-4_R3_CH36_A 97.6388 97.6861 97.7241 97.7547 97.7794 9.25643 9.35643
RE-4_R3_CH36_B 97.467 97.5052 97.5354 97.5593 97.5781 9.30092 9.40092
RE-4_R3_CH36_C 98.8707 98.9216 98.9633 98.9973 99.0251 9.25981 9.35981
RE+4_R2_CH01_A 95.8941 95.9932 96.0808 96.1584 96.2269 9.46966 9.56966
RE+4_R2_CH01_B 89.1595 89.2129 89.257 89.2935 89.3236 9.33772 9.43772
RE+4_R2_CH02_A 98.0053 98.0657 98.1158 98.1574 98.192 9.41153 9.51153
RE+4_R2_CH02_B 96.3591 96.4027 96.4376 96.4656 96.4881 9.33951 9.43951
RE+4_R2_CH03_A 93.4978 93.5388 93.5716 93.5979 93.619 9.2965 9.3965
RE+4_R2_CH03_B 89.2997 89.3771 89.4438 89.5014 89.5511 9.41609 9.51609
RE+4_R2_CH04_A 99.0983 99.186 99.2615 99.3265 99.3825 9.47291 9.57291
RE+4_R2_CH04_B 96.9202 96.974 97.0181 97.0542 97.0839 9.27262 9.37262
RE+4_R2_CH05_A 92.6214 92.6776 92.7242 92.7629 92.795 9.36762 9.46762
RE+4_R2_CH05_B 87.3943 87.4414 87.4798 87.5112 87.5368 9.39988 9.49988
RE+4_R2_CH06_A 97.9143 97.9663 98.0087 98.0433 98.0714 9.32918 9.42918
RE+4_R2_CH06_B 96.8951 96.9383 96.9731 97.0011 97.0237 9.36662 9.46662
RE+4_R2_CH07_A 96.1874 96.2447 96.2918 96.3306 96.3625 9.33772 9.43772
RE+4_R2_CH07_B 90.8525 90.8996 90.9379 90.9691 90.9945 9.38113 9.48113
RE+4_R2_CH08_A 98.587 98.6376 98.6787 98.7122 98.7395 9.2762 9.3762
RE+4_R2_CH08_B 93.3859 93.4515 93.5067 93.5531 93.592 9.30164 9.40164
RE+4_R2_CH09_A 92.9397 93.0071 93.064 93.1121 93.1527 9.31013 9.41013
RE+4_R2_CH09_B 89.7896 89.8579 89.916 89.9655 90.0076 9.3633 9.4633
RE+4_R2_CH10_A 95.6786 95.6803 95.6814 95.682 95.6824 9.08617 9.18617
RE+4_R2_CH10_B 92.1084 92.1356 92.1566 92.1728 92.1853 9.18516 9.28516
RE+4_R2_CH11_A 96.6652 96.7135 96.7527 96.7846 96.8105 9.25284 9.35284
RE+4_R2_CH11_B 90.6568 90.6977 90.7305 90.7569 90.778 9.30723 9.40723
RE+4_R2_CH12_A 95.2366 95.3208 95.3936 95.4564 95.5106 9.44045 9.54045
RE+4_R2_CH12_B 92.3137 92.3722 92.4208 92.4612 92.4948 9.35874 9.45874
RE+4_R2_CH13_A 96.7385 96.8197 96.8894 96.9493 97.0008 9.34107 9.44107
RE+4_R2_CH13_B 90.1197 90.172 90.215 90.2503 90.2793 9.26237 9.36237
RE+4_R2_CH14_A 98.6004 98.6916 98.7707 98.8393 98.8987 9.40212 9.50212
RE+4_R2_CH14_B 94.9954 95.0319 95.0609 95.0838 95.102 9.27701 9.37701
RE+4_R2_CH15_A 97.1508 97.2099 97.2588 97.2991 97.3325 9.27103 9.37103
RE+4_R2_CH15_B 91.5316 91.5891 91.6369 91.6766 91.7096 9.30615 9.40615
RE+4_R2_CH16_A 98.2773 98.3505 98.4123 98.4645 98.5086 9.36318 9.46318
RE+4_R2_CH16_B 95.4311 95.4576 95.4779 95.4934 95.5052 9.23709 9.33709
RE+4_R2_CH17_A 96.9021 96.9491 96.9871 97.0178 97.0426 9.29953 9.39953
RE+4_R2_CH17_B 82.7093 82.7693 82.8202 82.8633 82.8998 9.45523 9.55523
RE+4_R2_CH18_A 97.8887 97.9398 97.9814 98.0153 98.0429 9.32313 9.42313
RE+4_R2_CH18_B 92.2098 92.2615 92.3037 92.3382 92.3664 9.28571 9.38571
RE+4_R2_CH19_A 96.7048 96.7789 96.8415 96.8946 96.9394 9.356 9.456
RE+4_R2_CH19_B 90.6549 90.6902 90.7182 90.7404 90.758 9.36496 9.46496
RE+4_R2_CH20_A 96.1557 96.2145 96.2631 96.3032 96.3364 9.45481 9.55481
RE+4_R2_CH20_B 94.5405 94.6066 94.6621 94.7084 94.7473 9.32682 9.42682
RE+4_R2_CH21_A 95.5076 95.5622 95.6073 95.6445 95.6751 9.4626 9.5626
RE+4_R2_CH21_B 84.1475 84.206 84.2549 84.2959 84.3302 9.39981 9.49981
RE+4_R2_CH22_A 85.1428 85.1949 85.238 85.2736 85.303 9.48772 9.58772
RE+4_R2_CH22_B 84.0162 84.0764 84.1271 84.17 84.2062 9.38652 9.48652
RE+4_R2_CH23_A 96.1744 96.2254 96.2672 96.3013 96.3293 9.29699 9.39699
RE+4_R2_CH23_B 92.7682 92.8238 92.8698 92.9078 92.9391 9.32049 9.42049
RE+4_R2_CH24_A 96.3547 96.4075 96.4508 96.4862 96.5152 9.33158 9.43158
RE+4_R2_CH24_B 93.9023 93.9576 94.0032 94.0408 94.0719 9.24043 9.34043
RE+4_R2_CH25_A 96.0596 96.1465 96.2222 96.2881 96.3455 9.375 9.475
RE+4_R2_CH25_B 92.9387 93.0053 93.0613 93.1084 93.1481 9.27427 9.37427
RE+4_R2_CH26_A 98.1568 98.2061 98.246 98.2782 98.3043 9.34056 9.44056
RE+4_R2_CH26_B 95.8352 95.8575 95.8744 95.8872 95.8969 9.2878 9.3878
RE+4_R2_CH27_A 96.329 96.4004 96.461 96.5123 96.5558 9.34116 9.44116
RE+4_R2_CH27_B 92.0818 92.1278 92.1651 92.1952 92.2196 9.23769 9.33769
RE+4_R2_CH28_A 98.5201 98.5965 98.6619 98.7177 98.7653 9.38153 9.48153
RE+4_R2_CH28_B 98.0854 98.1515 98.2069 98.2534 98.2924 9.34373 9.44373
RE+4_R2_CH29_A 96.1437 96.2126 96.2707 96.3198 96.3612 9.25812 9.35812
RE+4_R2_CH29_B 92.1499 92.1945 92.2305 92.2594 92.2827 9.18163 9.28163
RE+4_R2_CH31_A 96.2517 96.331 96.3987 96.4565 96.5058 9.34229 9.44229
RE+4_R2_CH31_B 92.5471 92.6086 92.66 92.703 92.7389 9.26302 9.36302
RE+4_R2_CH32_A 99.2711 99.3393 99.3963 99.444 99.4839 9.34688 9.44688
RE+4_R2_CH32_B 97.0345 97.0806 97.118 97.1483 97.1729 9.22818 9.32818
RE+4_R2_CH33_A 96.2933 96.3386 96.375 96.4042 96.4277 9.22456 9.32456
RE+4_R2_CH33_B 93.0171 93.0451 93.0669 93.0837 93.0968 9.17509 9.27509
RE+4_R2_CH34_A 98.7228 98.7772 98.8218 98.8583 98.8883 9.27665 9.37665
RE+4_R2_CH34_B 95.069 95.1063 95.1359 95.1594 95.178 9.17599 9.27599
RE+4_R2_CH35_A 95.9569 96.0095 96.0524 96.0874 96.116 9.3082 9.4082
RE+4_R2_CH35_B 91.2738 91.328 91.3726 91.4092 91.4393 9.30138 9.40138
RE+4_R2_CH36_A 94.4239 94.4902 94.5459 94.5928 94.6321 9.3323 9.4323
RE+4_R2_CH36_B 91.3587 91.3847 91.4047 91.4201 91.432 9.27088 9.37088
RE+4_R3_CH01_A 95.7798 95.8884 95.9861 96.0739 96.1528 9.66252 9.76252
RE+4_R3_CH01_B 94.3818 94.4308 94.4705 94.5027 94.5288 9.41317 9.51317
RE+4_R3_CH01_C 93.645 93.7131 93.7705 93.8187 93.8593 9.33625 9.43625
RE+4_R3_CH02_A 90.7296 90.7746 90.8111 90.8409 90.865 9.3205 9.4205
RE+4_R3_CH02_B 98.2742 98.3612 98.4364 98.5012 98.5572 9.54728 9.64728
RE+4_R3_CH02_C 95.4647 95.5419 95.608 95.6646 95.713 9.51361 9.61361
RE+4_R3_CH03_A 95.4476 95.5027 95.548 95.5851 95.6156 9.30738 9.40738
RE+4_R3_CH03_B 93.8226 93.8751 93.918 93.953 93.9816 9.29346 9.39346
RE+4_R3_CH03_C 91.1954 91.2407 91.2776 91.3075 91.3318 9.25913 9.35913
RE+4_R3_CH04_A 97.7322 97.7903 97.8385 97.8784 97.9115 9.28715 9.38715
RE+4_R3_CH04_B 97.9181 97.9751 98.0219 98.0604 98.092 9.38965 9.48965
RE+4_R3_CH04_C 95.5487 95.6036 95.6486 95.6856 95.716 9.29628 9.39628
RE+4_R3_CH05_A 93.8751 93.9361 93.987 94.0295 94.065 9.27362 9.37362
RE+4_R3_CH05_B 96.5797 96.6272 96.6658 96.6971 96.7226 9.31564 9.41564
RE+4_R3_CH05_C 95.6361 95.691 95.7361 95.7731 95.8035 9.29775 9.39775
RE+4_R3_CH06_A 97.5585 97.612 97.6559 97.6918 97.7212 9.14343 9.24343
RE+4_R3_CH06_B 98.6693 98.72 98.7611 98.7944 98.8214 9.23509 9.33509
RE+4_R3_CH06_C 98.8186 98.8695 98.911 98.9447 98.9721 9.21587 9.31587
RE+4_R3_CH07_A 95.606 95.686 95.7545 95.8132 95.8635 9.36244 9.46244
RE+4_R3_CH07_B 95.9619 96.0044 96.0385 96.0658 96.0877 9.24067 9.34067
RE+4_R3_CH07_C 95.9197 95.9725 96.0161 96.0519 96.0813 9.30001 9.40001
RE+4_R3_CH08_A 98.9613 99.0265 99.0812 99.1271 99.1655 9.36075 9.46075
RE+4_R3_CH08_B 97.1524 97.2193 97.2754 97.3226 97.3622 9.39335 9.49335
RE+4_R3_CH08_C 95.6069 95.6699 95.7223 95.7659 95.8022 9.4051 9.5051
RE+4_R3_CH09_A 96.2897 96.3592 96.418 96.4675 96.5094 9.37083 9.47083
RE+4_R3_CH09_B 97.7053 97.7599 97.8049 97.8419 97.8724 9.29662 9.39662
RE+4_R3_CH09_C 96.7071 96.7654 96.8137 96.8538 96.8871 9.25501 9.35501
RE+4_R3_CH10_A 87.5216 87.5849 87.6382 87.683 87.7207 9.24922 9.34922
RE+4_R3_CH10_B 93.7092 93.7544 93.7912 93.821 93.8452 9.2478 9.3478
RE+4_R3_CH10_C 97.2749 97.3888 97.4916 97.5842 97.6677 9.61851 9.71851
RE+4_R3_CH11_A 96.503 96.5653 96.6171 96.6602 96.696 9.29817 9.39817
RE+4_R3_CH11_B 96.4694 96.514 96.5499 96.5786 96.6017 9.33246 9.43246
RE+4_R3_CH11_C 92.2896 92.353 92.4061 92.4505 92.4877 9.3323 9.4323
RE+4_R3_CH12_A 95.0417 95.0881 95.1258 95.1563 95.1812 9.24122 9.34122
RE+4_R3_CH12_B 97.2196 97.284 97.3381 97.3834 97.4214 9.36757 9.46757
RE+4_R3_CH12_C 97.9764 98.0466 98.1057 98.1554 98.1971 9.38289 9.48289
RE+4_R3_CH13_A 96.0826 96.1739 96.2538 96.3239 96.3853 9.46447 9.56447
RE+4_R3_CH13_B 95.9167 95.9687 96.0111 96.0456 96.0739 9.33423 9.43423
RE+4_R3_CH13_C 96.2674 96.3493 96.4199 96.4808 96.5333 9.48788 9.58788
RE+4_R3_CH14_A 98.4504 98.5075 98.5547 98.5938 98.6262 9.27036 9.37036
RE+4_R3_CH14_B 93.4123 93.4672 93.5124 93.5495 93.5799 9.39417 9.49417
RE+4_R3_CH14_C 98.6419 98.6974 98.7431 98.7807 98.8117 9.31733 9.41733
RE+4_R3_CH15_A 96.5588 96.6184 96.6679 96.7092 96.7436 9.36539 9.46539
RE+4_R3_CH15_B 96.1099 96.1644 96.2091 96.2458 96.2759 9.37453 9.47453
RE+4_R3_CH15_C 96.0971 96.1385 96.1716 96.1979 96.2189 9.30817 9.40817
RE+4_R3_CH16_A 97.6499 97.7182 97.7755 97.8233 97.8634 9.33004 9.43004
RE+4_R3_CH16_B 98.2185 98.2946 98.3596 98.4151 98.4625 9.4746 9.5746
RE+4_R3_CH16_C 99.3464 99.4193 99.4809 99.533 99.5769 9.36622 9.46622
RE+4_R3_CH18_A 98.9442 99.022 99.0881 99.1443 99.1921 9.35532 9.45532
RE+4_R3_CH18_B 98.9336 98.9843 99.0254 99.0586 99.0856 9.33034 9.43034
RE+4_R3_CH18_C 97.5269 97.5757 97.6155 97.6478 97.674 9.29242 9.39242
RE+4_R3_CH19_A 96.0213 96.1132 96.1937 96.2643 96.3262 9.74785 9.84785
RE+4_R3_CH19_B 92.9123 92.9771 93.0317 93.0778 93.1165 9.60868 9.70868
RE+4_R3_CH19_C 91.1761 91.2446 91.3027 91.352 91.3938 9.61519 9.71519
RE+4_R3_CH20_A 97.9728 98.0549 98.1252 98.1855 98.2371 9.39241 9.49241
RE+4_R3_CH20_B 96.5589 96.6095 96.6509 96.6847 96.7124 9.42328 9.52328
RE+4_R3_CH20_C 94.7551 94.8048 94.8453 94.8783 94.9051 9.33401 9.43401
RE+4_R3_CH21_A 95.4035 95.5028 95.5911 95.6695 95.7391 9.62652 9.72652
RE+4_R3_CH21_B 96.3443 96.407 96.4591 96.5025 96.5386 9.45344 9.55344
RE+4_R3_CH21_C 95.7422 95.8241 95.8948 95.9557 96.0082 9.44225 9.54225
RE+4_R3_CH22_A 99.9208 100.019 100.104 100.18 100.246 9.69535 9.79535
RE+4_R3_CH22_B 98.8263 98.8922 98.947 98.9927 99.0307 9.49807 9.59807
RE+4_R3_CH22_C 97.7083 97.7691 97.8197 97.8618 97.897 9.49801 9.59801
RE+4_R3_CH23_A 95.8633 95.9111 95.9499 95.9814 96.007 9.27002 9.37002
RE+4_R3_CH23_B 96.1214 96.1611 96.1929 96.2182 96.2385 9.28288 9.38288
RE+4_R3_CH23_C 96.4618 96.5295 96.5866 96.6347 96.6753 9.28075 9.38075
RE+4_R3_CH24_A 98.8678 98.9331 98.9877 99.0334 99.0715 9.36609 9.46609
RE+4_R3_CH24_B 98.7086 98.76 98.8019 98.836 98.8638 9.32204 9.42204
RE+4_R3_CH24_C 99.0541 99.094 99.1256 99.1507 99.1706 9.23069 9.33069
RE+4_R3_CH25_A 93.4195 93.4929 93.5555 93.6089 93.6543 9.52217 9.62217
RE+4_R3_CH25_B 95.0233 95.0867 95.1398 95.1841 95.2211 9.44905 9.54905
RE+4_R3_CH25_C 95.1062 95.1583 95.201 95.236 95.2646 9.34515 9.44515
RE+4_R3_CH26_A 99.1528 99.2092 99.2557 99.294 99.3255 9.32836 9.42836
RE+4_R3_CH26_B 97.6297 97.6848 97.7301 97.7675 97.7982 9.34938 9.44938
RE+4_R3_CH26_C 98.8845 98.946 98.997 99.0391 99.0739 9.30776 9.40776
RE+4_R3_CH27_A 95.3774 95.4559 95.5235 95.5817 95.6318 9.43042 9.53042
RE+4_R3_CH27_B 96.7151 96.7921 96.8575 96.913 96.9603 9.44261 9.54261
RE+4_R3_CH27_C 96.2352 96.3261 96.4052 96.474 96.5339 9.44821 9.54821
RE+4_R3_CH28_A 97.7393 97.8199 97.8886 97.9474 97.9975 9.33987 9.43987
RE+4_R3_CH28_B 98.9095 98.9703 99.0208 99.0629 99.098 9.3465 9.4465
RE+4_R3_CH28_C 99.0131 99.0765 99.1292 99.173 99.2093 9.27873 9.37873
RE+4_R3_CH29_A 90.9667 91.031 91.085 91.1304 91.1686 9.27872 9.37872
RE+4_R3_CH29_B 94.9735 95.0398 95.0952 95.1417 95.1805 9.3504 9.4504
RE+4_R3_CH29_C 94.81 94.8909 94.961 95.0215 95.0738 9.37772 9.47772
RE+4_R3_CH31_A 93.4721 93.5602 93.6371 93.7042 93.7627 9.54098 9.64098
RE+4_R3_CH31_B 95.8268 95.8755 95.915 95.9472 95.9734 9.33865 9.43865
RE+4_R3_CH31_C 93.7056 93.7752 93.8343 93.8847 93.9274 9.44589 9.54589
RE+4_R3_CH32_A 98.1016 98.1989 98.2846 98.3599 98.4262 9.56288 9.66288
RE+4_R3_CH32_B 99.1417 99.2114 99.2699 99.3188 99.3598 9.39943 9.49943
RE+4_R3_CH32_C 98.7551 98.8121 98.8589 98.8974 98.9289 9.27894 9.37894
RE+4_R3_CH33_A 94.6578 94.7169 94.7661 94.8068 94.8407 9.25708 9.35708
RE+4_R3_CH33_B 96.4177 96.462 96.4977 96.5263 96.5492 9.23486 9.33486
RE+4_R3_CH33_C 95.6387 95.6811 95.7151 95.7424 95.7642 9.19741 9.29741
RE+4_R3_CH34_A 96.013 96.0758 96.1285 96.1726 96.2095 9.33893 9.43893
RE+4_R3_CH34_B 97.8253 97.8721 97.9098 97.9401 97.9645 9.24214 9.34214
RE+4_R3_CH34_C 98.7332 98.7922 98.8407 98.8807 98.9135 9.26664 9.36664
RE+4_R3_CH35_A 96.0576 96.1577 96.2467 96.3257 96.396 9.81845 9.91845
RE+4_R3_CH35_B 92.9699 93.0479 93.1151 93.173 93.2229 9.64408 9.74408
RE+4_R3_CH35_C 93.7794 93.8814 93.9725 94.0539 94.1266 9.69222 9.79222
RE+4_R3_CH36_A 96.2794 96.3322 96.3756 96.4113 96.4406 9.42965 9.52965
RE+4_R3_CH36_B 97.2839 97.3412 97.3886 97.4279 97.4605 9.43599 9.53599
RE+4_R3_CH36_C 96.5946 96.6708 96.7356 96.7906 96.8373 9.43261 9.53261
