RE-4_R2_CH01_A 91.8336 92.4989 93.069 93.5566 93.973 9.35141 9.45141
RE-4_R2_CH01_B 86.2061 86.9006 87.4889 87.9863 88.4058 9.361 9.461
RE-4_R2_CH02_A 91.8289 92.4579 93.0076 93.487 93.9047 9.47087 9.57087
RE-4_R2_CH02_B 86.7796 87.3624 87.8707 88.3132 88.6981 9.46618 9.56618
RE-4_R2_CH03_A 91.6224 92.3529 92.971 93.493 93.9327 9.34941 9.44941
RE-4_R2_CH03_B 86.7673 87.5857 88.2593 88.8118 89.2639 9.30018 9.40018
RE-4_R2_CH04_A 93.8624 94.6869 95.3737 95.9443 96.4172 9.29818 9.39818
RE-4_R2_CH04_B 91.5219 92.3842 93.0856 93.6542 94.1138 9.29771 9.39771
RE-4_R2_CH05_A 91.0324 91.664 92.2134 92.6905 93.1041 9.3581 9.4581
RE-4_R2_CH05_B 84.7164 85.3926 85.9649 86.4481 86.8553 9.39642 9.49642
RE-4_R2_CH06_A 94.2217 95.0581 95.7488 96.3173 96.7843 9.21805 9.31805
RE-4_R2_CH06_B 91.3746 92.2521 92.9586 93.5255 93.979 9.27867 9.37867
RE-4_R2_CH07_A 92.2455 92.7811 93.2582 93.6826 94.0597 9.4277 9.5277
RE-4_R2_CH07_B 85.2248 86.0791 86.7709 87.3291 87.7782 9.25623 9.35623
RE-4_R2_CH08_A 90.9598 91.6629 92.2653 92.7801 93.2193 9.32888 9.42888
RE-4_R2_CH08_B 89.8308 90.6704 91.3526 91.905 92.3511 9.29616 9.39616
RE-4_R2_CH09_A 91.2969 92.0492 92.6828 93.2151 93.6615 9.28831 9.38831
RE-4_R2_CH09_B 87.6522 88.4619 89.1337 89.6895 90.148 9.3127 9.4127
RE-4_R2_CH10_A 93.9685 94.851 95.5769 96.172 96.6587 9.21756 9.31756
RE-4_R2_CH10_B 92.3419 93.2382 93.9701 94.5656 95.0488 9.22051 9.32051
RE-4_R2_CH11_A 92.0553 92.8177 93.4545 93.9851 94.4261 9.30146 9.40146
RE-4_R2_CH11_B 87.8841 88.8392 89.6 90.2035 90.6807 9.22958 9.32958
RE-4_R2_CH12_A 93.8949 94.678 95.3385 95.8941 96.3606 9.24729 9.34729
RE-4_R2_CH13_A 91.9222 92.7236 93.3837 93.926 94.3705 9.26323 9.36323
RE-4_R2_CH13_B 89.5314 90.4984 91.2678 91.8776 92.3593 9.19701 9.29701
RE-4_R2_CH14_A 92.8025 93.7451 94.5097 95.1278 95.6259 9.27893 9.37893
RE-4_R2_CH14_B 90.8138 91.6335 92.3043 92.8516 93.297 9.29844 9.39844
RE-4_R2_CH15_A 90.7991 91.6072 92.2746 92.8242 93.2757 9.27414 9.37414
RE-4_R2_CH15_B 89.104 89.8174 90.4214 90.9317 91.3618 9.35706 9.45706
RE-4_R2_CH16_A 89.0905 89.8627 90.4984 91.0203 91.4477 9.29854 9.39854
RE-4_R2_CH16_B 90.68 91.3948 92.0038 92.5215 92.9607 9.37416 9.47416
RE-4_R2_CH17_A 90.4079 91.2276 91.8988 92.4467 92.8928 9.30318 9.40318
RE-4_R2_CH17_B 86.3671 87.1606 87.8038 88.3236 88.7424 9.29854 9.39854
RE-4_R2_CH18_A 93.6249 94.4979 95.207 95.7811 96.2446 9.26383 9.36383
RE-4_R2_CH18_B 91.3465 92.2729 93.0243 93.6316 94.1209 9.36432 9.46432
RE-4_R2_CH19_A 91.2899 92.0637 92.7117 93.2529 93.704 9.37259 9.47259
RE-4_R2_CH19_B 86.4682 87.2699 87.9206 88.4469 88.8716 9.39857 9.49857
RE-4_R2_CH20_A 93.8284 94.5167 95.1072 95.6129 96.0452 9.38363 9.48363
RE-4_R2_CH20_B 92.2592 93.4147 94.2706 94.9009 95.3632 9.27791 9.37791
RE-4_R2_CH21_A 91.5602 92.2703 92.8786 93.3988 93.8427 9.39639 9.49639
RE-4_R2_CH21_B 82.9675 83.5422 84.042 84.476 84.8521 9.50779 9.60779
RE-4_R2_CH22_A 97.4672 97.8379 98.182 98.5013 98.7974 10.0471 10.1471
RE-4_R2_CH22_B 79.9681 80.3269 80.655 80.9547 81.2284 9.78397 9.88397
RE-4_R2_CH23_A 91.2172 91.9801 92.6237 93.1654 93.6202 9.25193 9.35193
RE-4_R2_CH23_B 87.4631 88.1826 88.7885 89.2974 89.7241 9.2736 9.3736
RE-4_R2_CH24_A 94.2089 95.0053 95.6719 96.2286 96.6924 9.3071 9.4071
RE-4_R2_CH24_B 89.9165 90.7397 91.422 91.9857 92.4503 9.34552 9.44552
RE-4_R2_CH25_A 91.9086 92.7756 93.4807 94.0524 94.5146 9.19386 9.29386
RE-4_R2_CH25_B 84.9007 85.7283 86.396 86.9328 87.3631 9.1562 9.2562
RE-4_R2_CH26_A 94.957 95.7146 96.3505 96.8829 97.3277 9.31688 9.41688
RE-4_R2_CH26_B 90.5872 91.4124 92.0959 92.6604 93.1253 9.25771 9.35771
RE-4_R2_CH27_A 91.5815 92.4209 93.1168 93.6918 94.1659 9.23576 9.33576
RE-4_R2_CH27_B 86.3857 87.3525 88.1138 88.7107 89.1771 9.16277 9.26277
RE-4_R2_CH28_A 94.4695 95.267 95.9346 96.4919 96.9562 9.30651 9.40651
RE-4_R2_CH28_B 91.0074 91.8815 92.5853 93.15 93.6018 9.27635 9.37635
RE-4_R2_CH29_A 91.0261 91.4972 91.9225 92.3059 92.6513 9.60146 9.70146
RE-4_R2_CH29_B 88.3817 88.9645 89.4748 89.9208 90.3101 9.43245 9.53245
RE-4_R2_CH30_A 93.729 94.4357 95.0395 95.5542 95.9923 9.35761 9.45761
RE-4_R2_CH30_B 91.9964 92.8298 93.5121 94.069 94.5224 9.31158 9.41158
RE-4_R2_CH31_A 89.996 90.6626 91.2351 91.7258 92.1457 9.37425 9.47425
RE-4_R2_CH31_B 87.884 88.6127 89.2269 89.7433 90.1765 9.38106 9.48106
RE-4_R2_CH32_A 91.724 92.3791 92.9436 93.4289 93.8455 9.44367 9.54367
RE-4_R2_CH32_B 88.9041 89.6869 90.3325 90.8634 91.2991 9.32931 9.42931
RE-4_R2_CH33_A 92.0143 92.9546 93.7181 94.3357 94.8339 9.18305 9.28305
RE-4_R2_CH33_B 86.6165 87.4654 88.1507 88.702 89.1443 9.1758 9.2758
RE-4_R2_CH34_A 93.0841 93.8756 94.5386 95.0926 95.5545 9.29602 9.39602
RE-4_R2_CH34_B 92.6829 93.5631 94.2798 94.8613 95.3319 9.28064 9.38064
RE-4_R2_CH35_A 92.8402 93.4781 94.0291 94.5043 94.9133 9.50402 9.60402
RE-4_R2_CH35_B 80.6732 81.4004 81.9954 82.4808 82.8758 9.41598 9.51598
RE-4_R2_CH36_A 94.3733 95.1026 95.7225 96.2484 96.6937 9.42434 9.52434
RE-4_R2_CH36_B 91.4685 92.2407 92.881 93.4105 93.8473 9.34556 9.44556
RE-4_R3_CH01_A 92.6428 93.4242 94.072 94.6077 95.0495 9.31464 9.41464
RE-4_R3_CH01_B 88.8784 89.5896 90.1866 90.6866 91.1045 9.34623 9.44623
RE-4_R3_CH01_C 92.0909 92.8194 93.4354 93.9551 94.3926 9.29948 9.39948
RE-4_R3_CH02_A 94.0553 94.791 95.4172 95.9492 96.4001 9.31346 9.41346
RE-4_R3_CH02_B 93.8901 94.7603 95.4749 96.0598 96.5373 9.28321 9.38321
RE-4_R3_CH02_C 94.804 95.7172 96.4527 97.043 97.5155 9.25232 9.35232
RE-4_R3_CH03_A 92.1165 92.7181 93.2472 93.7117 94.1189 9.45384 9.55384
RE-4_R3_CH03_B 92.001 92.8774 93.5995 94.1927 94.6786 9.2711 9.3711
RE-4_R3_CH03_C 92.3631 93.0432 93.6308 94.1376 94.5739 9.3806 9.4806
RE-4_R3_CH04_A 92.9749 93.5395 94.04 94.483 94.8747 9.62096 9.72096
RE-4_R3_CH04_B 94.0487 94.717 95.2924 95.7869 96.2112 9.45841 9.55841
RE-4_R3_CH04_C 94.3138 95.1336 95.8221 96.3989 96.8809 9.29712 9.39712
RE-4_R3_CH05_A 93.4278 94.0687 94.6256 95.1087 95.527 9.46168 9.56168
RE-4_R3_CH05_B 92.221 92.9809 93.6153 94.1435 94.5823 9.32336 9.42336
RE-4_R3_CH05_C 91.1481 91.9003 92.534 93.0665 93.513 9.32514 9.42514
RE-4_R3_CH06_A 93.3115 94.0321 94.6446 95.1642 95.6041 9.38251 9.48251
RE-4_R3_CH06_B 93.8601 94.6429 95.3032 95.8587 96.3251 9.36283 9.46283
RE-4_R3_CH06_C 94.5549 95.3602 96.0286 96.5818 97.0386 9.34342 9.44342
RE-4_R3_CH07_A 91.9812 92.7602 93.4125 93.9573 94.4113 9.19723 9.29723
RE-4_R3_CH07_B 92.8017 93.5519 94.1878 94.7255 95.1792 9.30304 9.40304
RE-4_R3_CH07_C 91.7055 92.5492 93.2412 93.8072 94.2688 9.20703 9.30703
RE-4_R3_CH08_A 93.4256 94.0316 94.5614 95.0239 95.427 9.33922 9.43922
RE-4_R3_CH08_B 91.9988 92.8177 93.494 94.0509 94.5085 9.24931 9.34931
RE-4_R3_CH08_C 93.5964 94.4479 95.153 95.7352 96.2147 9.23062 9.33062
RE-4_R3_CH09_A 91.9166 92.7365 93.4139 93.9719 94.4304 9.25501 9.35501
RE-4_R3_CH09_B 89.3212 90.0107 90.5969 91.094 91.5149 9.28445 9.38445
RE-4_R3_CH09_C 84.0257 84.7783 85.4067 85.9299 86.3644 9.20087 9.30087
RE-4_R3_CH10_A 94.0576 94.8022 95.4368 95.9764 96.4345 9.31794 9.41794
RE-4_R3_CH10_B 94.2409 95.0596 95.7472 96.3231 96.8045 9.29004 9.39004
RE-4_R3_CH10_C 94.2001 95.0456 95.7371 96.3008 96.7593 9.22881 9.32881
RE-4_R3_CH11_A 92.8765 93.4727 93.9988 94.4623 94.8702 9.44391 9.54391
RE-4_R3_CH11_B 92.0308 92.8914 93.5987 94.1784 94.6522 9.29016 9.39016
RE-4_R3_CH11_C 88.3153 89.1452 89.8278 90.3875 90.8453 9.22825 9.32825
RE-4_R3_CH12_A 92.8447 93.6682 94.355 94.9262 95.4 9.31632 9.41632
RE-4_R3_CH12_B 94.2702 95.1101 95.8108 96.3939 96.878 9.33281 9.43281
RE-4_R3_CH12_C 94.9621 95.7623 96.4256 96.9739 97.4262 9.29971 9.39971
RE-4_R3_CH13_A 91.1055 91.7054 92.2278 92.6818 93.0758 9.41051 9.51051
RE-4_R3_CH13_B 91.1638 91.9562 92.6087 93.1446 93.5836 9.30149 9.40149
RE-4_R3_CH13_C 88.7092 89.5006 90.1473 90.6741 91.1022 9.24791 9.34791
RE-4_R3_CH14_A 93.2597 93.9878 94.6075 95.1337 95.5797 9.3441 9.4441
RE-4_R3_CH14_B 93.9369 94.7333 95.4003 95.9574 96.4217 9.29653 9.39653
RE-4_R3_CH14_C 93.5304 94.3492 95.0241 95.5789 96.0337 9.2491 9.3491
RE-4_R3_CH15_A 91.4234 91.9594 92.4352 92.8571 93.2307 9.49541 9.59541
RE-4_R3_CH15_B 91.5309 92.3183 92.9726 93.5148 93.9631 9.38164 9.48164
RE-4_R3_CH15_C 91.705 92.4336 93.0549 93.5834 94.0322 9.43109 9.53109
RE-4_R3_CH16_A 94.7744 95.3795 95.9131 96.383 96.7963 9.49147 9.59147
RE-4_R3_CH16_B 93.2582 93.9 94.461 94.9506 95.3772 9.53759 9.63759
RE-4_R3_CH16_C 93.8021 94.5325 95.1586 95.6942 96.1514 9.43525 9.53525
RE-4_R3_CH17_A 91.1986 91.9082 92.5119 93.0243 93.4585 9.30025 9.40025
RE-4_R3_CH17_B 92.5572 93.3243 93.965 94.4988 94.9426 9.33935 9.43935
RE-4_R3_CH17_C 91.5388 92.3611 93.0409 93.6013 94.0623 9.33788 9.43788
RE-4_R3_CH18_A 93.6419 94.4128 95.0621 95.6075 96.0647 9.42882 9.52882
RE-4_R3_CH18_B 93.426 94.132 94.7354 95.2499 95.6879 9.42228 9.52228
RE-4_R3_CH18_C 93.828 94.7218 95.4583 96.0632 96.5587 9.27566 9.37566
RE-4_R3_CH19_A 91.7342 92.3152 92.8273 93.2779 93.674 9.50149 9.60149
RE-4_R3_CH19_B 91.186 91.9441 92.5776 93.1056 93.5447 9.40751 9.50751
RE-4_R3_CH19_C 91.0118 91.6937 92.2759 92.7719 93.1938 9.37591 9.47591
RE-4_R3_CH20_A 94.7786 95.3133 95.7904 96.2156 96.5941 9.59331 9.69331
RE-4_R3_CH20_B 93.1814 93.8391 94.405 94.8911 95.3079 9.41426 9.51426
RE-4_R3_CH20_C 94.0016 94.8416 95.5428 96.1265 96.6112 9.3767 9.4767
RE-4_R3_CH21_A 92.102 92.7093 93.2409 93.7057 94.1113 9.43599 9.53599
RE-4_R3_CH21_B 93.0219 93.773 94.4095 94.9476 95.4016 9.40297 9.50297
RE-4_R3_CH21_C 92.235 92.8687 93.4161 93.888 94.2943 9.39774 9.49774
RE-4_R3_CH22_A 92.7508 93.555 94.2239 94.7787 95.2377 9.40378 9.50378
RE-4_R3_CH22_B 91.436 92.3478 93.0857 93.6808 94.1592 9.39564 9.49564
RE-4_R3_CH22_C 92.3246 93.1148 93.7772 94.3312 94.7933 9.34454 9.44454
RE-4_R3_CH23_A 91.8547 92.3914 92.8676 93.2898 93.6635 9.39207 9.49207
RE-4_R3_CH23_B 92.1502 92.9513 93.6242 94.1879 94.659 9.3374 9.4374
RE-4_R3_CH23_C 91.8876 92.5803 93.1763 93.688 94.1267 9.34565 9.44565
RE-4_R3_CH24_A 93.8532 94.7489 95.4785 96.0708 96.5505 9.29811 9.39811
RE-4_R3_CH24_B 94.7005 95.5729 96.2964 96.8947 97.3883 9.38297 9.48297
RE-4_R3_CH24_C 95.0212 95.8274 96.4963 97.0497 97.5065 9.30377 9.40377
RE-4_R3_CH25_A 92.5472 93.1966 93.7621 94.2536 94.6801 9.5616 9.6616
RE-4_R3_CH25_B 92.7629 93.6375 94.3488 94.9255 95.3917 9.28765 9.38765
RE-4_R3_CH25_C 92.2069 93.006 93.6707 94.2219 94.6781 9.31552 9.41552
RE-4_R3_CH26_A 93.1167 93.8608 94.4855 95.0085 95.4456 9.31436 9.41436
RE-4_R3_CH26_B 94.661 95.4668 96.1419 96.706 97.1764 9.31053 9.41053
RE-4_R3_CH26_C 94.3191 95.1175 95.792 96.3604 96.8384 9.31656 9.41656
RE-4_R3_CH27_A 92.1766 92.9081 93.5317 94.0622 94.5126 9.32715 9.42715
RE-4_R3_CH27_B 92.8362 93.602 94.2413 94.7737 95.2161 9.30824 9.40824
RE-4_R3_CH27_C 91.9256 92.5958 93.1743 93.6728 94.1015 9.28237 9.38237
RE-4_R3_CH28_A 93.5501 94.3636 95.0469 95.6193 96.0978 9.31013 9.41013
RE-4_R3_CH28_B 94.9635 95.8207 96.5222 97.0945 97.5603 9.29182 9.39182
RE-4_R3_CH28_C 94.9297 95.7287 96.391 96.9384 97.3899 9.2543 9.3543
RE-4_R3_CH29_A 90.4618 91.2084 91.8316 92.3507 92.782 9.27845 9.37845
RE-4_R3_CH29_B 92.2219 93.0238 93.691 94.2446 94.7028 9.33098 9.43098
RE-4_R3_CH29_C 91.1624 91.844 92.43 92.9327 93.3632 9.31586 9.41586
RE-4_R3_CH30_A 90.4086 91.2851 92.0005 92.5826 93.0548 9.32175 9.42175
RE-4_R3_CH30_B 92.0692 92.9363 93.6496 94.2347 94.7134 9.38809 9.48809
RE-4_R3_CH30_C 90.7674 91.5644 92.2215 92.7617 93.2048 9.31711 9.41711
RE-4_R3_CH31_A 92.9998 93.7587 94.3971 94.933 95.3818 9.35976 9.45976
RE-4_R3_CH31_B 93.5316 94.2624 94.8843 95.4125 95.8602 9.42888 9.52888
RE-4_R3_CH31_C 91.6713 92.4612 93.1177 93.6618 94.1118 9.29621 9.39621
RE-4_R3_CH32_A 93.4857 94.1186 94.6678 95.1436 95.5553 9.45199 9.55199
RE-4_R3_CH32_B 94.1776 94.999 95.6892 96.2676 96.7512 9.42956 9.52956
RE-4_R3_CH32_C 94.9851 95.7517 96.3958 96.9358 97.3875 9.33075 9.43075
RE-4_R3_CH33_A 91.9608 92.7687 93.4348 93.9825 94.4318 9.24687 9.34687
RE-4_R3_CH33_B 91.8526 92.6903 93.3767 93.9374 94.3943 9.25291 9.35291
RE-4_R3_CH33_C 90.9355 91.7367 92.4044 92.9593 93.4193 9.24626 9.34626
RE-4_R3_CH34_A 92.8619 93.7098 94.4122 94.9924 95.4705 9.20337 9.30337
RE-4_R3_CH34_B 94.6873 95.5559 96.2759 96.871 97.3616 9.24719 9.34719
RE-4_R3_CH34_C 94.3997 95.163 95.81 96.3571 96.8188 9.27753 9.37753
RE-4_R3_CH35_A 92.8599 93.6017 94.2244 94.7458 95.1814 9.39311 9.49311
RE-4_R3_CH35_B 91.9807 92.8552 93.5754 94.1669 94.6513 9.36246 9.46246
RE-4_R3_CH35_C 91.3542 92.0313 92.6087 93.1001 93.5176 9.29912 9.39912
RE-4_R3_CH36_A 92.9954 93.9144 94.6665 95.2799 95.7789 9.25643 9.35643
RE-4_R3_CH36_B 92.8617 93.8331 94.6138 95.2388 95.7377 9.30092 9.40092
RE-4_R3_CH36_C 94.6112 95.4117 96.0755 96.6246 97.0777 9.25981 9.35981
RE+4_R2_CH01_A 92.0779 92.6001 93.0663 93.4819 93.8521 9.46966 9.56966
RE+4_R2_CH01_B 85.1461 85.8716 86.4795 86.9875 87.4111 9.33772 9.43772
RE+4_R2_CH02_A 93.6882 94.4548 95.1 95.6417 96.0955 9.41153 9.51153
RE+4_R2_CH02_B 91.9386 92.8236 93.5455 94.1322 94.6079 9.33951 9.43951
RE+4_R2_CH03_A 89.276 90.1256 90.8174 91.3789 91.8334 9.2965 9.3965
RE+4_R2_CH03_B 85.5245 86.1 86.6021 87.0393 87.4196 9.41609 9.51609
RE+4_R2_CH04_A 94.7449 95.4132 95.9953 96.5015 96.9411 9.47291 9.57291
RE+4_R2_CH04_B 92.5708 93.3779 94.0497 94.6072 95.0689 9.27262 9.37262
RE+4_R2_CH05_A 88.5765 89.2967 89.9024 90.4105 90.8359 9.36762 9.46762
RE+4_R2_CH05_B 83.3697 84.1304 84.7605 85.281 85.7099 9.39988 9.49988
RE+4_R2_CH06_A 93.4426 94.2901 94.9916 95.5705 96.0472 9.32918 9.42918
RE+4_R2_CH06_B 92.6837 93.5169 94.1985 94.7543 95.2063 9.36662 9.46662
RE+4_R2_CH07_A 91.6996 92.5223 93.2094 93.7815 94.2569 9.33772 9.43772
RE+4_R2_CH07_B 86.7585 87.5376 88.1818 88.7129 89.1496 9.38113 9.48113
RE+4_R2_CH08_A 94.168 95.0104 95.7065 96.2801 96.7516 9.2762 9.3762
RE+4_R2_CH08_B 89.2466 89.9474 90.5441 91.0511 91.4811 9.30164 9.40164
RE+4_R2_CH09_A 88.8763 89.5523 90.1303 90.6235 91.0436 9.31013 9.41013
RE+4_R2_CH09_B 85.9881 86.6009 87.1287 87.5824 87.9719 9.3633 9.4633
RE+4_R2_CH10_A 91.1222 92.8614 93.95 94.6234 95.037 9.08617 9.18617
RE+4_R2_CH10_B 87.8566 88.8234 89.5827 90.1765 90.6394 9.18516 9.28516
RE+4_R2_CH11_A 92.3947 93.2124 93.8874 94.4428 94.8987 9.25284 9.35284
RE+4_R2_CH11_B 86.5004 87.3327 88.0115 88.5633 89.0105 9.30723 9.40723
RE+4_R2_CH12_A 91.1586 91.778 92.3188 92.7902 93.2005 9.44045 9.54045
RE+4_R2_CH12_B 88.1817 88.9119 89.5272 90.0445 90.4784 9.35874 9.45874
RE+4_R2_CH13_A 92.6258 93.2632 93.8172 94.2978 94.7142 9.34107 9.44107
RE+4_R2_CH13_B 85.974 86.7374 87.3741 87.9037 88.3432 9.26237 9.36237
RE+4_R2_CH14_A 94.3646 94.9963 95.55 96.0347 96.4584 9.40212 9.50212
RE+4_R2_CH14_B 90.7808 91.6597 92.3681 92.937 93.3928 9.27701 9.37701
RE+4_R2_CH15_A 92.7413 93.5363 94.2029 94.7605 95.2257 9.27103 9.37103
RE+4_R2_CH15_B 87.4541 88.1757 88.7835 89.2943 89.7226 9.30615 9.40615
RE+4_R2_CH16_A 93.917 94.6391 95.2573 95.7854 96.2358 9.36318 9.46318
RE+4_R2_CH16_B 90.8708 91.9339 92.7626 93.4054 93.9023 9.23709 9.33709
RE+4_R2_CH17_A 92.4973 93.3567 94.0625 94.6404 95.1124 9.29953 9.39953
RE+4_R2_CH17_B 79.2011 79.7778 80.2722 80.6953 81.0567 9.45523 9.55523
RE+4_R2_CH18_A 93.4597 94.3015 94.9978 95.572 96.0443 9.32313 9.42313
RE+4_R2_CH18_B 87.8745 88.6885 89.3642 89.9232 90.3847 9.28571 9.38571
RE+4_R2_CH19_A 92.3408 93.0598 93.6762 94.2034 94.6535 9.356 9.456
RE+4_R2_CH19_B 86.6081 87.4504 88.1297 88.6756 89.1131 9.36496 9.46496
RE+4_R2_CH20_A 91.7799 92.5681 93.2293 93.7823 94.244 9.45481 9.55481
RE+4_R2_CH20_B 90.2193 90.9604 91.5897 92.1227 92.5733 9.32682 9.42682
RE+4_R2_CH21_A 91.3162 92.0797 92.7182 93.2506 93.6937 9.4626 9.5626
RE+4_R2_CH21_B 80.3171 80.9749 81.5332 82.006 82.4055 9.39981 9.49981
RE+4_R2_CH22_A 81.2648 81.9632 82.549 83.0391 83.4482 9.48772 9.58772
RE+4_R2_CH22_B 80.3707 80.9785 81.4979 81.9409 82.318 9.38652 9.48652
RE+4_R2_CH23_A 91.965 92.7522 93.406 93.9474 94.3949 9.29699 9.39699
RE+4_R2_CH23_B 88.5893 89.3444 89.9773 90.5062 90.9473 9.32049 9.42049
RE+4_R2_CH24_A 92.062 92.8604 93.5245 94.0754 94.5312 9.33158 9.43158
RE+4_R2_CH24_B 89.7171 90.4759 91.1112 91.6417 92.0838 9.24043 9.34043
RE+4_R2_CH25_A 92.1738 92.744 93.2455 93.686 94.0723 9.375 9.475
RE+4_R2_CH25_B 88.7736 89.4764 90.0753 90.5847 91.0171 9.27427 9.37427
RE+4_R2_CH26_A 93.614 94.4952 95.2203 95.8149 96.3013 9.34056 9.44056
RE+4_R2_CH26_B 91.6226 92.6314 93.4103 94.0089 94.4674 9.2878 9.3878
RE+4_R2_CH27_A 92.1926 92.8701 93.4515 93.9494 94.3752 9.34116 9.44116
RE+4_R2_CH27_B 87.8287 88.6542 89.3333 89.8902 90.3456 9.23769 9.33769
RE+4_R2_CH28_A 94.4159 95.0678 95.6312 96.1172 96.5358 9.38153 9.48153
RE+4_R2_CH28_B 93.8455 94.5688 95.1834 95.7047 96.1459 9.34373 9.44373
RE+4_R2_CH29_A 91.9717 92.6673 93.2617 93.7687 94.2003 9.25812 9.35812
RE+4_R2_CH29_B 87.7646 88.6323 89.3425 89.9218 90.393 9.18163 9.28163
RE+4_R2_CH31_A 91.9778 92.657 93.2442 93.7507 94.1869 9.34229 9.44229
RE+4_R2_CH31_B 88.4388 89.1498 89.752 90.2609 90.6901 9.26302 9.36302
RE+4_R2_CH32_A 94.7832 95.5556 96.2107 96.7652 97.2335 9.34688 9.44688
RE+4_R2_CH32_B 92.8626 93.6682 94.3315 94.876 95.322 9.22818 9.32818
RE+4_R2_CH33_A 91.7817 92.679 93.4122 94.0094 94.4944 9.22456 9.32456
RE+4_R2_CH33_B 88.9392 89.8497 90.5687 91.1341 91.5775 9.17509 9.27509
RE+4_R2_CH34_A 94.3098 95.1297 95.8119 96.3779 96.8465 9.27665 9.37665
RE+4_R2_CH34_B 90.8065 91.6925 92.4073 92.982 93.4427 9.17599 9.27599
RE+4_R2_CH35_A 91.5006 92.3406 93.0371 93.6127 94.0874 9.3082 9.4082
RE+4_R2_CH35_B 87.0234 87.8031 88.4541 88.9961 89.4464 9.30138 9.40138
RE+4_R2_CH36_A 90.2415 90.9497 91.5527 92.0651 92.4996 9.3323 9.4323
RE+4_R2_CH36_B 87.2153 88.1627 88.9055 89.4852 89.9363 9.27088 9.37088
RE+4_R3_CH01_A 92.1635 92.6235 93.0402 93.4174 93.7584 9.66252 9.76252
RE+4_R3_CH01_B 89.9353 90.793 91.4997 92.0803 92.556 9.41317 9.51317
RE+4_R3_CH01_C 89.4116 90.124 90.7316 91.2486 91.6878 9.33625 9.43625
RE+4_R3_CH02_A 86.7363 87.5019 88.1335 88.6531 89.0795 9.3205 9.4205
RE+4_R3_CH02_B 94.064 94.7034 95.2617 95.7483 96.1719 9.54728 9.64728
RE+4_R3_CH02_C 91.3864 92.0295 92.5862 93.0673 93.4825 9.51361 9.61361
RE+4_R3_CH03_A 91.0718 91.8784 92.5511 93.1103 93.5743 9.30738 9.40738
RE+4_R3_CH03_B 89.4148 90.2427 90.9297 91.4982 91.9674 9.29346 9.39346
RE+4_R3_CH03_C 87.1767 87.9468 88.5823 89.1052 89.5343 9.25913 9.35913
RE+4_R3_CH04_A 93.5132 94.267 94.9004 95.4313 95.8753 9.28715 9.38715
RE+4_R3_CH04_B 93.4078 94.238 94.9305 95.5066 95.9847 9.38965 9.48965
RE+4_R3_CH04_C 91.18 91.986 92.6579 93.2165 93.6798 9.29628 9.39628
RE+4_R3_CH05_A 89.7618 90.4765 91.0812 91.5917 92.0218 9.27362 9.37362
RE+4_R3_CH05_B 92.3489 93.1611 93.831 94.3819 94.8338 9.31564 9.41564
RE+4_R3_CH05_C 91.2638 92.0705 92.743 93.302 93.7657 9.29775 9.39775
RE+4_R3_CH06_A 93.2087 94.0175 94.6904 95.2485 95.7103 9.14343 9.24343
RE+4_R3_CH06_B 94.0439 94.9375 95.6735 96.2779 96.7729 9.23509 9.33509
RE+4_R3_CH06_C 94.3784 95.2242 95.9233 96.4995 96.9732 9.21587 9.31587
RE+4_R3_CH07_A 91.4382 92.0915 92.6579 93.1481 93.5716 9.36244 9.46244
RE+4_R3_CH07_B 91.6041 92.4794 93.1926 93.7718 94.2408 9.24067 9.34067
RE+4_R3_CH07_C 91.7981 92.5538 93.1845 93.7097 94.1459 9.30001 9.40001
RE+4_R3_CH08_A 94.7359 95.4593 96.0735 96.5939 97.034 9.36075 9.46075
RE+4_R3_CH08_B 92.8986 93.6214 94.2363 94.7583 95.2006 9.39335 9.49335
RE+4_R3_CH08_C 91.2342 92.0018 92.6498 93.1955 93.654 9.4051 9.5051
RE+4_R3_CH09_A 92.0907 92.7897 93.3874 93.8972 94.3314 9.37083 9.47083
RE+4_R3_CH09_B 93.4744 94.2483 94.8947 95.4332 95.8808 9.29662 9.39662
RE+4_R3_CH09_C 92.4988 93.2489 93.8796 94.4085 94.8512 9.25501 9.35501
RE+4_R3_CH10_A 83.5775 84.2419 84.8083 85.2903 85.6995 9.24922 9.34922
RE+4_R3_CH10_B 89.6429 90.4258 91.071 91.6011 92.0356 9.2478 9.3478
RE+4_R3_CH10_C 93.5721 94.037 94.4592 94.8424 95.1897 9.61851 9.71851
RE+4_R3_CH11_A 92.138 92.9068 93.5553 94.1009 94.559 9.29817 9.39817
RE+4_R3_CH11_B 91.9905 92.8838 93.6132 94.2068 94.6885 9.33246 9.43246
RE+4_R3_CH11_C 88.1141 88.8325 89.442 89.9578 90.3935 9.3323 9.4323
RE+4_R3_CH12_A 90.8948 91.6919 92.3491 92.8893 93.3324 9.24122 9.34122
RE+4_R3_CH12_B 93.0548 93.7671 94.3721 94.8848 95.3185 9.36757 9.46757
RE+4_R3_CH12_C 93.586 94.3268 94.9581 95.4951 95.9508 9.38289 9.48289
RE+4_R3_CH13_A 92.2436 92.7915 93.2763 93.7047 94.0827 9.46447 9.56447
RE+4_R3_CH13_B 91.4881 92.3244 93.0174 93.59 94.0618 9.33423 9.43423
RE+4_R3_CH13_C 92.2432 92.8587 93.3952 93.862 94.2677 9.48788 9.58788
RE+4_R3_CH14_A 94.2617 95.0134 95.6443 96.1724 96.6136 9.27036 9.37036
RE+4_R3_CH14_B 89.0863 89.8813 90.5447 91.0968 91.5552 9.39417 9.49417
RE+4_R3_CH14_C 94.3548 95.1381 95.7925 96.3379 96.7914 9.31733 9.41733
RE+4_R3_CH15_A 92.4548 93.1745 93.7819 94.2935 94.7235 9.36539 9.46539
RE+4_R3_CH15_B 91.7453 92.5523 93.2246 93.7832 94.2462 9.37453 9.47453
RE+4_R3_CH15_C 91.5753 92.5007 93.251 93.857 94.3452 9.30817 9.40817
RE+4_R3_CH16_A 93.1876 93.953 94.6029 95.1533 95.6186 9.33004 9.43004
RE+4_R3_CH16_B 94.1321 94.7814 95.3425 95.8265 96.2433 9.4746 9.5746
RE+4_R3_CH16_C 94.9724 95.6985 96.3197 96.85 97.302 9.36622 9.46622
RE+4_R3_CH18_A 94.5438 95.257 95.8707 96.3977 96.8494 9.35532 9.45532
RE+4_R3_CH18_B 94.3042 95.1991 95.9361 96.5412 97.0366 9.33034 9.43034
RE+4_R3_CH18_C 93.2107 94.0367 94.7186 95.2798 95.7406 9.29242 9.39242
RE+4_R3_CH19_A 92.1658 92.7153 93.2016 93.6315 94.0111 9.74785 9.84785
RE+4_R3_CH19_B 88.9441 89.6088 90.1762 90.6596 91.0705 9.60868 9.70868
RE+4_R3_CH19_C 87.2293 87.8742 88.428 88.9025 89.3085 9.61519 9.71519
RE+4_R3_CH20_A 93.6977 94.3676 94.9485 95.4512 95.8856 9.39241 9.49241
RE+4_R3_CH20_B 92.3605 93.1473 93.8003 94.3408 94.7872 9.42328 9.52328
RE+4_R3_CH20_C 90.4558 91.2723 91.9477 92.5048 92.9633 9.33401 9.43401
RE+4_R3_CH21_A 91.7217 92.2163 92.6594 93.0561 93.4107 9.62652 9.72652
RE+4_R3_CH21_B 91.9676 92.7375 93.3871 93.9338 94.3929 9.45344 9.55344
RE+4_R3_CH21_C 91.7257 92.3393 92.8744 93.3401 93.7449 9.44225 9.54225
RE+4_R3_CH22_A 95.8482 96.4263 96.9384 97.3915 97.7918 9.69535 9.79535
RE+4_R3_CH22_B 94.2756 95.0727 95.746 96.3134 96.7904 9.49807 9.59807
RE+4_R3_CH22_C 93.5359 94.2665 94.8834 95.4032 95.8402 9.49801 9.59801
RE+4_R3_CH23_A 91.6343 92.4445 93.113 93.6632 94.1147 9.27002 9.37002
RE+4_R3_CH23_B 91.9112 92.7665 93.461 94.0231 94.4768 9.28288 9.38288
RE+4_R3_CH23_C 92.3267 93.0186 93.6094 94.1128 94.5409 9.28075 9.38075
RE+4_R3_CH24_A 94.493 95.2508 95.8926 96.4348 96.8919 9.36609 9.46609
RE+4_R3_CH24_B 94.2468 95.0951 95.7967 96.3752 96.8511 9.32204 9.42204
RE+4_R3_CH24_C 94.5592 95.4899 96.2417 96.8469 97.3326 9.23069 9.33069
RE+4_R3_CH25_A 89.3855 90.032 90.5896 91.0697 91.4824 9.52217 9.62217
RE+4_R3_CH25_B 90.7946 91.5258 92.1454 92.669 93.1108 9.44905 9.54905
RE+4_R3_CH25_C 90.8691 91.6572 92.3127 92.8564 93.3063 9.34515 9.44515
RE+4_R3_CH26_A 94.8171 95.6079 96.2688 96.8199 97.2783 9.32836 9.42836
RE+4_R3_CH26_B 93.3818 94.1577 94.806 95.3463 95.7956 9.34938 9.44938
RE+4_R3_CH26_C 94.3376 95.154 95.8394 96.4132 96.8926 9.30776 9.40776
RE+4_R3_CH27_A 91.4718 92.0726 92.5956 93.0502 93.4446 9.43042 9.53042
RE+4_R3_CH27_B 92.3856 93.0859 93.6888 94.2068 94.651 9.44261 9.54261
RE+4_R3_CH27_C 92.1434 92.7452 93.2743 93.7389 94.1462 9.44821 9.54821
RE+4_R3_CH28_A 93.3978 94.0878 94.6842 95.1986 95.6417 9.33987 9.43987
RE+4_R3_CH28_B 94.7153 95.4513 96.0724 96.5954 97.0349 9.3465 9.4465
RE+4_R3_CH28_C 94.557 95.3431 96.0059 96.5633 97.0311 9.27873 9.37873
RE+4_R3_CH29_A 86.9234 87.6073 88.1898 88.6849 89.1049 9.27872 9.37872
RE+4_R3_CH29_B 90.6405 91.3841 92.0154 92.55 93.0018 9.3504 9.4504
RE+4_R3_CH29_C 90.935 91.5211 92.0332 92.48 92.8692 9.37772 9.47772
RE+4_R3_CH31_A 89.5899 90.1554 90.6536 91.0919 91.477 9.54098 9.64098
RE+4_R3_CH31_B 91.5567 92.3721 93.0457 93.6005 94.0562 9.33865 9.43865
RE+4_R3_CH31_C 89.7958 90.4287 90.9733 91.441 91.842 9.44589 9.54589
RE+4_R3_CH32_A 94.1504 94.7048 95.1971 95.6338 96.0206 9.56288 9.66288
RE+4_R3_CH32_B 94.5958 95.3747 96.0362 96.5967 97.0705 9.39943 9.49943
RE+4_R3_CH32_C 94.2269 95.0616 95.7576 96.3363 96.8164 9.27894 9.37894
RE+4_R3_CH33_A 90.4552 91.1997 91.8267 92.3534 92.795 9.25708 9.35708
RE+4_R3_CH33_B 91.9515 92.843 93.5707 94.1627 94.6431 9.23486 9.33486
RE+4_R3_CH33_C 91.2927 92.1655 92.8767 93.4542 93.922 9.19741 9.29741
RE+4_R3_CH34_A 91.9313 92.631 93.225 93.728 94.1532 9.33893 9.43893
RE+4_R3_CH34_B 93.1985 94.1159 94.8662 95.4779 95.9751 9.24214 9.34214
RE+4_R3_CH34_C 94.1182 94.9637 95.67 96.2582 96.747 9.26664 9.36664
RE+4_R3_CH35_A 92.3477 92.846 93.2924 93.692 94.0493 9.81845 9.91845
RE+4_R3_CH35_B 89.1172 89.7079 90.2225 90.6701 91.0588 9.64408 9.74408
RE+4_R3_CH35_C 90.1743 90.647 91.0727 91.4556 91.7997 9.69222 9.79222
RE+4_R3_CH36_A 92.1572 92.9138 93.5452 94.0706 94.507 9.42965 9.52965
RE+4_R3_CH36_B 93.1074 93.8549 94.4827 95.0086 95.4483 9.43599 9.53599
RE+4_R3_CH36_C 92.291 92.9882 93.5881 94.1034 94.5451 9.43261 9.53261
