W-2_RB1in_S01_Backward 92.9744 93.7988 94.4794 95.0396 95.4997 9.08633 9.18633
W-2_RB1in_S01_Forward 95.0126 95.7386 96.355 96.8774 97.3191 9.09927 9.19927
W-1_RB1in_S01_Backward 94.4959 95.2688 95.9193 96.4653 96.9228 9.24572 9.34572
W-1_RB1in_S01_Forward 94.3518 95.033 95.6243 96.1366 96.5796 9.26769 9.36769
W+0_RB1in_S01_Backward 94.0104 94.7261 95.3336 95.8481 96.2831 9.1978 9.2978
W+0_RB1in_S01_Forward 93.2881 94.0205 94.6443 95.1743 95.6237 9.18499 9.28499
W+1_RB1in_S01_Backward 91.2351 91.8156 92.3273 92.7778 93.1739 9.55642 9.65642
W+2_RB1in_S01_Backward 92.0914 92.89 93.5604 94.1219 94.5911 9.09919 9.19919
W+2_RB1in_S01_Forward 95.01 95.8319 96.5152 97.0819 97.5507 9.08458 9.18458
W-2_RB1in_S02_Backward 92.7326 93.578 94.2783 94.8567 95.3332 9.19791 9.29791
W-2_RB1in_S02_Forward 94.8544 95.6738 96.3549 96.9196 97.3867 9.15851 9.25851
W-1_RB1in_S02_Backward 91.0974 91.8246 92.435 92.946 93.373 9.10421 9.20421
W-1_RB1in_S02_Forward 93.9047 94.6935 95.3592 95.9198 96.3907 9.11914 9.21914
W+0_RB1in_S02_Backward 93.2196 93.8442 94.389 94.8632 95.2755 9.50575 9.60575
W+0_RB1in_S02_Forward 91.8925 92.5332 93.0875 93.5661 93.9786 9.25401 9.35401
W+1_RB1in_S02_Backward 93.4318 94.0784 94.6406 95.1287 95.5518 9.34717 9.44717
W+1_RB1in_S02_Forward 92.9509 93.5333 94.0461 94.4969 94.8928 9.32068 9.42068
W+2_RB1in_S02_Backward 92.8872 93.7279 94.4236 94.9977 95.4703 9.07662 9.17662
W+2_RB1in_S02_Forward 93.7577 94.5976 95.2989 95.8828 96.3678 9.06875 9.16875
W-2_RB1in_S03_Backward 92.8867 93.6599 94.3062 94.8449 95.293 9.21265 9.31265
W-2_RB1in_S03_Forward 94.3686 95.0838 95.6995 96.2284 96.682 9.2268 9.3268
W-1_RB1in_S03_Backward 92.533 93.0969 93.5947 94.0335 94.4198 9.34979 9.44979
W-1_RB1in_S03_Forward 93.9474 94.7607 95.4434 96.0151 96.4926 9.14661 9.24661
W+0_RB1in_S03_Backward 93.4508 94.1657 94.7774 95.2997 95.7448 9.21447 9.31447
W+0_RB1in_S03_Forward 92.5092 93.199 93.7919 94.3004 94.7358 9.22464 9.32464
W+1_RB1in_S03_Backward 90.5668 91.2204 91.7841 92.2693 92.6862 9.3484 9.4484
W+1_RB1in_S03_Forward 93.1666 93.8142 94.3775 94.8667 95.2909 9.27812 9.37812
W+2_RB1in_S03_Backward 91.6716 92.5031 93.184 93.7399 94.1925 9.07048 9.17048
W+2_RB1in_S03_Forward 96.0814 96.9531 96.9611 96.9612 96.9612 9.05754 9.15754
W-2_RB1in_S04_Backward 81.1828 81.8276 82.3773 82.845 83.2421 9.21271 9.31271
W-2_RB1in_S04_Forward 95.1657 95.8887 96.5023 97.0219 97.461 9.1509 9.2509
W-1_RB1in_S04_Backward 94.0191 94.769 95.4087 95.9531 96.4156 9.21018 9.31018
W-1_RB1in_S04_Forward 94.1218 94.7175 95.2399 95.6972 96.0972 9.2347 9.3347
W+1_RB1in_S04_Backward 94.4912 95.0751 95.5886 96.0396 96.4352 9.38913 9.48913
W+1_RB1in_S04_Forward 94.7186 95.387 95.9623 96.4564 96.8801 9.23466 9.33466
W+2_RB1in_S04_Backward 92.9683 93.8753 94.6163 95.2196 95.7096 9.00644 9.10644
W+2_RB1in_S04_Forward 94.9854 95.8218 96.5116 97.0789 97.5444 8.95153 9.05153
W-2_RB1in_S05_Backward 93.1929 93.8884 94.482 94.9875 95.4173 9.24482 9.34482
W-2_RB1in_S05_Forward 94.6407 95.4749 96.1701 96.7478 97.2268 9.108 9.208
W-1_RB1in_S05_Backward 93.3286 94.1896 94.9037 95.4944 95.9817 9.19669 9.29669
W+0_RB1in_S05_Backward 93.9776 94.6652 95.255 95.76 96.1915 9.12977 9.22977
W+0_RB1in_S05_Forward 94.0141 94.7557 95.3875 95.9246 96.3803 9.09439 9.19439
W+1_RB1in_S05_Backward 93.9069 94.5575 95.1199 95.6052 96.0234 9.38438 9.48438
W+1_RB1in_S05_Forward 94.5305 95.125 95.6511 96.116 96.5263 9.4201 9.5201
W+2_RB1in_S05_Backward 93.0163 93.8455 94.5231 95.0751 95.5237 9.08679 9.18679
W+2_RB1in_S05_Forward 93.6505 94.466 95.1511 95.7251 96.205 9.07858 9.17858
W-2_RB1in_S06_Backward 93.1418 93.9549 94.6249 95.1754 95.6266 9.19009 9.29009
W-2_RB1in_S06_Forward 95.6602 96.2565 96.7814 97.2426 97.6475 9.33123 9.43123
W-1_RB1in_S06_Backward 94.1779 94.8703 95.4684 95.9842 96.4282 9.26374 9.36374
W-1_RB1in_S06_Forward 94.4497 95.1595 95.77 96.294 96.7431 9.227 9.327
W+0_RB1in_S06_Backward 93.3468 94.0748 94.6894 95.2072 95.6424 9.22153 9.32153
W+0_RB1in_S06_Forward 92.7661 93.3907 93.9386 94.4183 94.8379 9.30565 9.40565
W+1_RB1in_S06_Backward 92.9131 93.6013 94.1963 94.7098 95.1521 9.32078 9.42078
W+1_RB1in_S06_Forward 92.8143 93.5092 94.1067 94.6193 95.0585 9.23517 9.33517
W+2_RB1in_S06_Backward 92.8606 93.5665 94.1656 94.673 95.1019 9.26814 9.36814
W+2_RB1in_S06_Forward 94.1758 94.8324 95.4038 95.9002 96.3308 9.3429 9.4429
W-2_RB1in_S07_Backward 93.5758 94.2729 94.8677 95.3743 95.8048 9.2613 9.3613
W-2_RB1in_S07_Forward 95.3617 96.0872 96.7029 97.2244 97.6653 9.21908 9.31908
W-1_RB1in_S07_Backward 94.0195 94.7913 95.4466 96.0016 96.4707 9.19269 9.29269
W-1_RB1in_S07_Forward 94.5479 95.3411 96.0106 96.5742 97.0476 9.19613 9.29613
W+1_RB1in_S07_Backward 93.8442 94.6531 95.3318 95.8998 96.374 9.10003 9.20003
W+1_RB1in_S07_Forward 94.3944 95.1066 95.7151 96.2339 96.6754 9.10643 9.20643
W+2_RB1in_S07_Backward 92.6835 93.4521 94.0941 94.6291 95.0738 9.16173 9.26173
W+2_RB1in_S07_Forward 94.2898 95.0283 95.657 96.1911 96.6439 9.12711 9.22711
W-1_RB1in_S08_Backward 89.2061 89.8654 90.4353 90.927 91.3505 9.32128 9.42128
W-1_RB1in_S08_Forward 90.79 91.477 92.0682 92.5761 93.0116 9.2375 9.3375
W+0_RB1in_S08_Backward 93.6416 94.3599 94.9747 95.4997 95.9473 9.22983 9.32983
W+0_RB1in_S08_Forward 92.5396 93.3106 93.955 94.4922 94.9391 9.13222 9.23222
W+1_RB1in_S08_Backward 91.9454 92.5771 93.1261 93.6024 94.015 9.29348 9.39348
W+1_RB1in_S08_Forward 91.0094 91.5219 91.9809 92.3915 92.7584 9.49747 9.59747
W+2_RB1in_S08_Backward 90.9648 91.7355 92.3867 92.9355 93.397 9.15123 9.25123
W+2_RB1in_S08_Forward 94.6366 95.2912 95.857 96.3452 96.7657 9.15469 9.25469
W-2_RB1in_S09_Backward 92.5975 93.328 93.9455 94.4662 94.9045 9.24571 9.34571
W-2_RB1in_S09_Forward 94.6084 95.3377 95.9621 96.4956 96.9507 9.21007 9.31007
W-1_RB1in_S09_Backward 93.1173 93.9013 94.5572 95.1047 95.5607 9.23095 9.33095
W-1_RB1in_S09_Forward 94.5531 95.1921 95.7499 96.2358 96.6585 9.2939 9.3939
W+0_RB1in_S09_Backward 92.8794 93.6002 94.2179 94.7461 95.1969 9.20501 9.30501
W+0_RB1in_S09_Forward 92.2674 92.9452 93.5269 94.025 94.4509 9.28241 9.38241
W+1_RB1in_S09_Backward 92.2742 92.9862 93.596 94.117 94.5615 9.15592 9.25592
W+1_RB1in_S09_Forward 94.1756 94.7832 95.3142 95.7775 96.1811 9.17594 9.27594
W+2_RB1in_S09_Backward 91.8075 92.297 92.7367 93.1314 93.4853 9.52222 9.62222
W+2_RB1in_S09_Forward 93.6378 94.2589 94.803 95.2788 95.6944 9.2197 9.3197
W-2_RB1in_S10_Backward 93.2806 94.0435 94.6909 95.239 95.7021 9.21844 9.31844
W-2_RB1in_S10_Forward 92.9361 93.6463 94.2539 94.7726 95.2146 9.21166 9.31166
W-1_RB1in_S10_Backward 92.4621 93.2306 93.8784 94.4233 94.8805 9.25974 9.35974
W-1_RB1in_S10_Forward 94.4586 95.114 95.6841 96.1792 96.6084 9.28627 9.38627
W+0_RB1in_S10_Backward 94.01 94.7198 95.3262 95.8433 96.2834 9.26628 9.36628
W+0_RB1in_S10_Forward 93.6495 94.3021 94.8665 95.3539 95.774 9.32383 9.42383
W+1_RB1in_S10_Backward 92.3376 93.2666 94.0192 94.6268 95.1159 9.10731 9.20731
W+1_RB1in_S10_Forward 94.2538 95.1527 95.8757 96.4553 96.9186 9.11049 9.21049
W+2_RB1in_S10_Backward 92.2981 93.0208 93.6362 94.1589 94.602 9.19459 9.29459
W+2_RB1in_S10_Forward 94.4838 95.1813 95.7802 96.2934 96.7323 9.14467 9.24467
W-2_RB1in_S11_Backward 84.3719 84.9683 85.4848 85.9313 86.3168 9.25465 9.35465
W-2_RB1in_S11_Forward 94.9154 95.704 96.363 96.9121 97.3688 9.09313 9.19313
W-1_RB1in_S11_Backward 93.3685 94.1151 94.752 95.2943 95.755 9.17008 9.27008
W-1_RB1in_S11_Forward 94.2795 95.0536 95.7108 96.2675 96.738 9.15932 9.25932
W+0_RB1in_S11_Backward 92.9367 93.6002 94.1755 94.6733 95.1034 9.26523 9.36523
W+0_RB1in_S11_Forward 91.1457 91.7275 92.238 92.6854 93.0769 9.33015 9.43015
W+1_RB1in_S11_Backward 92.8879 93.6033 94.2159 94.7392 95.1856 9.23617 9.33617
W+1_RB1in_S11_Forward 92.9599 93.6296 94.2071 94.704 95.131 9.20512 9.30512
W+2_RB1in_S11_Backward 91.5579 92.1132 92.6033 93.035 93.4149 9.32661 9.42661
W+2_RB1in_S11_Forward 94.2968 95.0072 95.6184 96.1432 96.593 9.12399 9.22399
W-2_RB1in_S12_Backward 93.153 93.8762 94.4959 95.0258 95.4781 9.21489 9.31489
W-2_RB1in_S12_Forward 94.4839 95.1898 95.7965 96.317 96.7628 9.19231 9.29231
W-1_RB1in_S12_Backward 93.4535 94.1461 94.7367 95.2394 95.6665 9.27118 9.37118
W-1_RB1in_S12_Forward 94.239 95.0003 95.6455 96.191 96.6513 9.18084 9.28084
W+0_RB1in_S12_Backward 94.3153 94.9508 95.502 95.9794 96.3922 9.33144 9.43144
W+0_RB1in_S12_Forward 93.5708 94.1975 94.744 95.2197 95.6332 9.34864 9.44864
W+1_RB1in_S12_Backward 81.918 82.5504 83.088 83.544 83.93 9.25497 9.35497
W+1_RB1in_S12_Forward 93.251 93.9179 94.4925 94.9867 95.411 9.22188 9.32188
W+2_RB1in_S12_Backward 87.0317 87.6351 88.1599 88.6156 89.0106 9.2915 9.3915
W+2_RB1in_S12_Forward 94.6012 95.2193 95.7627 96.2399 96.6583 9.32697 9.42697
W-2_RB1out_S01_Backward 93.5799 94.4343 95.1421 95.7268 96.2086 9.09055 9.19055
W-2_RB1out_S01_Forward 94.3809 95.1906 95.8696 96.4376 96.9116 9.07167 9.17167
W-1_RB1out_S01_Backward 94.7472 95.4974 96.1369 96.6808 97.1424 9.287 9.387
W-1_RB1out_S01_Forward 94.9933 95.6725 96.2577 96.761 97.1931 9.27209 9.37209
W+0_RB1out_S01_Backward 94.8917 95.6337 96.2603 96.7883 97.2323 9.21667 9.31667
W+0_RB1out_S01_Forward 94.3426 95.0724 95.6975 96.2318 96.6877 9.23767 9.33767
W+1_RB1out_S01_Backward 85.1108 85.7337 86.2717 86.7353 87.1343 9.3657 9.4657
W+1_RB1out_S01_Forward 94.2028 95.0242 95.7144 96.2927 96.7762 9.28783 9.38783
W+2_RB1out_S01_Backward 93.276 93.9978 94.616 95.1446 95.5955 9.26537 9.36537
W+2_RB1out_S01_Forward 93.237 93.8333 94.3568 94.8155 95.217 9.3892 9.4892
W-2_RB1out_S02_Backward 94.0081 94.7127 95.3187 95.8386 96.284 9.24533 9.34533
W-2_RB1out_S02_Forward 94.714 95.4286 96.0391 96.5597 97.0027 9.19698 9.29698
W-1_RB1out_S02_Backward 94.4824 95.1873 95.7932 96.3129 96.7579 9.17323 9.27323
W-1_RB1out_S02_Forward 94.3319 94.8515 95.3178 95.7357 96.11 9.39849 9.49849
W+0_RB1out_S02_Backward 95.0722 95.6798 96.213 96.6803 97.0892 9.38389 9.48389
W+0_RB1out_S02_Forward 94.3928 94.975 95.4917 95.9497 96.3551 9.31565 9.41565
W+1_RB1out_S02_Backward 103.629 104.071 104.478 104.852 105.195 9.9458 10.0458
W+1_RB1out_S02_Forward 94.7111 95.2125 95.6629 96.0668 96.4288 9.59898 9.69898
W+2_RB1out_S02_Backward 93.8265 94.5047 95.0897 95.5933 96.0261 9.21854 9.31854
W+2_RB1out_S02_Forward 94.4713 95.1878 95.8046 96.3345 96.789 9.18272 9.28272
W-2_RB1out_S03_Backward 94.1593 94.918 95.5555 96.0897 96.5366 9.17733 9.27733
W-2_RB1out_S03_Forward 94.6047 95.4207 96.1054 96.6785 97.1571 9.12735 9.22735
W-1_RB1out_S03_Backward 93.8215 94.575 95.2131 95.7523 96.2071 9.18911 9.28911
W-1_RB1out_S03_Forward 93.7589 94.4215 94.9954 95.4916 95.9198 9.16583 9.26583
W+0_RB1out_S03_Backward 94.6424 95.3376 95.9342 96.4451 96.8819 9.27305 9.37305
W+0_RB1out_S03_Forward 94.7117 95.3518 95.9073 96.3884 96.8045 9.29878 9.39878
W+1_RB1out_S03_Backward 94.7302 95.3685 95.9223 96.4018 96.8164 9.32814 9.42814
W+1_RB1out_S03_Forward 94.1628 94.8008 95.3576 95.8429 96.2652 9.24833 9.34833
W+2_RB1out_S03_Backward 93.5666 94.4316 95.1416 95.7227 96.1969 9.02196 9.12196
W+2_RB1out_S03_Forward 98.2458 98.6554 98.6571 98.6571 98.6571 9.05901 9.15901
W-2_RB1out_S04_Backward 93.8836 94.6547 95.3093 95.8637 96.3324 9.20182 9.30182
W-2_RB1out_S04_Forward 94.6633 95.3661 95.9699 96.4876 96.9306 9.15618 9.25618
W-1_RB1out_S04_Forward 91.1962 91.8091 92.3437 92.8092 93.214 9.50065 9.60065
W+1_RB1out_S04_Backward 93.6716 94.4255 95.0642 95.6041 96.0594 9.33311 9.43311
W+1_RB1out_S04_Forward 94.716 95.344 95.8941 96.3752 96.7953 9.34775 9.44775
W-2_RB1out_S05_Backward 93.9036 94.6708 95.3219 95.873 96.3385 9.20432 9.30432
W-2_RB1out_S05_Forward 94.222 94.9713 95.6103 96.154 96.6157 9.20237 9.30237
W-1_RB1out_S05_Backward 94.7789 95.5098 96.131 96.6579 97.1039 9.16892 9.26892
W+1_RB1out_S05_Backward 94.6713 95.3452 95.9293 96.4347 96.8711 9.38076 9.48076
W+2_RB1out_S05_Backward 93.5098 94.2016 94.7958 95.305 95.7407 9.12346 9.22346
W+2_RB1out_S05_Forward 94.3262 95.1679 95.8705 96.4551 96.9406 8.98971 9.08971
W-2_RB1out_S06_Backward 94.3179 94.9839 95.5571 96.0494 96.4716 9.28259 9.38259
W-2_RB1out_S06_Forward 94.6162 95.2197 95.7493 96.2133 96.6193 9.34683 9.44683
W-1_RB1out_S06_Backward 94.3237 95.1513 95.8405 96.413 96.8874 9.25265 9.35265
W-1_RB1out_S06_Forward 94.9026 95.5606 96.1295 96.6204 97.0434 9.27773 9.37773
W+0_RB1out_S06_Backward 94.5935 95.2612 95.8395 96.3393 96.7707 9.33873 9.43873
W+0_RB1out_S06_Forward 95.0625 95.7017 96.2561 96.7361 97.1511 9.35735 9.45735
W+1_RB1out_S06_Backward 95.7113 96.2358 96.7046 97.123 97.4963 9.50604 9.60604
W+1_RB1out_S06_Forward 94.8004 95.4748 96.0593 96.5648 97.0015 9.3166 9.4166
W+2_RB1out_S06_Backward 93.4969 94.2233 94.8412 95.3656 95.8099 9.21118 9.31118
W+2_RB1out_S06_Forward 94.6867 95.4496 96.096 96.6424 97.1033 9.18076 9.28076
W-2_RB1out_S07_Backward 93.8168 94.7066 95.4394 96.041 96.5335 9.19078 9.29078
W-2_RB1out_S07_Forward 94.7008 95.3864 95.9778 96.487 96.9248 9.26528 9.36528
W-1_RB1out_S07_Backward 94.7828 95.5407 96.177 96.7098 97.1551 9.19879 9.29879
W-1_RB1out_S07_Forward 94.4355 95.1693 95.7934 96.3232 96.772 9.1419 9.2419
W+0_RB1out_S07_Backward 94.9064 95.6242 96.2377 96.7608 97.2062 9.32335 9.42335
W+0_RB1out_S07_Forward 95.2201 95.8522 96.4059 96.8902 97.3132 9.41192 9.51192
W+1_RB1out_S07_Backward 94.3592 95.0724 95.6862 96.2134 96.6653 9.23574 9.33574
W+1_RB1out_S07_Forward 94.3003 95.0375 95.665 96.1979 96.6497 9.16016 9.26016
W+2_RB1out_S07_Backward 93.8031 94.5135 95.1162 95.6265 96.0576 9.14118 9.24118
W+2_RB1out_S07_Forward 94.7376 95.5454 96.2224 96.7883 97.2602 9.1676 9.2676
W-2_RB1out_S08_Backward 93.4806 94.267 94.9187 95.4574 95.9017 9.0944 9.1944
W-2_RB1out_S08_Forward 94.6065 95.3835 96.0378 96.5873 97.0479 9.09203 9.19203
W-1_RB1out_S08_Backward 93.9722 94.74 95.3915 95.943 96.409 9.24639 9.34639
W-1_RB1out_S08_Forward 93.8978 94.6763 95.3324 95.8841 96.3469 9.24063 9.34063
W+0_RB1out_S08_Backward 94.6954 95.448 96.0897 96.6357 97.0993 9.22406 9.32406
W+0_RB1out_S08_Forward 94.3844 95.051 95.6284 96.1275 96.5583 9.23371 9.33371
W+1_RB1out_S08_Backward 93.9214 94.4827 94.9797 95.4191 95.807 9.4029 9.5029
W+1_RB1out_S08_Forward 94.4632 95.1746 95.7866 96.312 96.7623 9.27636 9.37636
W+2_RB1out_S08_Backward 93.7757 94.4359 95.0075 95.5014 95.9276 9.2653 9.3653
W+2_RB1out_S08_Forward 94.7407 95.4319 96.0246 96.532 96.9654 9.17072 9.27072
W-2_RB1out_S09_Backward 92.2862 92.9867 93.5898 94.108 94.5525 9.28528 9.38528
W-2_RB1out_S09_Forward 94.5081 95.1741 95.7507 96.2491 96.6792 9.26245 9.36245
W-1_RB1out_S09_Backward 94.7688 95.4826 96.0925 96.6123 97.0547 9.26231 9.36231
W-1_RB1out_S09_Forward 94.708 95.4201 96.0283 96.5467 96.9877 9.22152 9.32152
W+0_RB1out_S09_Backward 94.2607 94.9387 95.5269 96.0363 96.4768 9.3124 9.4124
W+0_RB1out_S09_Forward 88.5892 89.2099 89.7471 90.2111 90.6113 9.27601 9.37601
W+1_RB1out_S09_Backward 93.9675 94.665 95.26 95.7665 96.1968 9.25892 9.35892
W+1_RB1out_S09_Forward 94.5585 95.3541 96.0257 96.5913 97.0666 9.1713 9.2713
W+2_RB1out_S09_Backward 94.0527 94.7306 95.3151 95.8182 96.2505 9.29839 9.39839
W+2_RB1out_S09_Forward 94.2378 94.9925 95.6366 96.185 96.651 9.12458 9.22458
W-2_RB1out_S10_Backward 89.0927 89.7832 90.3704 90.8687 91.2907 9.31704 9.41704
W-2_RB1out_S10_Forward 94.6019 95.3556 95.9935 96.532 96.9857 9.20058 9.30058
W-1_RB1out_S10_Backward 94.402 95.1055 95.7059 96.2171 96.6517 9.34755 9.44755
W-1_RB1out_S10_Forward 94.5935 95.334 95.9644 96.4998 96.9538 9.24159 9.34159
W+0_RB1out_S10_Backward 94.5132 95.24 95.8622 96.3937 96.847 9.27968 9.37968
W+0_RB1out_S10_Forward 94.5348 95.1746 95.7299 96.211 96.6271 9.35302 9.45302
W+1_RB1out_S10_Backward 94.2191 95.0229 95.6967 96.2598 96.7295 9.1605 9.2605
W+1_RB1out_S10_Forward 94.378 95.1453 95.7907 96.3321 96.7854 9.18053 9.28053
W+2_RB1out_S10_Backward 94.0288 94.775 95.4062 95.9389 96.3875 9.20618 9.30618
W+2_RB1out_S10_Forward 94.8323 95.6806 96.3817 96.9594 97.4342 9.16155 9.26155
W-2_RB1out_S11_Backward 91.8854 92.5992 93.2109 93.734 94.1805 9.21271 9.31271
W-2_RB1out_S11_Forward 94.5527 95.3057 95.948 96.4945 96.9586 9.17617 9.27617
W-1_RB1out_S11_Backward 92.0374 92.6567 93.1998 93.6754 94.0913 9.46172 9.56172
W-1_RB1out_S11_Forward 93.5048 94.0044 94.4533 94.8562 95.2176 9.61772 9.71772
W+0_RB1out_S11_Backward 94.7704 95.4329 96.006 96.5011 96.9279 9.35151 9.45151
W+0_RB1out_S11_Forward 94.0446 94.6369 95.1587 95.6178 96.021 9.36447 9.46447
W+1_RB1out_S11_Backward 86.6641 87.3564 87.947 88.4498 88.877 9.25762 9.35762
W+1_RB1out_S11_Forward 94.8812 95.6162 96.2412 96.7715 97.2205 9.15546 9.25546
W+2_RB1out_S11_Backward 93.8111 94.5475 95.1747 95.7075 96.1594 9.23177 9.33177
W+2_RB1out_S11_Forward 94.3865 95.0224 95.574 96.0517 96.4647 9.30678 9.40678
W-1_RB1out_S12_Backward 94.5007 95.2397 95.8688 96.4031 96.8561 9.26416 9.36416
W-1_RB1out_S12_Forward 93.4527 94.1638 94.7675 95.2787 95.7109 9.21328 9.31328
W+0_RB1out_S12_Backward 94.9947 95.7985 96.4651 97.0164 97.4713 9.24509 9.34509
W+0_RB1out_S12_Forward 94.4933 95.2622 95.9143 96.4661 96.9321 9.21231 9.31231
W+1_RB1out_S12_Backward 94.78 95.4792 96.0752 96.5823 97.0128 9.2161 9.3161
W+1_RB1out_S12_Forward 94.6917 95.4511 96.0942 96.6376 97.0957 9.17668 9.27668
W+2_RB1out_S12_Backward 93.6806 94.3484 94.9236 95.4182 95.8427 9.30418 9.40418
W+2_RB1out_S12_Forward 94.7784 95.4965 96.1103 96.6339 97.0797 9.27418 9.37418
W-2_RB2in_S01_Backward 93.6535 94.4809 95.1637 95.7255 96.1866 9.15907 9.25907
W-2_RB2in_S01_Forward 93.2635 94.0604 94.7221 95.27 95.7226 9.10687 9.20687
W-1_RB2in_S01_Backward 94.3856 95.1109 95.7317 96.2621 96.7143 9.37004 9.47004
W-1_RB2in_S01_Middle 94.3001 94.9659 95.5425 96.041 96.4713 9.35851 9.45851
W-1_RB2in_S01_Forward 94.6645 95.3301 95.9098 96.4138 96.8512 9.34975 9.44975
W+0_RB2in_S01_Backward 94.6173 95.3094 95.9071 96.4222 96.8654 9.22204 9.32204
W+0_RB2in_S01_Middle 94.803 95.4336 95.9861 96.4695 96.8917 9.34008 9.44008
W+0_RB2in_S01_Forward 94.3807 95.1145 95.7435 96.2813 96.7405 9.21322 9.31322
W+1_RB2in_S01_Backward 95.4578 96.0662 96.6 97.0676 97.4768 9.48473 9.58473
W+1_RB2in_S01_Middle 94.5135 95.1356 95.683 96.1638 96.5858 9.38084 9.48084
W+1_RB2in_S01_Forward 95.3533 95.9183 96.4202 96.8656 97.2603 9.44254 9.54254
W+2_RB2in_S01_Backward 93.8522 94.6498 95.3116 95.8592 96.3114 9.09656 9.19656
W+2_RB2in_S01_Forward 92.1149 93.126 93.9326 94.5733 95.0806 9.00608 9.10608
W-2_RB2in_S02_Backward 93.1209 93.9145 94.5796 95.1354 95.5989 9.24445 9.34445
W-1_RB2in_S02_Backward 94.8494 95.4866 96.0391 96.5175 96.9311 9.34901 9.44901
W-1_RB2in_S02_Middle 94.022 94.7093 95.3027 95.8142 96.2542 9.25536 9.35536
W-1_RB2in_S02_Forward 95.3523 95.9531 96.4799 96.9409 97.3439 9.28956 9.38956
W+0_RB2in_S02_Backward 94.4541 95.132 95.7201 96.2293 96.6694 9.3369 9.4369
W+0_RB2in_S02_Middle 94.7192 95.356 95.9083 96.3865 96.7999 9.26505 9.36505
W+0_RB2in_S02_Forward 94.7315 95.4823 96.1223 96.6667 97.1287 9.26396 9.36396
W+1_RB2in_S02_Backward 91.3839 92.0073 92.5487 93.0181 93.4244 9.38705 9.48705
W+1_RB2in_S02_Middle 95.2937 95.8661 96.3731 96.8214 97.2174 9.47067 9.57067
W+1_RB2in_S02_Forward 94.3262 95.053 95.6755 96.2073 96.6609 9.26262 9.36262
W+2_RB2in_S02_Backward 93.7291 94.4693 95.095 95.6228 96.067 9.25962 9.35962
W+2_RB2in_S02_Forward 92.7664 93.4564 94.0451 94.5463 94.9723 9.25101 9.35101
W-2_RB2in_S03_Backward 93.5731 94.4771 95.2147 95.8146 96.3011 9.15124 9.25124
W-2_RB2in_S03_Forward 93.0067 93.7513 94.3764 94.9 95.3375 9.12095 9.22095
W-1_RB2in_S03_Backward 94.2892 95.1435 95.8431 96.4141 96.879 9.11819 9.21819
W-1_RB2in_S03_Middle 94.2395 94.9261 95.5188 96.0294 96.4686 9.18353 9.28353
W-1_RB2in_S03_Forward 94.84 95.5254 96.1167 96.6256 97.0631 9.19959 9.29959
W+0_RB2in_S03_Backward 93.4816 94.1397 94.713 95.2114 95.644 9.32044 9.42044
W+0_RB2in_S03_Middle 94.627 95.3023 95.8877 96.3943 96.832 9.29345 9.39345
W+0_RB2in_S03_Forward 87.9855 88.6303 89.1872 89.6673 90.0804 9.33306 9.43306
W+1_RB2in_S03_Backward 93.9928 94.705 95.3182 95.8449 96.2966 9.29538 9.39538
W+1_RB2in_S03_Middle 93.9104 94.5678 95.14 95.6372 96.0687 9.27939 9.37939
W+2_RB2in_S03_Backward 93.3509 94.196 94.888 95.4527 95.9124 9.17937 9.27937
W+2_RB2in_S03_Forward 91.4372 92.2784 92.976 93.5528 94.0285 9.11688 9.21688
W-2_RB2in_S04_Backward 93.9083 94.5989 95.1956 95.7101 96.1531 9.30079 9.40079
W-2_RB2in_S04_Forward 93.4753 94.166 94.7549 95.256 95.6815 9.23409 9.33409
W-1_RB2in_S04_Backward 95.5318 96.0954 96.598 97.0457 97.444 9.40982 9.50982
W-1_RB2in_S04_Middle 94.0806 94.6939 95.2303 95.6986 96.1071 9.28545 9.38545
W-1_RB2in_S04_Forward 94.2021 94.8089 95.3391 95.8016 96.2045 9.22565 9.32565
W+0_RB2in_S04_Backward 94.4609 95.2161 95.8603 96.4088 96.8748 9.213 9.313
W+0_RB2in_S04_Middle 94.5438 95.1801 95.7352 96.2186 96.639 9.29408 9.39408
W+0_RB2in_S04_Forward 94.6516 95.2984 95.8601 96.3472 96.769 9.30619 9.40619
W+1_RB2in_S04_Middle 93.3467 93.9507 94.4787 94.9395 95.341 9.35791 9.45791
W+1_RB2in_S04_Forward 94.4317 95.0141 95.5309 95.9891 96.3946 9.34915 9.44915
W+2_RB2in_S04_Backward 94.0288 94.7952 95.4454 95.9957 96.4604 9.20193 9.30193
W+2_RB2in_S04_Forward 93.6018 94.2755 94.8564 95.3562 95.7856 9.20025 9.30025
W-2_RB2in_S05_Forward 93.4803 94.2037 94.8188 95.3406 95.7825 9.17911 9.27911
W-1_RB2in_S05_Backward 94.4403 95.1771 95.7992 96.3232 96.7637 9.2261 9.3261
W-1_RB2in_S05_Middle 94.4143 95.1708 95.806 96.338 96.7827 9.19654 9.29654
W-1_RB2in_S05_Forward 94.4005 95.074 95.6578 96.163 96.5995 9.22997 9.32997
W+0_RB2in_S05_Backward 94.9683 95.6384 96.215 96.7103 97.135 9.322 9.422
W+0_RB2in_S05_Middle 94.7428 95.4414 96.0411 96.555 96.9944 9.27769 9.37769
W+1_RB2in_S05_Backward 93.8984 94.6449 95.2815 95.8231 96.283 9.22456 9.32456
W+1_RB2in_S05_Middle 93.9606 94.6247 95.1963 95.6874 96.1085 9.27808 9.37808
W+1_RB2in_S05_Forward 93.8016 94.3584 94.8532 95.2923 95.6815 9.41581 9.51581
W-2_RB2in_S06_Backward 94.469 95.2229 95.8661 96.4135 96.8786 9.31234 9.41234
W-2_RB2in_S06_Forward 93.3894 94.0711 94.6558 95.1563 95.5839 9.21152 9.31152
W-1_RB2in_S06_Backward 86.5747 87.1024 87.5681 87.9787 88.3401 9.42099 9.52099
W-1_RB2in_S06_Middle 94.5428 95.0092 95.4313 95.813 96.1579 9.45719 9.55719
W-1_RB2in_S06_Forward 94.6758 95.2792 95.8086 96.2724 96.6782 9.2909 9.3909
W+0_RB2in_S06_Backward 95.1735 95.8251 96.3911 96.882 97.3071 9.36695 9.46695
W+0_RB2in_S06_Middle 95.232 95.7898 96.2849 96.7238 97.1124 9.40764 9.50764
W+0_RB2in_S06_Forward 95.1304 95.7205 96.2397 96.6958 97.0959 9.34963 9.44963
W+1_RB2in_S06_Backward 94.4037 95.062 95.6314 96.1231 96.5469 9.33088 9.43088
W+1_RB2in_S06_Middle 94.1411 94.7634 95.3083 95.7847 96.2007 9.29177 9.39177
W+1_RB2in_S06_Forward 94.672 95.2081 95.6866 96.1131 96.493 9.44424 9.54424
W+2_RB2in_S06_Backward 94.2431 94.9332 95.5251 96.0319 96.4651 9.29468 9.39468
W+2_RB2in_S06_Forward 93.5363 94.1816 94.7392 95.2203 95.6345 9.34978 9.44978
W-2_RB2in_S07_Backward 93.9226 94.7109 95.3763 95.9365 96.4071 9.30845 9.40845
W-1_RB2in_S07_Backward 94.3078 94.8922 95.4088 95.8647 96.2666 9.29171 9.39171
W-1_RB2in_S07_Middle 94.1405 94.9182 95.5735 96.1241 96.586 9.18046 9.28046
W-1_RB2in_S07_Forward 94.6392 95.2766 95.8295 96.3083 96.7223 9.20662 9.30662
W+0_RB2in_S07_Backward 95.0671 95.714 96.279 96.7715 97.2003 9.30172 9.40172
W+1_RB2in_S07_Backward 94.3803 95.1494 95.7964 96.3393 96.794 9.14365 9.24365
W+1_RB2in_S07_Middle 93.9664 94.5981 95.1491 95.6288 96.0461 9.22826 9.32826
W+1_RB2in_S07_Forward 94.5939 95.2495 95.8198 96.3148 96.744 9.18605 9.28605
W+2_RB2in_S07_Backward 93.8313 94.5806 95.2095 95.7361 96.1761 9.22902 9.32902
W+2_RB2in_S07_Forward 93.1849 93.8606 94.4436 94.9457 95.3773 9.278 9.378
W-2_RB2in_S08_Backward 93.1442 93.8208 94.4046 94.9074 95.3398 9.33966 9.43966
W-2_RB2in_S08_Forward 92.9934 93.5919 94.1201 94.5856 94.9952 9.42477 9.52477
W-1_RB2in_S08_Backward 94.5648 95.0861 95.554 95.9734 96.3489 9.43108 9.53108
W-1_RB2in_S08_Middle 94.2451 94.9359 95.5326 96.047 96.4896 9.26144 9.36144
W-1_RB2in_S08_Forward 94.199 94.8939 95.4904 96.0016 96.4388 9.21879 9.31879
W+0_RB2in_S08_Backward 95.2243 95.8722 96.4346 96.9222 97.3441 9.30517 9.40517
W+0_RB2in_S08_Middle 94.4523 95.0549 95.5863 96.0542 96.4657 9.28574 9.38574
W+0_RB2in_S08_Forward 94.6328 95.319 95.9071 96.4102 96.8397 9.20475 9.30475
W+1_RB2in_S08_Backward 94.2729 94.9227 95.4876 95.9778 96.4025 9.31524 9.41524
W+1_RB2in_S08_Middle 94.6307 95.2851 95.8508 96.3388 96.7592 9.30295 9.40295
W+1_RB2in_S08_Forward 94.4401 95.1465 95.7538 96.2749 96.7212 9.30078 9.40078
W-2_RB2in_S09_Backward 93.5219 94.2121 94.8086 95.3231 95.7662 9.29806 9.39806
W-2_RB2in_S09_Forward 93.2376 93.8463 94.3815 94.8513 95.2633 9.39691 9.49691
W-1_RB2in_S09_Backward 94.3007 95.0188 95.633 96.1571 96.6036 9.30199 9.40199
W-1_RB2in_S09_Middle 93.86 94.4633 94.9904 95.45 95.8504 9.28942 9.38942
W-1_RB2in_S09_Forward 94.7347 95.4007 95.9736 96.4656 96.8872 9.2218 9.3218
W+0_RB2in_S09_Backward 93.8558 94.569 95.1789 95.6992 96.1424 9.25642 9.35642
W+0_RB2in_S09_Middle 94.2695 94.8922 95.4374 95.914 96.3302 9.29987 9.39987
W+0_RB2in_S09_Forward 93.8689 94.4931 95.037 95.5103 95.9214 9.27557 9.37557
W+1_RB2in_S09_Backward 94.8017 95.4087 95.9415 96.4085 96.8172 9.36684 9.46684
W+1_RB2in_S09_Middle 94.7394 95.3437 95.874 96.3386 96.7452 9.33794 9.43794
W+1_RB2in_S09_Forward 94.3257 95.0339 95.6388 96.1542 96.5927 9.26507 9.36507
W+2_RB2in_S09_Backward 94.9241 95.5429 96.0841 96.5567 96.9688 9.56821 9.66821
W+2_RB2in_S09_Forward 92.2354 92.8266 93.3455 93.8004 94.1986 9.38621 9.48621
W-2_RB2in_S10_Backward 94.1989 95.0425 95.7397 96.3143 96.7866 9.20696 9.30696
W-2_RB2in_S10_Forward 93.458 94.2416 94.8971 95.4439 95.8991 9.20129 9.30129
W-1_RB2in_S10_Backward 82.0829 82.7716 83.3477 83.8283 84.2285 9.15894 9.25894
W-1_RB2in_S10_Middle 94.2028 94.9654 95.6064 96.1439 96.5936 9.22946 9.32946
W-1_RB2in_S10_Forward 94.6289 95.4764 96.1839 96.773 97.2623 9.16396 9.26396
W+0_RB2in_S10_Backward 94.8245 95.4655 96.0218 96.5037 96.9204 9.34491 9.44491
W+0_RB2in_S10_Middle 94.6639 95.2921 95.8394 96.3155 96.729 9.34362 9.44362
W+0_RB2in_S10_Forward 89.2185 89.8386 90.3781 90.8466 91.2528 9.33887 9.43887
W+1_RB2in_S10_Backward 95.1264 95.7152 96.2332 96.6882 97.0873 9.39011 9.49011
W+1_RB2in_S10_Middle 94.1814 94.8695 95.4637 95.9758 96.4164 9.29388 9.39388
W+1_RB2in_S10_Forward 94.0778 94.7486 95.3301 95.8333 96.268 9.2841 9.3841
W+2_RB2in_S10_Backward 93.1293 93.7138 94.2285 94.6811 95.0786 9.36987 9.46987
W+2_RB2in_S10_Forward 92.8842 93.6275 94.2515 94.7742 95.2109 9.23153 9.33153
W-2_RB2in_S11_Backward 93.4634 94.1528 94.7406 95.2406 95.6652 9.30423 9.40423
W-2_RB2in_S11_Forward 92.6223 93.325 93.9258 94.4383 94.8747 9.22451 9.32451
W-1_RB2in_S11_Middle 94.3737 95.0227 95.5868 96.0761 96.5001 9.30707 9.40707
W-1_RB2in_S11_Forward 94.6352 95.3885 96.0258 96.5639 97.0171 9.20649 9.30649
W+0_RB2in_S11_Backward 95.0557 95.6072 96.0963 96.5297 96.9131 9.43768 9.53768
W+0_RB2in_S11_Middle 94.5863 95.1697 95.6852 96.14 96.5408 9.39649 9.49649
W+0_RB2in_S11_Forward 94.7328 95.4119 95.9972 96.5006 96.933 9.23087 9.33087
W+1_RB2in_S11_Backward 94.2796 95.0065 95.6242 96.1482 96.5917 9.27092 9.37092
W+1_RB2in_S11_Middle 93.8828 94.6647 95.324 95.8785 96.344 9.20388 9.30388
W+1_RB2in_S11_Forward 94.1542 94.9156 95.5609 96.1066 96.5671 9.20967 9.30967
W+2_RB2in_S11_Backward 93.874 94.7212 95.4221 96.0003 96.476 9.06772 9.16772
W+2_RB2in_S11_Forward 93.2699 94.016 94.6526 95.1946 95.6551 9.09977 9.19977
W-2_RB2in_S12_Backward 93.6206 94.2764 94.8439 95.3341 95.7569 9.34209 9.44209
W-2_RB2in_S12_Forward 94.0917 94.8451 95.4778 96.0076 96.4505 9.14591 9.24591
W-1_RB2in_S12_Backward 94.2418 94.9224 95.5131 96.0248 96.4675 9.31151 9.41151
W-1_RB2in_S12_Middle 94.3104 94.995 95.5857 96.0944 96.5318 9.25269 9.35269
W-1_RB2in_S12_Forward 94.5209 95.1659 95.7292 96.2205 96.6482 9.29216 9.39216
W+0_RB2in_S12_Backward 95.2823 95.9381 96.5047 96.9934 97.4142 9.26297 9.36297
W+0_RB2in_S12_Middle 94.664 95.2815 95.8216 96.2932 96.7045 9.26047 9.36047
W+0_RB2in_S12_Forward 94.5942 95.3005 95.9033 96.4168 96.8533 9.18462 9.28462
W+1_RB2in_S12_Backward 94.0166 94.716 95.3169 95.8322 96.2733 9.29006 9.39006
W+1_RB2in_S12_Middle 94.2085 94.9198 95.5319 96.0576 96.5082 9.28539 9.38539
W+1_RB2in_S12_Forward 94.1099 94.7718 95.3482 95.8493 96.2843 9.2437 9.3437
W+2_RB2in_S12_Backward 93.9918 94.7633 95.4128 95.9583 96.4154 9.15334 9.25334
W+2_RB2in_S12_Forward 90.8598 91.657 92.3142 92.8545 93.2976 9.05539 9.15539
W-2_RB2out_S01_Backward 94.5726 95.3815 96.0597 96.6268 97.0998 9.18509 9.28509
W-2_RB2out_S01_Middle 93.4963 94.2474 94.8836 95.4211 95.8745 9.16666 9.26666
W-2_RB2out_S01_Forward 93.0883 93.7977 94.4044 94.9222 95.3633 9.16104 9.26104
W-1_RB2out_S01_Backward 90.9603 91.7274 92.3752 92.9209 93.3795 9.27533 9.37533
W-1_RB2out_S01_Forward 93.6868 94.4237 95.0513 95.5847 96.0371 9.26268 9.36268
W+0_RB2out_S01_Forward 93.0476 93.799 94.4358 94.9743 95.4286 9.22684 9.32684
W+1_RB2out_S01_Backward 94.5612 95.2131 95.7763 96.2621 96.6805 9.43643 9.53643
W+1_RB2out_S01_Forward 92.4446 93.1382 93.7305 94.2352 94.6645 9.28513 9.38513
W+2_RB2out_S01_Backward 92.7557 93.4049 93.9666 94.4519 94.8703 9.47943 9.57943
W+2_RB2out_S01_Forward 90.3154 90.8783 91.3737 91.8091 92.1912 9.3652 9.4652
W-2_RB2out_S02_Backward 94.0116 94.7346 95.3537 95.8825 96.3334 9.29627 9.39627
W-2_RB2out_S02_Middle 90.1483 90.6569 91.1108 91.5152 91.8754 9.41454 9.51454
W-2_RB2out_S02_Forward 93.4968 94.1621 94.7352 95.2278 95.6505 9.27423 9.37423
W-1_RB2out_S02_Backward 93.2609 94.0584 94.7269 95.2859 95.7523 9.27188 9.37188
W-1_RB2out_S02_Forward 89.4952 90.1908 90.787 91.2969 91.7321 9.26265 9.36265
W+0_RB2out_S02_Backward 93.6437 94.3859 95.0186 95.5568 96.0136 9.27985 9.37985
W+0_RB2out_S02_Forward 92.4408 93.2232 93.884 94.4409 94.9092 9.26176 9.36176
W+1_RB2out_S02_Backward 92.8044 93.514 94.1211 94.6394 95.0811 9.26852 9.36852
W+1_RB2out_S02_Forward 95.0493 95.6168 96.1213 96.5692 96.9664 9.57288 9.67288
W+2_RB2out_S02_Backward 95.4261 96.0938 96.6716 97.1706 97.601 9.3253 9.4253
W+2_RB2out_S02_Middle 94.3605 94.9204 95.4158 95.8534 96.2397 9.40105 9.50105
W+2_RB2out_S02_Forward 93.284 93.9639 94.5468 95.0457 95.4719 9.26337 9.36337
W-2_RB2out_S03_Backward 94.351 95.0813 95.7023 96.2291 96.6753 9.25131 9.35131
W-2_RB2out_S03_Middle 93.4857 94.1564 94.7382 95.2418 95.6772 9.19872 9.29872
W-2_RB2out_S03_Forward 92.6144 93.3131 93.9102 94.4193 94.8525 9.18188 9.28188
W+0_RB2out_S03_Backward 93.4004 94.0862 94.6787 95.1895 95.6291 9.3224 9.4224
W+0_RB2out_S03_Forward 88.2536 88.8414 89.3564 89.807 90.2006 9.56442 9.66442
W+1_RB2out_S03_Backward 92.8695 93.4746 94.0065 94.4734 94.8827 9.42934 9.52934
W+1_RB2out_S03_Forward 89.0255 89.7475 90.3597 90.8775 91.3147 9.2074 9.3074
W+2_RB2out_S03_Backward 94.3561 95.127 95.7755 96.32 96.776 9.20547 9.30547
W+2_RB2out_S03_Middle 92.6476 93.2696 93.8121 94.2844 94.6951 9.20518 9.30518
W+2_RB2out_S03_Forward 88.8963 89.5628 90.1318 90.6167 91.0291 9.13781 9.23781
W-2_RB2out_S04_Backward 87.8078 88.4927 89.0756 89.5705 89.99 9.25003 9.35003
W-2_RB2out_S04_Middle 89.6821 90.1772 90.62 91.0155 91.3684 9.48181 9.58181
W-2_RB2out_S04_Forward 94.011 94.7057 95.298 95.802 96.23 9.22423 9.32423
W-1_RB2out_S04_Backward 89.737 90.3492 90.8809 91.3418 91.7408 9.4866 9.5866
W-1_RB2out_S04_Forward 87.4927 88.0374 88.519 88.9442 89.3192 9.4802 9.5802
W+1_RB2out_S04_Backward 92.9931 93.7158 94.3256 94.8391 95.2707 9.27313 9.37313
W+1_RB2out_S04_Forward 91.5186 92.2533 92.8755 93.4012 93.8445 9.27017 9.37017
W+2_RB2out_S04_Backward 94.1106 94.8545 95.4885 96.0276 96.4851 9.23746 9.33746
W+2_RB2out_S04_Middle 94.167 94.8047 95.3581 95.8376 96.2523 9.26554 9.36554
W+2_RB2out_S04_Forward 93.1449 93.848 94.4488 94.9611 95.3971 9.16973 9.26973
W-2_RB2out_S05_Backward 94.7941 95.4745 96.0646 96.5756 97.0173 9.2739 9.3739
W-2_RB2out_S05_Middle 93.5609 94.2741 94.8795 95.3923 95.8259 9.16635 9.26635
W-2_RB2out_S05_Forward 93.323 93.9994 94.5791 95.0748 95.4982 9.16349 9.26349
W-1_RB2out_S05_Backward 93.936 94.7 95.3426 95.8816 96.333 9.19707 9.29707
W-1_RB2out_S05_Forward 93.324 94.1113 94.7761 95.3361 95.8068 9.17433 9.27433
W+0_RB2out_S05_Backward 92.1127 92.692 93.1997 93.6439 94.0322 9.61435 9.71435
W+0_RB2out_S05_Forward 90.9516 91.4538 91.903 92.3041 92.6621 9.75801 9.85801
W+1_RB2out_S05_Backward 93.4282 94.1944 94.8337 95.3657 95.8075 9.25647 9.35647
W+1_RB2out_S05_Forward 93.469 94.2023 94.8266 95.357 95.8069 9.28632 9.38632
W+2_RB2out_S05_Backward 93.8906 94.6064 95.214 95.7287 96.1639 9.16872 9.26872
W+2_RB2out_S05_Middle 93.943 94.5974 95.1634 95.652 96.0733 9.16538 9.26538
W+2_RB2out_S05_Forward 91.9196 92.6537 93.2751 93.7998 94.2421 9.06832 9.16832
W-2_RB2out_S06_Backward 94.2472 94.9426 95.5437 96.0622 96.5086 9.34993 9.44993
W-2_RB2out_S06_Middle 93.8393 94.4787 95.0372 95.5242 95.9481 9.29011 9.39011
W-2_RB2out_S06_Forward 93.7882 94.4845 95.0785 95.5841 96.0137 9.20228 9.30228
W-1_RB2out_S06_Backward 93.674 94.3644 94.961 95.4755 95.9186 9.31748 9.41748
W-1_RB2out_S06_Forward 92.012 92.7293 93.3348 93.8448 94.2735 9.24035 9.34035
W+0_RB2out_S06_Backward 94.1048 94.8308 95.4479 95.9712 96.4143 9.24315 9.34315
W+0_RB2out_S06_Forward 94.2351 94.8616 95.4075 95.8824 96.295 9.44121 9.54121
W+1_RB2out_S06_Backward 93.2992 94.003 94.6087 95.1287 95.5745 9.34165 9.44165
W+1_RB2out_S06_Forward 92.8622 93.5726 94.1804 94.6993 95.1416 9.2777 9.3777
W+2_RB2out_S06_Backward 94.3271 95.0074 95.5978 96.1092 96.5514 9.36712 9.46712
W+2_RB2out_S06_Middle 93.7996 94.4148 94.9559 95.4312 95.848 9.37177 9.47177
W+2_RB2out_S06_Forward 87.5916 88.2499 88.8161 89.3022 89.7187 9.30081 9.40081
W-2_RB2out_S07_Backward 93.9251 94.4704 94.9541 95.3825 95.7617 9.38637 9.48637
W-2_RB2out_S07_Middle 93.5387 94.2316 94.8266 95.3367 95.7731 9.25635 9.35635
W-2_RB2out_S07_Forward 93.2904 93.9087 94.4502 94.9237 95.3373 9.35685 9.45685
W-1_RB2out_S07_Forward 92.804 93.6154 94.291 94.8518 95.3164 9.10833 9.20833
W+0_RB2out_S07_Backward 91.5944 92.308 92.9153 93.4309 93.8678 9.21815 9.31815
W+0_RB2out_S07_Forward 92.7147 93.3131 93.8387 94.2997 94.7035 9.35532 9.45532
W+1_RB2out_S07_Backward 94.4632 95.1091 95.6702 96.1567 96.578 9.33395 9.43395
W+1_RB2out_S07_Forward 93.6047 94.3973 95.0547 95.5985 96.0473 9.187 9.287
W+2_RB2out_S07_Backward 93.9032 94.6599 95.301 95.843 96.3001 9.24648 9.34648
W+2_RB2out_S07_Middle 93.8735 94.5448 95.1232 95.6207 96.0478 9.20241 9.30241
W+2_RB2out_S07_Forward 93.4021 94.0937 94.6834 95.1853 95.6116 9.20067 9.30067
W-2_RB2out_S08_Backward 94.9539 95.6797 96.296 96.8181 97.2598 9.3 9.4
W-2_RB2out_S08_Middle 93.8256 94.378 94.8686 95.3036 95.689 9.37627 9.47627
W-2_RB2out_S08_Forward 92.6818 93.4224 94.0544 94.5923 95.0493 9.18508 9.28508
W-1_RB2out_S08_Backward 89.9965 90.7169 91.3316 91.855 92.2998 9.24181 9.34181
W-1_RB2out_S08_Forward 93.7755 94.5127 95.1405 95.674 96.1266 9.22241 9.32241
W+0_RB2out_S08_Backward 93.6838 94.4051 95.0227 95.5504 96.0004 9.24395 9.34395
W+0_RB2out_S08_Forward 93.0379 93.7851 94.4127 94.9385 95.378 9.15695 9.25695
W+1_RB2out_S08_Backward 93.9835 94.7181 95.3385 95.8612 96.3007 9.23406 9.33406
W+1_RB2out_S08_Forward 90.7721 91.5147 92.1396 92.6643 93.1038 9.2159 9.3159
W+2_RB2out_S08_Middle 93.3047 93.9405 94.4925 94.9711 95.3853 9.20751 9.30751
W+2_RB2out_S08_Forward 92.4711 93.162 93.7559 94.2654 94.7017 9.20028 9.30028
W-2_RB2out_S09_Backward 94.3532 95.1464 95.816 96.3798 96.8535 9.23763 9.33763
W-2_RB2out_S09_Middle 93.9741 94.6295 95.1998 95.6953 96.1251 9.3766 9.4766
W-2_RB2out_S09_Forward 92.7777 93.4142 93.9705 94.4559 94.8786 9.44195 9.54195
W-1_RB2out_S09_Backward 94.0886 94.8623 95.508 96.0455 96.492 9.26694 9.36694
W-1_RB2out_S09_Forward 91.5624 92.2687 92.869 93.3782 93.8093 9.29475 9.39475
W+0_RB2out_S09_Backward 93.3981 94.1558 94.7928 95.327 95.7742 9.26149 9.36149
W+0_RB2out_S09_Forward 93.2015 93.925 94.545 95.0751 95.5276 9.29463 9.39463
W+1_RB2out_S09_Backward 91.0169 91.6596 92.2162 92.6974 93.1127 9.38698 9.48698
W+1_RB2out_S09_Forward 93.7041 94.3521 94.9155 95.4046 95.8286 9.33132 9.43132
W+2_RB2out_S09_Backward 94.2465 94.9971 95.6373 96.182 96.6447 9.27883 9.37883
W+2_RB2out_S09_Middle 93.7697 94.4798 95.0868 95.6045 96.0453 9.23835 9.33835
W+2_RB2out_S09_Forward 93.4201 94.1507 94.7726 95.3008 95.7486 9.22108 9.32108
W-2_RB2out_S10_Backward 94.6535 95.3154 95.8881 96.3827 96.8092 9.44571 9.54571
W-2_RB2out_S10_Middle 92.7891 93.349 93.8428 94.2778 94.6604 9.46096 9.56096
W-2_RB2out_S10_Forward 93.3691 94.007 94.5609 95.0413 95.4571 9.40562 9.50562
W-1_RB2out_S10_Forward 93.9012 94.5365 95.0877 95.5653 95.9783 9.39231 9.49231
W+0_RB2out_S10_Backward 93.978 94.6237 95.1814 95.6623 96.0764 9.34091 9.44091
W+0_RB2out_S10_Forward 88.5796 89.168 89.6806 90.1266 90.5139 9.36056 9.46056
W+1_RB2out_S10_Backward 93.6987 94.4498 95.0859 95.6233 96.0763 9.24529 9.34529
W+1_RB2out_S10_Forward 91.636 92.4267 93.0902 93.6455 94.1092 9.22804 9.32804
W+2_RB2out_S10_Backward 94.8328 95.5567 96.1714 96.6922 97.1325 9.31177 9.41177
W+2_RB2out_S10_Middle 93.4987 94.2062 94.8064 95.3144 95.7436 9.305 9.405
W+2_RB2out_S10_Forward 87.5463 88.23 88.8119 89.306 89.7249 9.25468 9.35468
W-2_RB2out_S11_Backward 94.027 94.9087 95.6337 96.228 96.7139 9.15855 9.25855
W-2_RB2out_S11_Middle 93.6805 94.3099 94.8558 95.3284 95.737 9.23465 9.33465
W-2_RB2out_S11_Forward 92.8408 93.5683 94.1828 94.7007 95.1363 9.18366 9.28366
W-1_RB2out_S11_Backward 93.8624 94.5695 95.1735 95.6884 96.1266 9.2573 9.3573
W-1_RB2out_S11_Forward 93.0538 93.7942 94.4256 94.9628 95.4191 9.26255 9.36255
W+0_RB2out_S11_Backward 93.5056 94.1424 94.6953 95.1746 95.5894 9.47115 9.57115
W+0_RB2out_S11_Forward 91.9974 92.6058 93.1386 93.6044 94.0111 9.44672 9.54672
W+1_RB2out_S11_Backward 93.5353 94.3217 94.9796 95.5286 95.9857 9.21865 9.31865
W+1_RB2out_S11_Forward 94.4254 94.9154 95.3563 95.7525 96.1084 9.58908 9.68908
W+2_RB2out_S11_Backward 94.4009 95.2804 96.0029 96.5947 97.0782 9.14561 9.24561
W+2_RB2out_S11_Middle 92.807 93.597 94.2589 94.812 95.2733 9.17148 9.27148
W+2_RB2out_S11_Forward 93.2989 93.9779 94.5602 95.0584 95.4839 9.20383 9.30383
W-2_RB2out_S12_Backward 94.2543 94.9548 95.5566 96.0726 96.5143 9.28736 9.38736
W-2_RB2out_S12_Middle 93.5248 94.2478 94.8625 95.3839 95.8254 9.23016 9.33016
W-2_RB2out_S12_Forward 93.8314 94.4251 94.9458 95.4017 95.8003 9.31968 9.41968
W-1_RB2out_S12_Backward 102.395 102.848 103.265 103.647 103.997 9.9344 10.0344
W-1_RB2out_S12_Forward 94.6141 95.1358 95.6022 96.0188 96.3905 9.62706 9.72706
W+0_RB2out_S12_Backward 94.2536 94.8717 95.4155 95.8931 96.3119 9.40598 9.50598
W+0_RB2out_S12_Forward 93.4302 94.0774 94.6369 95.1197 95.5356 9.38015 9.48015
W+1_RB2out_S12_Backward 93.2416 94.0325 94.6949 95.2482 95.7094 9.23555 9.33555
W+1_RB2out_S12_Forward 91.9134 92.6373 93.254 93.7782 94.2229 9.2682 9.3682
W+2_RB2out_S12_Backward 93.9588 94.7274 95.3797 95.932 96.3986 9.26679 9.36679
W+2_RB2out_S12_Middle 93.8476 94.5584 95.166 95.6842 96.1255 9.27765 9.37765
W+2_RB2out_S12_Forward 94.2966 94.8089 95.2681 95.6793 96.0472 9.60112 9.70112
W-2_RB3-_S01_Backward 94.0304 94.9803 95.7504 96.3724 96.8734 9.08718 9.18718
W-2_RB3-_S01_Forward 93.8375 94.5496 95.1584 95.6777 96.12 9.19821 9.29821
W-1_RB3-_S01_Backward 94.5723 95.4958 96.2505 96.865 97.3641 9.18626 9.28626
W-1_RB3-_S01_Forward 93.9534 94.7684 95.4528 96.026 96.505 9.2346 9.3346
W+0_RB3-_S01_Backward 94.4867 95.2044 95.8181 96.3417 96.7876 9.24725 9.34725
W+0_RB3-_S01_Forward 94.586 95.5007 96.2379 96.83 97.3041 9.12644 9.22644
W+1_RB3-_S01_Backward 94.1841 94.957 95.6131 96.1689 96.6386 9.31107 9.41107
W+1_RB3-_S01_Forward 94.255 95.0061 95.6417 96.1784 96.6305 9.28274 9.38274
W+2_RB3-_S01_Backward 94.3613 95.2349 95.9599 96.5598 97.0549 9.14356 9.24356
W+2_RB3-_S01_Forward 94.4008 95.2327 95.9189 96.4833 96.9465 9.1158 9.2158
W-2_RB3-_S02_Backward 94.7271 95.4736 96.1045 96.6366 97.0844 9.2722 9.3722
W-2_RB3-_S02_Forward 94.9192 95.7006 96.3587 96.9115 97.375 9.364 9.464
W-1_RB3-_S02_Backward 94.3417 95.1395 95.8074 96.3652 96.8299 9.26321 9.36321
W-1_RB3-_S02_Forward 94.1039 94.837 95.4654 96.003 96.462 9.2889 9.3889
W+0_RB3-_S02_Backward 94.4087 95.1873 95.8431 96.3942 96.8563 9.17524 9.27524
W+0_RB3-_S02_Forward 95.8737 96.343 96.77 97.1582 97.5109 9.67402 9.77402
W+1_RB3-_S02_Backward 94.1538 94.9038 95.5435 96.0878 96.5501 9.33593 9.43593
W+1_RB3-_S02_Forward 94.2567 94.9712 95.5863 96.1147 96.5679 9.35609 9.45609
W+2_RB3-_S02_Backward 94.6055 95.3011 95.902 96.4201 96.8662 9.33056 9.43056
W+2_RB3-_S02_Forward 94.6377 95.2389 95.7663 96.2282 96.6322 9.41702 9.51702
W-2_RB3-_S03_Backward 94.3534 95.0946 95.7208 96.2487 96.6928 9.19406 9.29406
W-2_RB3-_S03_Forward 94.2061 95.0139 95.6914 96.2581 96.7309 9.127 9.227
W-1_RB3-_S03_Backward 94.5105 95.3507 96.0517 96.6348 97.1187 9.17244 9.27244
W-1_RB3-_S03_Forward 94.4945 95.2314 95.8632 96.4037 96.8653 9.17976 9.27976
W+0_RB3-_S03_Backward 94.2178 95.0723 95.7797 96.3635 96.8442 9.20155 9.30155
W+0_RB3-_S03_Forward 63.7782 64.1372 64.4575 64.743 64.9971 9.63784 9.73784
W+1_RB3-_S03_Backward 94.3396 95.0655 95.6823 96.2054 96.648 9.26898 9.36898
W+1_RB3-_S03_Forward 93.9651 94.7111 95.3421 95.8746 96.3231 9.31362 9.41362
W+2_RB3-_S03_Backward 93.8012 94.684 95.4103 96.0059 96.4932 9.20504 9.30504
W+2_RB3-_S03_Forward 94.6495 95.301 95.864 96.3494 96.7674 9.32086 9.42086
W-2_RB3-_S04_Backward 94.4508 95.207 95.842 96.3737 96.8182 9.19229 9.29229
W-2_RB3-_S04_Forward 93.769 94.4578 95.0488 95.555 95.9878 9.2269 9.3269
W-1_RB3-_S04_Backward 93.929 94.6566 95.2799 95.8128 96.2676 9.25502 9.35502
W-1_RB3-_S04_Forward 93.7153 94.3857 94.9634 95.4602 95.8868 9.21929 9.31929
W+0_RB3-_S04_Backward 94.4281 95.191 95.8321 96.3696 96.8193 9.18226 9.28226
W+0_RB3-_S04_Forward 93.6987 94.3797 94.9635 95.463 95.8896 9.3074 9.4074
W+1_RB3-_S04_Backward 94.3985 95.2506 95.9556 96.5371 97.0156 9.27352 9.37352
W+1_RB3-_S04_Forward 93.9058 94.6351 95.2505 95.7686 96.204 9.27898 9.37898
W+2_RB3-_S04_Backward 93.0469 93.637 94.1546 94.6079 95.0043 9.49842 9.59842
W+2_RB3-_S04_Forward 94.4907 95.2358 95.8656 96.3967 96.8438 9.18905 9.28905
W-2_RB3-_S05_Backward 93.4011 94.0077 94.5381 95.0011 95.4047 9.41883 9.51883
W-2_RB3-_S05_Forward 93.0859 93.7722 94.3613 94.8661 95.2978 9.34861 9.44861
W-1_RB3-_S05_Backward 93.835 94.5403 95.147 95.6678 96.114 9.29192 9.39192
W-1_RB3-_S05_Forward 94.7078 95.4092 96.0073 96.5164 96.9488 9.27607 9.37607
W+1_RB3-_S05_Backward 94.7531 95.4892 96.12 96.6594 97.1198 9.33079 9.43079
W+1_RB3-_S05_Forward 94.1606 94.8851 95.5008 96.0228 96.4647 9.25385 9.35385
W+2_RB3-_S05_Backward 94.6471 95.3826 96.0083 96.5395 96.9894 9.29606 9.39606
W+2_RB3-_S05_Forward 94.4723 95.0894 95.6293 96.1008 96.512 9.21847 9.31847
W-2_RB3-_S06_Backward 93.8571 94.6149 95.2517 95.7856 96.2322 9.21445 9.31445
W-2_RB3-_S06_Forward 94.175 95.0154 95.7096 96.2815 96.7515 9.12765 9.22765
W-1_RB3-_S06_Backward 93.0311 93.7716 94.4032 94.9406 95.3971 9.34993 9.44993
W-1_RB3-_S06_Forward 94.348 95.3307 96.12 96.7516 97.2555 9.11209 9.21209
W+0_RB3-_S06_Backward 94.0251 94.7603 95.3862 95.9177 96.3683 9.26303 9.36303
W+0_RB3-_S06_Forward 93.9636 94.7461 95.4001 95.9452 96.3987 9.23173 9.33173
W+1_RB3-_S06_Backward 95.315 95.963 96.5257 97.0133 97.4353 9.36555 9.46555
W+1_RB3-_S06_Forward 94.4864 95.1442 95.7165 96.2136 96.6447 9.41273 9.51273
W-2_RB3-_S07_Backward 94.2167 94.9331 95.5411 96.056 96.4913 9.28891 9.38891
W-2_RB3-_S07_Forward 93.8905 94.5635 95.1471 95.6524 96.0891 9.30853 9.40853
W-1_RB3-_S07_Backward 94.8607 95.5852 96.2003 96.7214 97.1622 9.23191 9.33191
W-1_RB3-_S07_Forward 94.5772 95.2542 95.8376 96.3394 96.7703 9.2364 9.3364
W+0_RB3-_S07_Backward 94.4268 95.1745 95.8117 96.3536 96.8136 9.34158 9.44158
W+0_RB3-_S07_Forward 93.4099 94.1283 94.7433 95.2687 95.7166 9.40361 9.50361
W+1_RB3-_S07_Backward 94.4717 95.1533 95.7448 96.2572 96.7003 9.28033 9.38033
W+1_RB3-_S07_Forward 93.7881 94.5673 95.2242 95.7767 96.2403 9.16714 9.26714
W+2_RB3-_S07_Backward 94.6767 95.3869 95.9934 96.5102 96.9498 9.28834 9.38834
W+2_RB3-_S07_Forward 94.9457 95.5873 96.144 96.6263 97.0434 9.36939 9.46939
W-2_RB3-_S08_Backward 94.4148 95.0543 95.6093 96.0902 96.5062 9.33249 9.43249
W-2_RB3-_S08_Forward 93.9508 94.6964 95.332 95.8727 96.3317 9.21132 9.31132
W-1_RB3-_S08_Backward 95.0213 95.7285 96.3362 96.8574 97.3035 9.36709 9.46709
W-1_RB3-_S08_Forward 93.8447 94.4792 95.0298 95.5067 95.9192 9.3419 9.4419
W+0_RB3-_S08_Backward 94.3714 95.0987 95.7216 96.2538 96.7078 9.19023 9.29023
W+0_RB3-_S08_Forward 94.1176 94.8219 95.4232 95.9354 96.371 9.21034 9.31034
W+1_RB3-_S08_Backward 94.3702 95.1418 95.7967 96.3511 96.8195 9.19362 9.29362
W+1_RB3-_S08_Forward 91.693 92.1954 92.646 93.0497 93.4112 9.54871 9.64871
W+2_RB3-_S08_Backward 94.9078 95.6212 96.2306 96.7499 97.1917 9.28251 9.38251
W+2_RB3-_S08_Forward 94.3891 94.9928 95.5253 95.9943 96.4068 9.43213 9.53213
W-2_RB3-_S09_Backward 94.7952 95.4692 96.0497 96.5487 96.9768 9.25968 9.35968
W-2_RB3-_S09_Forward 94.2119 95.0476 95.7376 96.3055 96.7719 9.13804 9.23804
W+0_RB3-_S09_Backward 95.0319 95.6879 96.2549 96.7441 97.1653 9.31202 9.41202
W+0_RB3-_S09_Forward 94.3954 95.1161 95.7326 96.259 96.7074 9.27017 9.37017
W+1_RB3-_S09_Backward 94.7246 95.391 95.968 96.4665 96.8967 9.32107 9.42107
W+1_RB3-_S09_Forward 66.8818 67.2884 67.6488 67.9679 68.25 9.4699 9.5699
W+2_RB3-_S09_Backward 94.5023 95.2755 95.9316 96.4872 96.9566 9.1778 9.2778
W+2_RB3-_S09_Forward 93.7652 94.4931 95.1169 95.6503 96.1055 9.21736 9.31736
W-2_RB3-_S10_Backward 92.6859 93.6888 94.487 95.1198 95.6198 9.41588 9.51588
W-2_RB3-_S10_Forward 90.0416 91.9343 92.9027 93.3905 93.6343 9.25133 9.35133
W-1_RB3-_S10_Backward 93.0552 93.8998 94.5991 95.1762 95.6515 9.23608 9.33608
W+0_RB3-_S10_Backward 90.386 91.0776 91.6693 92.1745 92.6051 9.25 9.35
W+1_RB3-_S10_Backward 92.8316 93.4978 94.0721 94.5661 94.9904 9.30413 9.40413
W+1_RB3-_S10_Forward 94.26 95.072 95.7532 96.3232 96.7992 9.2517 9.3517
W+2_RB3-_S10_Backward 93.2937 93.9539 94.5258 95.0202 95.4471 9.26949 9.36949
W+2_RB3-_S10_Forward 93.8297 94.6442 95.3282 95.9011 96.3799 9.17181 9.27181
W-2_RB3-_S11_Backward 94.3809 95.1731 95.8418 96.4047 96.8777 9.2242 9.3242
W-2_RB3-_S11_Forward 94.1779 94.8345 95.4059 95.9022 96.3328 9.31516 9.41516
W-1_RB3-_S11_Backward 94.7149 95.4615 96.0925 96.6247 97.0725 9.19297 9.29297
W-1_RB3-_S11_Forward 94.4082 95.0959 95.6896 96.201 96.6409 9.2718 9.3718
W+0_RB3-_S11_Backward 94.6741 95.4109 96.0328 96.5565 96.9968 9.34883 9.44883
W+0_RB3-_S11_Forward 67.4946 67.8737 68.2131 68.5166 68.7878 9.62482 9.72482
W+1_RB3-_S11_Backward 93.0685 93.6879 94.2307 94.7056 95.1204 9.46695 9.56695
W+1_RB3-_S11_Forward 92.6644 93.3047 93.8582 94.3356 94.7469 9.36939 9.46939
W+2_RB3-_S11_Backward 94.8692 95.7009 96.3865 96.9501 97.4123 9.10125 9.20125
W+2_RB3-_S11_Forward 94.1086 95.0341 95.7716 96.3571 96.8206 9.08043 9.18043
W-2_RB3-_S12_Backward 94.8231 95.5869 96.2286 96.7664 97.2163 9.24984 9.34984
W-2_RB3-_S12_Forward 94.1833 94.8977 95.5039 96.0171 96.4508 9.1916 9.2916
W-1_RB3-_S12_Backward 94.5166 95.3024 95.9648 96.5219 96.9895 9.27755 9.37755
W-1_RB3-_S12_Forward 94.9365 95.6744 96.2972 96.8215 97.2622 9.22079 9.32079
W+0_RB3-_S12_Backward 93.899 94.6007 95.2038 95.7213 96.1644 9.31136 9.41136
W+0_RB3-_S12_Forward 94.6856 95.3383 95.9057 96.3981 96.8247 9.31388 9.41388
W+1_RB3-_S12_Backward 94.3395 95.0006 95.5761 96.0763 96.5103 9.36183 9.46183
W+1_RB3-_S12_Forward 94.5844 95.2212 95.7768 96.2607 96.6815 9.28419 9.38419
W-2_RB3+_S01_Backward 94.646 95.4057 96.0437 96.5781 97.025 9.1785 9.2785
W-2_RB3+_S01_Forward 92.9975 93.8156 94.4972 95.0635 95.5329 9.12535 9.22535
W-1_RB3+_S01_Backward 94.5748 95.4664 96.2 96.8018 97.2942 9.14377 9.24377
W-1_RB3+_S01_Forward 93.4846 94.1339 94.6955 95.1801 95.5978 9.25835 9.35835
W+0_RB3+_S01_Backward 94.2798 94.9999 95.616 96.1419 96.59 9.19934 9.29934
W+0_RB3+_S01_Forward 94.3564 95.2278 95.9346 96.506 96.9669 9.01096 9.11096
W+1_RB3+_S01_Backward 94.6334 95.516 96.2328 96.8132 97.2817 9.24642 9.34642
W+1_RB3+_S01_Forward 94.1445 94.9622 95.6355 96.1884 96.6413 9.2329 9.3329
W+2_RB3+_S01_Backward 92.2779 92.9073 93.4539 93.9278 94.3379 9.28631 9.38631
W+2_RB3+_S01_Forward 93.429 94.2283 94.8985 95.4588 95.9263 9.13737 9.23737
W-2_RB3+_S02_Backward 92.8919 93.5568 94.1334 94.6324 95.0637 9.28924 9.38924
W-2_RB3+_S02_Forward 94.5599 95.2837 95.8984 96.4194 96.86 9.2805 9.3805
W-1_RB3+_S02_Backward 94.6754 95.4617 96.1187 96.6662 97.1214 9.20201 9.30201
W-1_RB3+_S02_Forward 94.6746 95.3429 95.9179 96.4118 96.8353 9.27584 9.37584
W+0_RB3+_S02_Backward 95.0471 95.511 95.933 96.3165 96.6648 9.48478 9.58478
W+0_RB3+_S02_Forward 94.1228 94.8997 95.5484 96.0886 96.5375 9.1742 9.2742
W+1_RB3+_S02_Backward 94.6573 95.3071 95.8717 96.3615 96.7858 9.43811 9.53811
W+1_RB3+_S02_Forward 113.851 114.332 114.776 115.186 115.564 10.1022 10.2022
W+2_RB3+_S02_Backward 94.9549 95.6635 96.2683 96.7834 97.2213 9.33111 9.43111
W+2_RB3+_S02_Forward 94.2069 95.0495 95.7529 96.3385 96.8248 9.21855 9.31855
W-2_RB3+_S03_Backward 94.5641 95.3998 96.0964 96.6755 97.1558 9.16473 9.26473
W-2_RB3+_S03_Forward 93.9747 94.7086 95.3332 95.8637 96.3133 9.17797 9.27797
W-1_RB3+_S03_Backward 94.4219 95.2226 95.8931 96.4532 96.92 9.17207 9.27207
W-1_RB3+_S03_Forward 94.3658 95.0926 95.715 96.2468 96.7003 9.16425 9.26425
W+0_RB3+_S03_Backward 94.4339 95.2827 95.9771 96.5432 97.0038 9.09156 9.19156
W+0_RB3+_S03_Forward 94.4586 95.3147 96.0233 96.6081 97.0895 9.09228 9.19228
W+1_RB3+_S03_Backward 94.2912 95.0958 95.7702 96.3339 96.804 9.22115 9.32115
W+1_RB3+_S03_Forward 93.6444 94.2912 94.8536 95.3417 95.7648 9.33557 9.43557
W+2_RB3+_S03_Backward 85.8813 86.7886 87.5083 88.0769 88.5246 9.39993 9.49993
W+2_RB3+_S03_Forward 92.0756 93.3375 94.264 94.94 95.4308 9.34503 9.44503
W-2_RB3+_S04_Backward 92.8778 93.4994 94.0444 94.5214 94.9382 9.44269 9.54269
W-2_RB3+_S04_Forward 92.8744 93.6387 94.2766 94.8076 95.2487 9.33298 9.43298
W-1_RB3+_S04_Backward 94.3426 94.9528 95.4889 95.9592 96.3711 9.31964 9.41964
W-1_RB3+_S04_Forward 94.1102 94.7788 95.3582 95.8594 96.2922 9.313 9.413
W+0_RB3+_S04_Backward 90.4739 91.0562 91.5702 92.0231 92.4217 9.58973 9.68973
W+0_RB3+_S04_Forward 90.6929 91.1171 91.505 91.8594 92.183 9.76442 9.86442
W+1_RB3+_S04_Backward 94.5282 95.4002 96.1236 96.7218 97.2154 9.28967 9.38967
W+1_RB3+_S04_Forward 94.3739 95.0117 95.5651 96.0444 96.459 9.32864 9.42864
W+2_RB3+_S04_Backward 94.0542 94.7826 95.4019 95.9274 96.3724 9.23213 9.33213
W+2_RB3+_S04_Forward 94.2928 95.0895 95.7624 96.3294 96.806 9.19142 9.29142
W-2_RB3+_S05_Backward 94.0667 94.7817 95.393 95.9147 96.359 9.21392 9.31392
W-2_RB3+_S05_Forward 94.3112 95.0204 95.6262 96.1424 96.5817 9.19927 9.29927
W-1_RB3+_S05_Backward 43.7695 0.735742 0.00628853 5.33052e-05 4.51814e-07 9.68195 9.78195
W-1_RB3+_S05_Forward 92.6422 93.1907 93.6759 94.1045 94.4827 9.35177 9.45177
W+1_RB3+_S05_Backward 94.9524 95.5662 96.1026 96.5707 96.9785 9.34798 9.44798
W+1_RB3+_S05_Forward 94.6764 95.3853 95.9906 96.5062 96.9448 9.21352 9.31352
W+2_RB3+_S05_Backward 95.112 95.7692 96.3373 96.8274 97.2495 9.31512 9.41512
W+2_RB3+_S05_Forward 93.9644 94.5964 95.1446 95.6192 96.0295 9.26783 9.36783
W-2_RB3+_S06_Backward 94.769 95.4994 96.1203 96.6468 97.0924 9.25715 9.35715
W-2_RB3+_S06_Forward 94.7399 95.5107 96.159 96.7029 97.1584 9.16759 9.26759
W-1_RB3+_S06_Backward 94.3718 95.1932 95.8832 96.4613 96.9445 9.16154 9.26154
W-1_RB3+_S06_Forward 94.2635 95.065 95.7366 96.2977 96.7656 9.21498 9.31498
W+0_RB3+_S06_Backward 94.0001 94.9283 95.6879 96.3074 96.8113 9.17078 9.27078
W+0_RB3+_S06_Forward 95.1008 95.8913 96.5518 97.1023 97.5602 9.23346 9.33346
W+1_RB3+_S06_Backward 94.6595 95.3608 95.959 96.468 96.9004 9.33942 9.43942
W+1_RB3+_S06_Forward 94.7971 95.4377 95.9968 96.4838 96.9076 9.39124 9.49124
W+2_RB3+_S06_Backward 94.3938 95.1363 95.7687 96.3061 96.762 9.2597 9.3597
W+2_RB3+_S06_Forward 93.4791 94.3034 94.9905 95.5615 96.0349 9.20005 9.30005
W-2_RB3+_S07_Backward 94.1169 94.6143 95.0625 95.4659 95.8286 9.63944 9.73944
W-2_RB3+_S07_Forward 94.3264 94.8956 95.3999 95.846 96.2403 9.54303 9.64303
W-1_RB3+_S07_Backward 94.5624 95.3345 95.9895 96.544 97.0124 9.23871 9.33871
W-1_RB3+_S07_Forward 94.9985 95.7535 96.3921 96.9312 97.3853 9.25103 9.35103
W+0_RB3+_S07_Backward 94.14 95.0164 95.7363 96.326 96.8077 9.2859 9.3859
W+0_RB3+_S07_Forward 94.7054 95.5564 96.2602 96.8404 97.3176 9.26409 9.36409
W+1_RB3+_S07_Backward 94.3856 94.9499 95.4495 95.8912 96.2812 9.40102 9.50102
W+1_RB3+_S07_Forward 94.5606 95.1984 95.7548 96.2395 96.6611 9.32524 9.42524
W+2_RB3+_S07_Backward 94.8248 95.6081 96.2622 96.807 97.2597 9.33299 9.43299
W+2_RB3+_S07_Forward 94.9972 95.7994 96.471 97.0316 97.4988 9.27735 9.37735
W-2_RB3+_S08_Backward 94.1765 94.9207 95.5549 96.0941 96.5517 9.24523 9.34523
W-2_RB3+_S08_Forward 94.0027 94.8667 95.5832 96.1755 96.6639 9.14957 9.24957
W-1_RB3+_S08_Backward 92.4402 93.0076 93.511 93.9569 94.3516 9.5915 9.6915
W-1_RB3+_S08_Forward 93.9271 94.6184 95.2156 95.7307 96.1742 9.32666 9.42666
W+0_RB3+_S08_Backward 91.9461 92.629 93.2114 93.7073 94.1286 9.35157 9.45157
W+0_RB3+_S08_Forward 92.1499 92.8267 93.4074 93.9048 94.3301 9.35836 9.45836
W+1_RB3+_S08_Backward 94.3805 95.0869 95.6942 96.2153 96.6616 9.27692 9.37692
W+1_RB3+_S08_Forward 94.3987 95.1422 95.7756 96.314 96.7707 9.27199 9.37199
W+2_RB3+_S08_Backward 94.2624 94.942 95.5316 96.0424 96.4841 9.29716 9.39716
W+2_RB3+_S08_Forward 93.9859 94.6784 95.2729 95.7822 96.2178 9.19727 9.29727
W-2_RB3+_S09_Backward 92.8311 93.4455 93.9835 94.454 94.8648 9.59758 9.69758
W-2_RB3+_S09_Forward 89.6682 90.2502 90.759 91.2032 91.5904 9.48232 9.58232
W-1_RB3+_S09_Backward 94.7791 95.463 96.0487 96.5495 96.9769 9.2967 9.3967
W-1_RB3+_S09_Forward 94.5498 95.2502 95.8558 96.3784 96.8286 9.29951 9.39951
W+0_RB3+_S09_Backward 94.7117 95.4262 96.0368 96.5573 97.0003 9.29345 9.39345
W+0_RB3+_S09_Forward 94.417 95.1943 95.8545 96.4138 96.8866 9.24215 9.34215
W+1_RB3+_S09_Backward 83.2308 83.7929 84.2834 84.7107 85.0824 9.36987 9.46987
W+1_RB3+_S09_Forward 94.1132 94.7952 95.3835 95.8902 96.3257 9.30289 9.40289
W+2_RB3+_S09_Backward 94.8476 95.6253 96.2799 96.8296 97.2903 9.21033 9.31033
W+2_RB3+_S09_Forward 94.8497 95.5927 96.2253 96.7627 97.2184 9.14414 9.24414
W-2_RB3+_S10_Backward 94.7719 95.5074 96.128 96.6505 97.0896 9.24986 9.34986
W-2_RB3+_S10_Forward 94.7598 95.5042 96.138 96.6767 97.1335 9.23496 9.33496
W-1_RB3+_S10_Backward 92.991 93.8265 94.5098 95.067 95.5202 9.20033 9.30033
W+0_RB3+_S10_Backward 94.4583 95.155 95.7572 96.2766 96.7239 9.31634 9.41634
W+0_RB3+_S10_Forward 93.9763 94.5846 95.1163 95.5803 95.9847 9.3342 9.4342
W+1_RB3+_S10_Backward 94.4028 95.1257 95.7443 96.2725 96.7228 9.31575 9.41575
W+1_RB3+_S10_Forward 93.694 94.4183 95.0387 95.569 96.0214 9.28587 9.38587
W+2_RB3+_S10_Backward 94.13 94.828 95.4233 95.93 96.3604 9.21249 9.31249
W+2_RB3+_S10_Forward 94.0987 94.9656 95.6847 96.2793 96.7698 9.11642 9.21642
W-2_RB3+_S11_Backward 94.5392 95.2418 95.8456 96.3632 96.8063 9.29339 9.39339
W-2_RB3+_S11_Forward 94.7817 95.4081 95.9537 96.428 96.8399 9.31481 9.41481
W-1_RB3+_S11_Backward 90.97 91.7049 92.3225 92.8403 93.2735 9.26843 9.36843
W-1_RB3+_S11_Forward 91.1724 91.9219 92.5531 93.0832 93.5275 9.2518 9.3518
W+0_RB3+_S11_Backward 94.8368 95.5116 96.0965 96.6024 97.0394 9.34978 9.44978
W+0_RB3+_S11_Forward 93.7628 94.4914 95.1158 95.6498 96.1056 9.3711 9.4711
W+1_RB3+_S11_Backward 94.5546 95.2593 95.8606 96.3727 96.808 9.24489 9.34489
W+1_RB3+_S11_Forward 94.5207 95.2004 95.7901 96.3007 96.7422 9.3043 9.4043
W+2_RB3+_S11_Backward 94.7313 95.4098 95.9982 96.5075 96.9477 9.33429 9.43429
W+2_RB3+_S11_Forward 94.0645 94.8092 95.444 95.9838 96.442 9.2208 9.3208
W-2_RB3+_S12_Backward 94.7839 95.5906 96.2665 96.8313 97.3023 9.18131 9.28131
W-2_RB3+_S12_Forward 94.3481 95.1896 95.8849 96.4575 96.9281 9.14689 9.24689
W-1_RB3+_S12_Backward 94.618 95.4034 96.0596 96.6064 97.0611 9.27672 9.37672
W-1_RB3+_S12_Forward 94.3628 95.2438 95.9679 96.5611 97.0459 9.19598 9.29598
W+0_RB3+_S12_Backward 94.5132 95.2562 95.8891 96.427 96.8832 9.26666 9.36666
W+0_RB3+_S12_Forward 94.2955 95.1041 95.7821 96.3492 96.8225 9.19183 9.29183
W+1_RB3+_S12_Backward 93.6381 94.356 94.9703 95.4949 95.9422 9.34713 9.44713
W+1_RB3+_S12_Forward 94.2899 94.8525 95.3504 95.7906 96.1792 9.44162 9.54162
W+2_RB3+_S12_Backward 94.7415 95.5899 96.291 96.8689 97.3439 9.13511 9.23511
W+2_RB3+_S12_Forward 94.1345 94.8332 95.4333 95.9479 96.3882 9.20249 9.30249
W-2_RB4-_S01_Backward 90.7946 94.1089 94.8604 95.0251 95.0609 8.84807 8.94807
W-2_RB4-_S01_Forward 97.6927 99.6406 99.9471 99.9944 100.002 9.04 9.14
W-1_RB4-_S01_Backward 94.4107 95.2218 95.9022 96.4714 96.9465 9.25538 9.35538
W-1_RB4-_S01_Forward 95.0761 95.7449 96.3202 96.8142 97.2377 9.41934 9.51934
W+0_RB4-_S01_Backward 94.7026 95.4542 96.09 96.6266 97.0785 9.25089 9.35089
W+0_RB4-_S01_Forward 94.0192 94.598 95.107 95.5539 95.9457 9.35607 9.45607
W+1_RB4-_S01_Backward 95.513 96.1871 96.7672 97.2654 97.6926 9.45457 9.55457
W-2_RB4-_S02_Backward 88.1557 88.9691 89.6288 90.1621 90.5922 9.36165 9.46165
W-2_RB4-_S02_Forward 93.4995 96.9669 97.7611 97.9368 97.9754 9.12036 9.22036
W-1_RB4-_S02_Backward 82.1779 82.9995 83.6556 84.1776 84.5918 9.54041 9.64041
W+0_RB4-_S02_Backward 94.8616 95.4728 96.0096 96.4803 96.8925 9.35113 9.45113
W+0_RB4-_S02_Forward 90.7398 91.541 92.2089 92.7641 93.2245 9.24921 9.34921
W+1_RB4-_S02_Backward 94.3291 94.8654 95.3459 95.7762 96.1609 9.73307 9.83307
W+1_RB4-_S02_Forward 93.199 93.7477 94.2371 94.6729 95.0606 9.61622 9.71622
W-2_RB4-_S03_Backward 94.6603 95.5398 96.2623 96.8538 97.3368 9.21937 9.31937
W-1_RB4-_S03_Backward 94.3924 95.2329 95.9271 96.4988 96.9685 9.15156 9.25156
W-1_RB4-_S03_Forward 93.7 94.3812 94.9651 95.4647 95.8914 9.2663 9.3663
W+0_RB4-_S03_Backward 91.0597 91.7327 92.3064 92.7946 93.2093 9.27183 9.37183
W+0_RB4-_S03_Forward 88.0985 88.7571 89.3233 89.8091 90.225 9.30374 9.40374
W+1_RB4-_S03_Backward 95.2313 95.8839 96.4542 96.9516 97.3849 9.35593 9.45593
W+1_RB4-_S03_Forward 94.737 95.3643 95.9137 96.3941 96.8136 9.39851 9.49851
W-2_RB4--_S04_Backward 89.3766 90.3204 91.0799 91.6888 92.1755 9.05333 9.15333
W-2_RB4--_S04_Forward 94.6938 95.3424 95.9059 96.3946 96.8178 9.21499 9.31499
W-1_RB4--_S04_Backward 91.9264 92.592 93.1661 93.6605 94.0854 9.17874 9.27874
W-1_RB4--_S04_Forward 94.1622 94.8106 95.3742 95.8632 96.2868 9.2213 9.3213
W+0_RB4--_S04_Backward 95.0636 95.7532 96.3443 96.8499 97.2817 9.23467 9.33467
W+0_RB4--_S04_Forward 93.997 94.7014 95.3029 95.8154 96.2512 9.2143 9.3143
W+1_RB4--_S04_Backward 90.9535 91.6436 92.2292 92.725 93.144 9.34206 9.44206
W+1_RB4--_S04_Forward 93.4763 94.0371 94.5337 94.9729 95.3608 9.50998 9.60998
W+2_RB4--_S04_Backward 94.3447 96.2087 96.3557 96.367 96.3679 9.2202 9.3202
W+2_RB4--_S04_Forward 94.0343 94.7483 95.3631 95.8914 96.3445 9.21017 9.31017
W-2_RB4-_S05_Backward 93.3242 94.0908 94.7417 95.293 95.759 9.2375 9.3375
W-2_RB4-_S05_Forward 94.6179 95.2392 95.7857 96.2658 96.6869 9.36281 9.46281
W-1_RB4-_S05_Backward 94.0285 94.8666 95.566 96.148 96.6312 9.22038 9.32038
W-1_RB4-_S05_Forward 94.4402 95.1158 95.7017 96.2088 96.6471 9.27231 9.37231
W+0_RB4-_S05_Backward 90.9221 91.6196 92.2165 92.7263 93.1609 9.3025 9.4025
W+0_RB4-_S05_Forward 93.6119 94.4024 95.07 95.6325 96.1053 9.29683 9.39683
W+1_RB4-_S05_Backward 94.4927 95.2907 95.9587 96.5165 96.9811 9.26579 9.36579
W+1_RB4-_S05_Forward 92.542 93.3007 93.9392 94.4754 94.9248 9.23704 9.33704
W+2_RB4-_S05_Backward 94.406 95.1293 95.7436 96.2643 96.7047 9.26061 9.36061
W+2_RB4-_S05_Forward 94.7049 95.3724 95.9538 96.4594 96.8984 9.27593 9.37593
W-2_RB4-_S06_Backward 94.8351 95.5748 96.1994 96.7255 97.1677 9.30725 9.40725
W-2_RB4-_S06_Forward 94.4878 95.0096 95.4763 95.8931 96.2651 9.55967 9.65967
W+0_RB4-_S06_Backward 95.0064 95.7254 96.3353 96.8515 97.2877 9.2932 9.3932
W+0_RB4-_S06_Forward 93.5576 94.2535 94.8514 95.3641 95.803 9.27927 9.37927
W+1_RB4-_S06_Backward 94.0098 94.6741 95.2494 95.7468 96.1761 9.41282 9.51282
W+1_RB4-_S06_Forward 95.6079 96.1603 96.6522 97.0896 97.4782 9.43812 9.53812
W+2_RB4-_S06_Backward 93.5085 94.3169 94.989 95.5462 96.0073 9.2458 9.3458
W+2_RB4-_S06_Forward 95.493 95.9932 96.445 96.8527 97.2202 9.43566 9.53566
W-2_RB4-_S07_Backward 93.7427 94.6414 95.3649 95.9452 96.4094 9.2995 9.3995
W-1_RB4-_S07_Backward 94.3629 94.9746 95.5093 95.976 96.3827 9.2992 9.3992
W-1_RB4-_S07_Forward 94.7466 95.5036 96.1443 96.6854 97.1414 9.28036 9.38036
W+0_RB4-_S07_Backward 93.8416 94.4454 94.9729 95.433 95.8338 9.45887 9.55887
W+0_RB4-_S07_Forward 70.14 70.6993 71.1687 71.5617 71.89 9.33799 9.43799
W+1_RB4-_S07_Backward 94.4301 95.1418 95.7497 96.268 96.7091 9.30407 9.40407
W+1_RB4-_S07_Forward 95.0785 95.6256 96.1145 96.5509 96.94 9.32949 9.42949
W-2_RB4-_S08_Backward 95.3525 95.8747 96.3447 96.7674 97.147 9.53406 9.63406
W-2_RB4-_S08_Forward 95.6538 96.2062 96.7 97.1408 97.534 9.48099 9.58099
W-1_RB4-_S08_Backward 94.1039 94.8227 95.4331 95.9502 96.3875 9.30533 9.40533
W-1_RB4-_S08_Forward 94.8486 95.5133 96.0921 96.5951 97.0315 9.37951 9.47951
W+0_RB4-_S08_Backward 95.4591 96.0556 96.5833 97.0493 97.4603 9.4359 9.5359
W+0_RB4-_S08_Forward 91.7158 92.2539 92.7336 93.1606 93.5404 9.44973 9.54973
W+1_RB4-_S08_Backward 94.8785 95.5762 96.175 96.6878 97.1264 9.31871 9.41871
W+1_RB4-_S08_Forward 93.6716 94.2579 94.7766 95.2349 95.6391 9.37343 9.47343
W+2_RB4-_S08_Backward 93.8352 94.4312 94.9539 95.4118 95.8123 9.26193 9.36193
W+2_RB4-_S08_Forward 97.4113 97.9558 98.4413 98.8737 99.2584 9.44626 9.54626
W-2_RB4_S09_Backward 93.6601 94.3899 95.0109 95.5382 95.985 9.29096 9.39096
W-2_RB4_S09_Forward 95.2988 95.9266 96.4763 96.9566 97.3759 9.46187 9.56187
W-1_RB4_S09_Backward 92.3228 92.9156 93.4361 93.8924 94.2919 9.51059 9.61059
W-1_RB4_S09_Forward 97.0983 97.6107 98.0723 98.4877 98.8612 9.63754 9.73754
W+0_RB4_S09_Backward 92.1721 92.7653 93.2862 93.743 94.1431 9.41071 9.51071
W+0_RB4_S09_Forward 94.8392 95.4488 95.9841 96.4534 96.8643 9.37305 9.47305
W+1_RB4_S09_Backward 94.8162 95.3996 95.9149 96.3694 96.7698 9.42133 9.52133
W+1_RB4_S09_Forward 94.54 95.2559 95.872 96.4013 96.8552 9.31549 9.41549
W+2_RB4_S09_Backward 92.7888 93.7012 94.4473 95.0555 95.5499 9.23784 9.33784
W+2_RB4_S09_Forward 95.0012 95.6354 96.1912 96.6775 97.1025 9.39013 9.49013
W-2_RB4-_S10_Backward 94.4268 95.185 95.8219 96.3554 96.8015 9.35816 9.45816
W-2_RB4-_S10_Forward 94.8506 95.443 95.9646 96.423 96.8255 9.39605 9.49605
W-1_RB4-_S10_Backward 85.5517 86.247 86.8367 87.3356 87.7568 9.34606 9.44606
W-1_RB4-_S10_Forward 95.624 96.1384 96.601 97.0163 97.389 9.50449 9.60449
W+0_RB4-_S10_Backward 94.3872 95.1737 95.8369 96.3948 96.8631 9.29844 9.39844
W+0_RB4-_S10_Forward 94.6087 95.2184 95.751 96.2157 96.6205 9.39633 9.49633
W+1_RB4-_S10_Backward 93.7346 94.4029 94.9786 95.4736 95.8984 9.40063 9.50063
W+1_RB4-_S10_Forward 93.6784 94.2456 94.7483 95.1932 95.5864 9.50246 9.60246
W+2_RB4-_S10_Backward 91.9594 92.6517 93.2472 93.7585 94.1966 9.33257 9.43257
W+2_RB4-_S10_Forward 95.0386 95.6458 96.1786 96.6456 97.0542 9.39246 9.49246
W-2_RB4_S11_Backward 93.6873 94.6615 95.4439 96.0698 96.569 9.20824 9.30824
W-2_RB4_S11_Forward 94.393 94.9851 95.5065 95.9649 96.3675 9.44524 9.54524
W-1_RB4_S11_Backward 94.8722 95.5239 96.0868 96.5722 96.9901 9.3703 9.4703
W-1_RB4_S11_Forward 91.0322 91.6291 92.1514 92.6078 93.0059 9.39038 9.49038
W+0_RB4_S11_Backward 89.8575 90.5053 91.0638 91.5445 91.9576 9.39474 9.49474
W+0_RB4_S11_Forward 95.3 95.8916 96.4145 96.8761 97.2831 9.48605 9.58605
W+1_RB4_S11_Backward 94.7566 95.4723 96.0882 96.6172 97.0706 9.3331 9.4331
W+1_RB4_S11_Forward 94.6454 95.3412 95.9382 96.4496 96.8869 9.29318 9.39318
W+2_RB4_S11_Backward 94.8436 95.5727 96.1969 96.7301 97.1848 9.28005 9.38005
W+2_RB4_S11_Forward 94.7306 95.3619 95.9121 96.3909 96.8069 9.38254 9.48254
W-2_RB4-_S12_Backward 92.5734 93.5767 94.3755 95.0089 95.5095 9.30308 9.40308
W-2_RB4-_S12_Forward 94.3701 95.1221 95.7532 96.2815 96.7228 9.291 9.391
W-1_RB4-_S12_Backward 86.6676 87.4686 88.1185 88.644 89.0678 9.09265 9.19265
W-1_RB4-_S12_Forward 89.7941 90.7142 91.4517 92.0404 92.509 9.1202 9.2202
W+0_RB4-_S12_Backward 93.3487 94.0035 94.5737 95.0694 95.4995 9.50422 9.60422
W+0_RB4-_S12_Forward 89.6533 90.3005 90.8622 91.3489 91.7698 9.50445 9.60445
W+1_RB4-_S12_Backward 93.6172 94.3105 94.9099 95.4272 95.8728 9.33608 9.43608
W+1_RB4-_S12_Forward 93.3669 94.0947 94.714 95.2398 95.6853 9.2468 9.3468
W+2_RB4-_S12_Backward 93.55 94.2585 94.8684 95.3923 95.8416 9.30529 9.40529
W+2_RB4-_S12_Forward 94.6975 95.4581 96.1023 96.6466 97.1056 9.26991 9.36991
W-1_RB4+_S01_Backward 94.0108 94.8136 95.4866 96.0491 96.5184 9.22651 9.32651
W-1_RB4+_S01_Forward 94.0368 94.713 95.2958 95.7974 96.2282 9.25207 9.35207
W+0_RB4+_S01_Backward 94.2749 95.2377 95.9977 96.5952 97.0636 9.13986 9.23986
W+0_RB4+_S01_Forward 93.8803 94.607 95.2294 95.7616 96.2156 9.27957 9.37957
W+1_RB4+_S01_Backward 92.2582 92.9433 93.5318 94.0363 94.4682 9.47473 9.57473
W+1_RB4+_S01_Forward 88.5274 89.1233 89.6459 90.1035 90.5037 9.49892 9.59892
W-2_RB4+_S02_Backward 93.8474 94.5595 95.1726 95.6993 96.1511 9.34437 9.44437
W-2_RB4+_S02_Forward 99.1911 99.7643 100.275 100.729 101.132 9.43112 9.53112
W-1_RB4+_S02_Backward 94.5897 95.3527 95.9992 96.5458 97.0069 9.29137 9.39137
W-1_RB4+_S02_Forward 94.4531 95.2332 95.8903 96.4426 96.9058 9.20182 9.30182
W+0_RB4+_S02_Backward 93.9065 94.6181 95.2218 95.7328 96.1647 9.29209 9.39209
W+0_RB4+_S02_Forward 92.7068 93.426 94.0423 94.5692 95.0189 9.28696 9.38696
W+1_RB4+_S02_Backward 94.7807 95.3306 95.8185 96.2506 96.633 9.45964 9.55964
W+1_RB4+_S02_Forward 93.9567 94.753 95.4257 95.9927 96.4695 9.29793 9.39793
W+2_RB4+_S02_Backward 96.1519 96.6457 97.0924 97.4963 97.8611 9.61522 9.71522
W+2_RB4+_S02_Forward 94.3878 94.9542 95.458 95.9054 96.3024 9.52488 9.62488
W-2_RB4+_S03_Backward 93.5413 94.3296 94.9831 95.5233 95.9689 9.21544 9.31544
W-2_RB4+_S03_Forward 94.3803 95.0304 95.5955 96.0859 96.5108 9.30679 9.40679
W-1_RB4+_S03_Backward 94.5936 95.3313 95.9541 96.4787 96.9197 9.17298 9.27298
W-1_RB4+_S03_Forward 94.2299 94.9082 95.4967 96.0063 96.447 9.23464 9.33464
W+0_RB4+_S03_Backward 94.4834 95.2223 95.8463 96.3721 96.8142 9.26586 9.36586
W+0_RB4+_S03_Forward 94.8705 95.5156 96.0757 96.5611 96.9812 9.34368 9.44368
W+1_RB4+_S03_Backward 93.444 94.116 94.6953 95.1938 95.6221 9.2768 9.3768
W+1_RB4+_S03_Forward 94.2533 94.9498 95.5437 96.0491 96.4783 9.31179 9.41179
W+2_RB4+_S03_Backward 93.6889 94.2393 94.7281 95.1615 95.5453 9.36529 9.46529
W+2_RB4+_S03_Forward 94.1964 94.7328 95.2118 95.6389 96.0195 9.32374 9.42374
W-2_RB4-_S04_Backward 94.4025 95.1663 95.8084 96.3468 96.7973 9.15877 9.25877
W-2_RB4-_S04_Forward 94.1282 94.6906 95.1906 95.6346 96.0284 9.38353 9.48353
W-1_RB4-_S04_Backward 94.8298 95.6068 96.255 96.7944 97.2423 9.14501 9.24501
W-1_RB4-_S04_Forward 93.1176 93.9134 94.5806 95.1384 95.6037 9.14088 9.24088
W+0_RB4-_S04_Backward 93.7803 94.4203 94.9793 95.4667 95.8911 9.32293 9.42293
W+0_RB4-_S04_Forward 94.3018 95.0377 95.659 96.1825 96.6225 9.23105 9.33105
W+2_RB4-_S04_Backward 93.8783 94.5764 95.1761 95.6904 96.1306 9.25014 9.35014
W+2_RB4-_S04_Forward 94.9352 95.477 95.959 96.3872 96.7673 9.40621 9.50621
W-1_RB4+_S05_Backward 93.6513 94.4078 95.0489 95.591 96.0484 9.20851 9.30851
W-1_RB4+_S05_Forward 93.9955 94.6516 95.2192 95.7093 96.1318 9.27785 9.37785
W+0_RB4+_S05_Backward 94.4369 95.0817 95.6449 96.1361 96.5637 9.34178 9.44178
W+0_RB4+_S05_Forward 93.9361 94.6894 95.3273 95.8662 96.3206 9.31753 9.41753
W+1_RB4+_S05_Backward 94.2974 95.2016 95.9386 96.5374 97.0226 9.27534 9.37534
W+1_RB4+_S05_Forward 94.7373 95.3487 95.883 96.3492 96.7553 9.32316 9.42316
W+2_RB4+_S05_Backward 94.3658 95.021 95.5911 96.0861 96.5153 9.24144 9.34144
W+2_RB4+_S05_Forward 94.3586 94.9618 95.4913 95.9553 96.3613 9.32546 9.42546
W-1_RB4+_S06_Backward 94.3115 95.2229 95.9574 96.5472 97.0195 9.24636 9.34636
W-1_RB4+_S06_Forward 94.8615 95.4346 95.94 96.3852 96.7769 9.39105 9.49105
W+0_RB4+_S06_Backward 94.0234 94.766 95.3939 95.9235 96.3693 9.26385 9.36385
W+0_RB4+_S06_Forward 94.5614 95.1591 95.6832 96.1421 96.5433 9.39392 9.49392
W+1_RB4+_S06_Backward 94.6516 95.2887 95.8475 96.3368 96.7647 9.45228 9.55228
W+1_RB4+_S06_Forward 97.513 98.02 98.4763 98.8864 99.2548 9.61547 9.71547
W-2_RB4+_S07_Backward 91.81 93.0933 94.013 94.6675 95.131 9.10359 9.20359
W-2_RB4+_S07_Forward 93.8015 94.9613 95.8566 96.544 97.0699 9.21078 9.31078
W-1_RB4+_S07_Backward 93.5168 94.2174 94.8199 95.3368 95.7796 9.21978 9.31978
W-1_RB4+_S07_Forward 94.4977 95.2372 95.8618 96.3881 96.8307 9.1792 9.2792
W+0_RB4+_S07_Backward 92.5805 93.3911 94.0661 94.6266 95.0909 9.13107 9.23107
W+0_RB4+_S07_Forward 94.1097 94.9791 95.6844 96.2546 96.7145 9.13624 9.23624
W+1_RB4+_S07_Backward 95.173 95.968 96.6327 97.187 97.6482 9.22411 9.32411
W+1_RB4+_S07_Forward 94.4229 95.1591 95.7904 96.3303 96.7915 9.15704 9.25704
W+2_RB4+_S07_Backward 91.8015 92.4436 93.0025 93.4882 93.9096 9.37392 9.47392
W+2_RB4+_S07_Forward 98.5273 99.9786 100.001 100.001 100.001 9.27207 9.37207
W-2_RB4+_S08_Backward 87.9977 88.6544 89.2188 89.703 90.1175 9.29152 9.39152
W-2_RB4+_S08_Forward 90.3962 91.0043 91.5348 91.9968 92.3985 9.34873 9.44873
W-1_RB4+_S08_Backward 92.5346 93.4771 94.2419 94.8604 95.359 9.08289 9.18289
W-1_RB4+_S08_Forward 93.0441 93.7892 94.425 94.9664 95.4264 9.18554 9.28554
W+0_RB4+_S08_Backward 94.5063 95.2258 95.8364 96.3536 96.7909 9.34956 9.44956
W+0_RB4+_S08_Forward 94.1426 95.0542 95.7982 96.4034 96.8944 9.27397 9.37397
W+1_RB4+_S08_Backward 93.3789 94.2178 94.9114 95.4833 95.9536 9.29426 9.39426
W+1_RB4+_S08_Forward 94.3218 95.0447 95.6633 96.1916 96.642 9.35284 9.45284
W+2_RB4+_S08_Backward 83.668 84.4304 85.055 85.5652 85.9809 9.15509 9.25509
W+2_RB4+_S08_Forward 76.6634 77.2967 77.8256 78.266 78.632 9.13685 9.23685
W-2_RB4+_S10_Backward 90.9622 91.6698 92.2718 92.7828 93.2158 9.37656 9.47656
W-2_RB4+_S10_Forward 95.7204 96.2511 96.7275 97.1548 97.5375 9.49094 9.59094
W-1_RB4+_S10_Backward 93.2361 93.8769 94.4304 94.9078 95.3187 9.44623 9.54623
W-1_RB4+_S10_Forward 97.514 97.8409 98.1474 98.4348 98.7042 9.88559 9.98559
W+0_RB4+_S10_Backward 94.7992 95.4827 96.072 96.5792 97.0151 9.308 9.408
W+0_RB4+_S10_Forward 65.4431 65.8501 66.2099 66.5275 66.8077 9.4244 9.5244
W+1_RB4+_S10_Backward 94.0838 94.9059 95.5903 96.1585 96.6291 9.23444 9.33444
W+1_RB4+_S10_Forward 94.313 94.9527 95.5079 95.9891 96.4054 9.31521 9.41521
W+2_RB4+_S10_Backward 94.8497 95.5629 96.1721 96.6913 97.1331 9.3652 9.4652
W+2_RB4+_S10_Forward 94.5972 95.1973 95.7263 96.1919 96.6011 9.44232 9.54232
W-2_RB4+_S12_Backward 93.2629 94.0266 94.6637 95.1938 95.6338 9.31486 9.41486
W-2_RB4+_S12_Forward 95.5393 96.096 96.5899 97.0275 97.4149 9.38454 9.48454
W-1_RB4+_S12_Backward 94.4578 95.1649 95.7686 96.2829 96.7203 9.27036 9.37036
W-1_RB4+_S12_Forward 94.0442 94.8074 95.4546 96.0021 96.4643 9.18921 9.28921
W+0_RB4+_S12_Backward 94.6245 95.371 96.0072 96.5479 97.0068 9.28395 9.38395
W+0_RB4+_S12_Forward 94.7134 95.3547 95.9113 96.3935 96.8107 9.32311 9.42311
W+1_RB4+_S12_Backward 93.696 94.3882 94.9825 95.4918 95.9275 9.41936 9.51936
W+1_RB4+_S12_Forward 95.408 95.9944 96.5147 96.9757 97.3837 9.46445 9.56445
W+2_RB4+_S12_Backward 93.7277 94.3945 94.9725 95.4724 95.9043 9.29998 9.39998
W+2_RB4+_S12_Forward 95.5628 96.2289 96.8052 97.3027 97.7316 9.31119 9.41119
W-2_RB4+_S04_Backward 93.6081 94.4355 95.1252 95.6986 96.1741 9.19288 9.29288
W-2_RB4+_S04_Forward 94.3612 95.0267 95.6066 96.1108 96.5486 9.27025 9.37025
W-1_RB4+_S04_Backward 93.9123 94.7655 95.472 96.0553 96.5356 9.13032 9.23032
W-1_RB4+_S04_Forward 94.5037 95.3021 95.9642 96.5117 96.9634 9.18218 9.28218
W+0_RB4+_S04_Backward 93.6889 94.4501 95.0903 95.6272 96.0768 9.21587 9.31587
W+0_RB4+_S04_Forward 94.9067 95.5071 96.0362 96.5018 96.9109 9.38888 9.48888
W+1_RB4+_S04_Backward 94.14 94.8578 95.4717 95.9958 96.4422 9.24582 9.34582
W+1_RB4+_S04_Forward 93.338 93.9588 94.5028 94.9786 95.3942 9.52844 9.62844
W+2_RB4+_S04_Backward 94.9004 95.6079 96.2159 96.7374 97.1839 9.20123 9.30123
W+2_RB4+_S04_Forward 94.1591 94.7572 95.2819 95.7414 96.1433 9.37987 9.47987
W-2_RB4++_S04_Backward 94.4632 95.0292 95.5303 95.9734 96.3648 9.30428 9.40428
W-2_RB4++_S04_Forward 86.2106 86.9161 87.5148 88.0217 88.4499 9.21044 9.31044
W-1_RB4++_S04_Backward 94.8796 95.7624 96.4793 97.0595 97.5278 9.11794 9.21794
W-1_RB4++_S04_Forward 94.4306 95.1274 95.7256 96.2381 96.6765 9.25172 9.35172
W+0_RB4++_S04_Backward 94.8304 95.6688 96.3607 96.9301 97.3974 9.19673 9.29673
W+0_RB4++_S04_Forward 94.9228 95.5265 96.0587 96.5273 96.9392 9.31048 9.41048
W+2_RB4++_S04_Backward 90.5178 91.3123 91.9674 92.506 92.9477 9.20474 9.30474
W+2_RB4++_S04_Forward 94.2932 94.8913 95.4159 95.8753 96.2771 9.30461 9.40461
